03-28-2016,32.99,36.64,32.55,36.64,26680
03-29-2016,33.98,34.4,32.89,33.12,31452
03-30-2016,35.88,36.41,33.5515,34.11,14816
03-31-2016,35.02,35.75,35.02,35.44,29066
04-01-2016,35.36,35.99,33.82,34.09,23541
04-04-2016,35.99,36.13,35.25,35.4001,9579
04-05-2016,34.75,36.455,34.55,35.49,230484
04-06-2016,36.81,37.9,35.16,35.3999,13937
04-07-2016,35.26,37.77,33.93,36.41,111566
04-08-2016,35.7,38.06,35.52,36.28,28087
04-11-2016,35.8,37.4,35,35.94,10564
04-12-2016,35.75,36.3,35.4,35.97,54248
04-13-2016,35,36.3,34.7505,36.3,22748
04-14-2016,35,35.45,33.51,35.0001,14574
04-15-2016,34.85,35.77,33.51,35.3,17047
04-18-2016,34.96,35.29,34.19,34.6,9756
04-19-2016,35,35,34.1435,34.55,11896
04-20-2016,34.91,35,34.3,34.93,16289
04-21-2016,34.98,34.98,34.45,34.48,6766
04-22-2016,34.37,35.11,34.06,35.11,114634
04-25-2016,32.8,34.48,32.55,34.48,32954
04-26-2016,34.97,35.03,32.64,32.64,7607
04-27-2016,34.39,34.8,33.47,34.7,17379
04-28-2016,35.5,35.98,34.04,34.65,34829
04-29-2016,34.72,35.3895,34.51,35,7540
05-02-2016,34.1,34.95,33.77,34.5101,7656
05-03-2016,34.33,34.91,33.93,33.93,23498
05-04-2016,34.77,34.88,33.8,34.1799,10737
05-05-2016,33.03,34.95,32.56,34.95,16827
05-06-2016,30.8,32.58,30.13,32.56,27003
05-09-2016,33.88,33.98,30.85,30.85,14868
05-10-2016,35.25,35.96,31.93,33.74,36788
05-11-2016,33.33,35.21,32.46,35.21,62768
05-12-2016,30.55,33.4999,30,33.4999,315850
05-13-2016,28.22,30.9299,27.12,30.89,114425
05-16-2016,28.41,28.98,27.6,28.04,77626
05-17-2016,27.86,28.76,27.75,28.13,74518
05-18-2016,27.84,28.49,27.5,28.03,35565
05-19-2016,27.63,28.11,27.61,27.91,27271
05-20-2016,27.87,28.44,27.5083,28.15,19540
05-23-2016,28.68,28.97,28.14,28.19,48189
05-24-2016,29.29,29.6425,28.045,29.17,52642
05-25-2016,29.29,29.7,29.01,29.52,22238
05-26-2016,28.79,29.61,28.4935,29.61,46741
05-27-2016,28.99,29.4,28.5,29.29,48435
05-31-2016,29.87,30.51,28.9001,29.5,85180
06-01-2016,29.46,30.3876,28.811,29.8,73059
06-02-2016,30.41,31.8,29.53,30.54,85936
06-03-2016,30.49,30.93,29.61,30.93,50806
06-06-2016,30.9,30.96,30.1401,30.96,37495
06-07-2016,31.68,31.96,30.25,30.25,162909
06-08-2016,32.03,32.1,31.49,31.73,31267
06-09-2016,31.93,32.07,31.55,31.8,74207
06-10-2016,31.26,31.76,30.79,31.76,21398
06-13-2016,30.42,31.26,30.33,31.26,39930
06-14-2016,29.47,30.24,29.0101,30.15,55014
06-15-2016,29.5699,30.38,29.2,30,75816
06-16-2016,29,29.64,27.91,29.64,93601
06-17-2016,28.5,29.31,27.79,29.31,88604
06-20-2016,28.72,29.83,27.94,28.94,39007
06-21-2016,28.07,28.85,27.745,28.45,72445
06-22-2016,28.64,28.99,28.25,28.3,43623
06-23-2016,28.86,29.22,28.375,28.98,103507
06-24-2016,28.43,29.16,27.59,28.99,59930
06-27-2016,28.17,28.69,27.65,28.67,90381
06-28-2016,29.39,29.5,28.1,28.1,34414
06-29-2016,30.3,30.95,29.2101,29.4,45488
06-30-2016,30.235,30.32,29.51,30.02,19970
07-01-2016,30.65,30.89,29.69,30,35944
07-05-2016,31.2,31.47,30.7501,30.9,57903
07-06-2016,30.23,31,29.99,31,23948
07-07-2016,30.72,30.75,30.21,30.25,75948
07-08-2016,30.72,30.74,30.41,30.74,7681
07-11-2016,30.98,31,30.38,30.72,16825
07-12-2016,31.17,31.17,30.69,30.72,22470
07-13-2016,30.85,31,30.83,31,9920
07-14-2016,31,31,30.5001,31,215010
07-15-2016,30.71,30.88,30.54,30.88,14297
07-18-2016,30.5,30.86,30.5,30.7,40818
07-19-2016,30.51,30.69,30.5,30.5,9200
07-20-2016,30.59,30.65,30,30.5,24978
07-21-2016,30.69,30.69,30.32,30.32,16648
07-22-2016,30.51,30.69,30.3588,30.55,17997
07-25-2016,31.02,32.5867,30.62,30.63,162025
07-26-2016,30.82,31.55,30.78,31.3,68652
07-27-2016,30.98,31.05,30.75,30.85,68800
07-28-2016,31,31.02,30.84,30.84,124551
07-29-2016,31.29,31.39,30.92,31.05,42982
08-01-2016,31.59,31.98,31.12,31.46,64651
08-02-2016,31.34,31.79,31.293,31.77,26650
08-03-2016,32.1,32.98,31.36,31.42,77126
08-04-2016,31.75,32.94,31.4,32,72364
08-05-2016,31.14,32.25,30.9042,32.25,42418
08-08-2016,31.47,31.77,30.8,31.09,17935
08-09-2016,31.68,32.2,31.11,31.19,23444
08-10-2016,31.68,32,31.14,31.88,26033
08-11-2016,32.2,32.2,31.51,32,19946
08-12-2016,32.06,32.2,31.54,31.86,16662
08-15-2016,31.87,32.09,31.72,32.06,14908
08-16-2016,32.04,32.2,31.045,31.5699,17065
08-17-2016,32.01,32.16,31.78,31.81,20566
08-18-2016,32.35,32.35,31.78,31.78,7194
08-19-2016,32.72,32.84,32.08,32.25,20818
08-22-2016,32.72,32.82,32.25,32.56,17692
08-23-2016,33.22,33.5,32.39,32.6,43839
08-24-2016,34.4,35.998,33.5,33.58,180495
08-25-2016,33.05,34.52,33,34.27,167181
08-26-2016,33.26,34.06,32.321,33,43463
08-29-2016,34,34.38,32.9701,33.14,24245
08-30-2016,34.41,35.14,33.4029,34,37682
08-31-2016,34.685,34.9299,33.85,34.08,39478
09-01-2016,34.41,34.8,34,34.32,40396
09-02-2016,34.63,34.78,33.041,34.4,115987
09-06-2016,34.79,34.79,33.93,33.93,34410
09-07-2016,34.89,35.12,34.45,34.57,32374
09-08-2016,34.68,34.8,33.2401,34.5,43435
09-09-2016,34.78,34.78,33.757,34.75,32179
09-12-2016,34.61,34.74,34.24,34.24,27614
09-13-2016,34.21,34.76,34,34.76,57526
09-14-2016,34.3,34.5912,33.83,34.14,37610
09-15-2016,34.79,34.8,33.93,34,40640
09-16-2016,36.93,37.34,34.1,34.1,124992
09-19-2016,36.45,36.8,35.71,36.76,94193
09-20-2016,38.53,38.95,33.031,35.66,114745
09-21-2016,38.42,38.82,37.43,38.37,54702
09-22-2016,38.79,38.96,37.85,38.4,60095
09-23-2016,38.55,38.96,38.245,38.4,36079
09-26-2016,38.65,38.75,37.87,38.35,26588
09-27-2016,38.47,38.55,37.32,38.3,34857
09-28-2016,38.55,38.8,38.4,38.55,117630
09-29-2016,38.46,38.7699,38.24,38.32,102451
09-30-2016,38.08,38.4899,37.68,38.4,63342
10-03-2016,37.75,37.8425,37.5,37.8,30597
10-04-2016,37.55,37.91,37.25,37.4,31680
10-05-2016,38.96,38.98,36.51,36.99,174200
10-06-2016,38.65,39.6,37.25,39.6,2188942
10-07-2016,38.79,39.61,38,38.5,311749
10-10-2016,38.87,39.5,38.86,39.5,67957
10-11-2016,38.01,39.12,37.94,39.12,108894
10-12-2016,38.01,38.44,37.8,37.97,68475
10-13-2016,38.1,38.45,37.68,37.68,52087
10-14-2016,38.15,38.69,38.09,38.1,32330
10-17-2016,38.03,38.97,37.61,38,189722
10-18-2016,38.89,39.16,38.5,38.5,102291
10-19-2016,38.32,39.1399,38.1,38.66,46409
10-20-2016,38.37,38.37,37.6,38.11,29888
10-21-2016,38.39,38.56,37.7,38.56,52628
10-24-2016,38.64,38.71,38.08,38.35,68941
10-25-2016,38.31,38.62,37.93,38.53,447448
10-26-2016,38.66,38.75,38.02,38.08,34987
10-27-2016,38.02,38.49,37.405,38.26,51472
10-28-2016,36.31,37.8865,35.8983,37.78,44942
10-31-2016,36.4,36.5,35.48,36.11,70308
11-01-2016,36.98,37.425,36.12,36.12,83297
11-02-2016,36.29,36.99,35.28,36.98,52075
11-03-2016,35.47,36.09,34.34,36.09,50813
11-04-2016,35.39,36.01,34.81,34.81,52501
11-07-2016,35.83,36.46,35.41,35.69,118422
11-08-2016,36.35,36.88,35.8,35.94,72394
11-09-2016,36.92,37,34.7,35,106930
11-10-2016,37.08,37.7502,35.94,37,125356
11-11-2016,36.4,37.2,36.4,37.2,40364
11-14-2016,36.5,36.52,36.01,36.28,42400
11-15-2016,36.6,36.94,36.09,36.14,68308
11-16-2016,36.46,36.87,36.23,36.79,49538
11-17-2016,35.98,36.58,34.77,36.58,61471
11-18-2016,35.98,36,34.6325,36,10231
11-21-2016,35.82,36.09,35.69,35.7,51579
11-22-2016,35.16,35.59,34.735,35.57,31640
11-23-2016,35.035,35.84,29.21,32.29,101472
11-25-2016,33.91,35.87,33.855,35,115995
11-28-2016,30.4,33.85,29.01,33.85,267238
11-29-2016,29.37,30.89,28.1414,29.06,217631
11-30-2016,29.25,29.87,28.95,29.25,100649
12-01-2016,29.47,29.79,29.178,29.25,122651
12-02-2016,29.64,30.1488,29.35,29.45,100155
12-05-2016,29.5,30.21,29.4,29.6,100519
12-06-2016,29.56,29.86,29.51,29.63,66641
12-07-2016,30.15,30.66,30,30,120812
12-08-2016,30.04,30.64,29.6901,30.33,62898
12-09-2016,30.14,30.95,29.8901,30.28,68737
12-12-2016,29.46,30.14,29.27,30.14,89033
12-13-2016,27.5,29.26,27.07,29.18,204668
12-14-2016,28.03,29,27.3,27.7,179892
12-15-2016,27.8,28.6,27.5,28.2,63278
12-16-2016,27.59,28.1552,27.28,27.9,43661
12-19-2016,26.27,27.82,26.25,27.6,54832
12-20-2016,26.21,26.935,25.3901,26.34,107671
12-21-2016,24.68,25.5375,23.98,25.11,189864
12-22-2016,23.71,24.92,23.5,24.12,376131
12-23-2016,24.07,24.39,23.51,23.79,148254
12-27-2016,26.29,27.675,23.77,23.77,372468
12-28-2016,26.3,26.9799,26.0427,26.8,97302
12-29-2016,26.52,26.9697,26.17,26.25,54466
12-30-2016,26.76,26.92,26.6,26.73,42722
01-03-2017,27.16,27.81,26.6,27.06,64773
01-04-2017,27.25,27.9099,26.93,27.34,73246
01-05-2017,27.37,27.68,26.8,27.04,64952
01-06-2017,27.51,27.62,27.01,27.54,113268
01-09-2017,28.03,28.13,27.14,27.14,49941
01-10-2017,28.35,28.5,27.89,28.01,24859
01-11-2017,28.84,29.03,28.17,28.4,51870
01-12-2017,29.01,29.5,28.28,29.19,150604
01-13-2017,29.125,29.57,29.01,29.26,47861
01-17-2017,28.37,29.45,28.315,29.29,34578
01-18-2017,28.41,29.08,28.03,29.08,67564
01-19-2017,28.47,28.66,27.9,28.39,36472
01-20-2017,28.61,29.07,28,28.28,102488
01-23-2017,28.91,28.95,28.09,28.65,66091
01-24-2017,29.2,29.27,28.71,28.8,30436
01-25-2017,30.66,30.78,29.48,29.51,132560
01-26-2017,30.69,31.16,30.37,30.51,68373
01-27-2017,31.5,31.7,30.67,30.92,54264
01-30-2017,31.49,31.69,30.95,31.69,70797
01-31-2017,32.37,32.55,31.03,31.5,74900
02-01-2017,32.94,33.33,32.55,32.62,85407
02-02-2017,33.76,33.96,33,33,67931
02-03-2017,34.25,34.56,33.8,33.8,177402
02-06-2017,34.9,35.12,34.2,34.4,215153
02-07-2017,34.89,35.16,34.3,34.3,205774
02-08-2017,34.99,35,34.6,34.63,87500
02-09-2017,35.25,35.5,34.935,35,321641
02-10-2017,37.16,37.5999,35.16,35.45,377748
02-13-2017,36.69,37.34,36.28,37.1,192672
02-14-2017,35.6,36.625,35.5001,36.41,141212
02-15-2017,35.71,36.12,35.25,35.6,81706
02-16-2017,35.9,36.16,35.62,35.8,208049
02-17-2017,36.14,36.23,35.59,35.91,147440
02-21-2017,36.85,37.14,35.83,35.83,289950
02-22-2017,36.92,37.02,36.57,36.99,92516
02-23-2017,36.98,37.13,36.38,36.92,219109
02-24-2017,36.96,36.99,35.6501,35.98,171161
02-27-2017,37.26,37.45,36.76,37,240268
02-28-2017,37.94,38.87,37.05,37.25,155209
03-01-2017,37.85,38.3299,37.67,38,121051
03-02-2017,37.52,38.27,36.5,37.85,63555
03-03-2017,38.43,38.655,37.4601,37.64,59698
03-06-2017,38.14,38.23,37.46,38.14,98081
03-07-2017,38.11,38.3,37.69,38.18,63494
03-08-2017,38.31,38.5,37.96,38.01,62302
03-09-2017,38.09,38.7,37.8,38,103509
03-10-2017,37.95,38.35,37.555,38.35,70804
03-13-2017,37.42,37.8,36.865,37.66,111687
03-14-2017,36.62,37.53,36.09,37.38,36585
03-15-2017,36.75,37.35,35.5301,36.72,71277
03-16-2017,36.48,36.94,36.38,36.8,96335
03-17-2017,37.11,37.21,36.6175,36.67,64957
03-20-2017,37.25,37.49,36.85,37.24,65971
03-21-2017,36.99,37.6,36.95,37.04,84039
03-22-2017,37.3,38.01,36.89,36.99,50153
03-23-2017,39.58,39.96,35.5,35.5,213075
03-24-2017,38.98,39.92,38.86,39.5,125600
