03-28-2016,23.81,25.49,23.55,24.48,13996200
03-30-2016,26.01,28.85,25.33,28.57,18275679
03-31-2016,27.96,28.5,25.53,25.97,8418551
04-01-2016,28.66,29.03,27.46,27.87,5871819
04-04-2016,30.06,31.79,29.01,29.55,7350804
04-05-2016,29.9,31.27,29.54,29.95,3185697
04-06-2016,32.86,32.89,30.043,30.39,4879468
04-07-2016,32.26,34.06,31.8,32.7,3903719
04-08-2016,31.78,33.1,31.29,32.9,2356549
04-11-2016,31.11,32.3999,30.9,32.18,2359006
04-12-2016,32.24,32.34,30.43,31.07,2791181
04-13-2016,33.22,33.31,31.82,32.56,2736267
04-14-2016,33.79,35.14,33.24,33.34,3745890
04-15-2016,33.52,33.97,32.92,33.68,3694607
04-18-2016,33.47,33.86,32.85,33.42,2281125
04-19-2016,33.66,34.43,33.1501,33.5,2350650
04-20-2016,33.35,34.28,32.95,33.7,1879591
04-21-2016,33.69,34.22,33,33.35,2264444
04-22-2016,34.02,34.19,32.35,33.6,2329224
04-25-2016,34.18,35.18,33.75,33.94,1960694
04-26-2016,32.62,34.5,31.77,34.17,2892574
04-27-2016,32.63,33.05,31,32.18,2619552
04-28-2016,32.4,33.5699,32.08,32.48,2080402
04-29-2016,32.3,33.15,31.74,33.04,2095715
05-02-2016,33,34.25,30.58,34.16,8111856
05-03-2016,30,32.206,29.75,31.81,4287661
05-04-2016,27.53,29.65,27.19,29.03,4718227
05-05-2016,27.05,27.95,26.56,27.89,3501866
05-06-2016,27.65,28.5,26.5,28.03,2944941
05-09-2016,29.25,29.51,27.25,27.66,2838190
05-10-2016,29.81,29.94,28.46,29.56,2338519
05-11-2016,28.49,30.29,28.41,29.55,2102300
05-12-2016,27.81,28.82,27.17,28.7,1907140
05-13-2016,28.11,28.8,27.63,27.63,1558541
05-16-2016,30.03,30.18,28.16,28.16,2486035
05-17-2016,31.71,32.72,29.9,29.93,4279709
05-18-2016,32.51,32.95,31.44,31.44,3178207
05-19-2016,32.84,33.48,32,32.27,2192323
05-20-2016,34.04,34.1336,32.88,32.98,3144958
05-23-2016,34.25,34.8,33.56,33.98,2113051
05-24-2016,34.9,35.43,34.26,34.53,2315930
05-25-2016,35.27,35.7,34.47,35.28,2674569
05-26-2016,34.9,35.22,34.35,35.05,1748680
05-27-2016,35.61,35.62,34.36,34.9,1524443
05-31-2016,35.43,36.4,35.225,36.21,2884602
06-01-2016,35.51,35.89,35.08,35.83,1694033
06-02-2016,36.81,36.88,35.4,35.4,2790695
06-03-2016,36.07,36.83,34.63,36.77,2902386
06-06-2016,40.68,40.73,36.48,36.94,5709473
06-07-2016,40.58,41.375,39.5,40.68,2633327
06-08-2016,41.55,42.29,40.5,40.8,2406858
06-09-2016,40.21,42.49,40.08,41.33,2769511
06-10-2016,39.6,39.67,38.2,39.49,2756789
06-13-2016,38.1,39.419,37.28,39.13,3119310
06-14-2016,39.21,39.4492,37.3031,37.84,2160508
06-15-2016,38.17,39.4899,38.13,39.3,2177838
06-16-2016,38.35,38.5125,37.15,37.9,1759857
06-17-2016,37.41,38.69,37.34,38.53,2931313
06-20-2016,37.4,38.402,37.26,38.28,1898173
06-21-2016,34.99,37.52,34.32,37.5,3554861
06-22-2016,33.5,35.26,32.79,33.89,3401575
06-23-2016,33.5,33.96,32.52,33.5,2610930
06-24-2016,31.43,32.9,30.09,30.88,9672341
06-27-2016,30.3,31.625,29.45,31.03,2788978
06-28-2016,31.66,31.87,30.6842,30.98,2193647
06-29-2016,32.38,32.72,31.61,32.04,1875542
06-30-2016,32.46,32.849,31.21,31.21,1652835
07-01-2016,34.25,34.38,32.28,32.32,1894450
07-05-2016,32.64,33.9,32.1986,33.9,2012460
07-06-2016,33.61,33.64,32.14,32.32,1408298
07-07-2016,33.51,34.34,32.9495,33.72,1122043
07-08-2016,34.62,34.84,33.05,33.59,1824984
07-11-2016,33.92,35.18,33.87,34.99,1395128
07-12-2016,34.68,35.06,34.29,34.37,1304153
07-13-2016,32.92,35.02,32.8,35.02,1632565
07-14-2016,32.62,33.3814,32.01,33.31,1241222
07-15-2016,33,33.239,32.36,32.72,1069394
07-18-2016,33.25,33.71,32.77,33,1321913
07-19-2016,32.74,33.29,32.6,33.16,908376
07-20-2016,34.65,35.65,33.13,33.18,3422264
07-21-2016,36.06,37.65,35.46,35.6,3170427
07-22-2016,36.55,37.06,35.65,36.35,1522494
07-25-2016,36.31,36.75,35.53,36.63,1493429
07-26-2016,36.79,37.05,35.58,36.13,1380422
07-27-2016,37.44,37.5894,36.72,36.92,1417519
07-28-2016,36.74,37.99,36.34,37.41,1345265
07-29-2016,37.04,37.2,35.91,36.62,1210818
08-01-2016,37.23,37.94,36.65,36.99,1500056
08-02-2016,36.59,37.1,35.32,37,1689569
08-03-2016,37.17,37.38,36,36.44,1402379
08-04-2016,36.48,38.08,36.3199,37.12,1969945
08-05-2016,36.49,37.11,34.56,35.55,2852132
08-08-2016,35.23,36.7,34.95,36.39,2221152
08-09-2016,33.335,34.45,32.5,33.7,4384693
08-10-2016,31.08,34.17,31,34.08,6762765
08-11-2016,31.87,32.31,31.01,31.3,1986035
08-12-2016,31.37,31.8,31.27,31.71,1127409
08-15-2016,32.82,33.23,31.7124,31.75,2311423
08-16-2016,32.37,33.42,32.3,32.82,1991559
08-17-2016,32.56,32.96,32.02,32.49,1299930
08-18-2016,33.27,33.55,32.27,32.64,1354710
08-19-2016,33.64,33.9,33.03,33.14,1349269
08-22-2016,34.32,34.85,33.91,34.32,2012873
08-23-2016,34.36,34.675,34.024,34.6,1242615
08-24-2016,32.46,35.34,32.33,34.36,2340766
08-25-2016,32.3,33.82,31.66,32.74,1905075
08-26-2016,32.86,33.27,32.17,32.37,1472133
08-29-2016,32.62,32.99,32.14,32.86,1485046
08-30-2016,32.54,33.18,32.16,32.7,1363615
08-31-2016,32.13,32.8171,31.85,32.45,1279121
09-01-2016,32.1,32.69,31.525,32.19,1367940
09-02-2016,31.59,32.4,31.02,32.2,1524711
09-06-2016,31.43,31.9182,30.96,31.79,1907691
09-07-2016,32,32,30.68,31.39,1981319
09-08-2016,33.09,33.42,31.55,31.77,1771623
09-09-2016,30.87,32.68,30.86,32.55,2094326
09-12-2016,32.47,32.57,30.5,30.56,1486847
09-13-2016,32.07,32.47,31.33,32,1186500
09-14-2016,33.41,34.34,31.81,31.81,2253859
09-15-2016,34.17,34.35,32.77,33.43,1358811
09-16-2016,34.15,34.35,33.53,33.73,2294788
09-19-2016,34.82,35.21,33.98,34.3,2147032
09-20-2016,35.98,36.59,34.61,35,3318872
09-21-2016,35.62,36.59,34.47,36.2,2824531
09-22-2016,34.98,36,34.55,35.81,2053664
09-23-2016,34.98,35.51,34.26,34.79,1492915
09-26-2016,34.3,34.93,33.86,34.18,1255456
09-27-2016,35.23,35.57,34,34.15,1325664
09-28-2016,33.68,35,33.25,34.95,3639346
09-29-2016,32.7,33.8897,31.9201,33.5,3313299
09-30-2016,31.81,32.77,31.25,32.71,2397545
10-03-2016,30.71,31.7,30.4,31.6,2747819
10-04-2016,29.1,30.93,28.4,30.69,5296392
10-05-2016,28.81,29.47,28.61,28.98,1959380
10-06-2016,27.39,28.71,27.36,28.51,3041633
10-07-2016,26.86,27.94,26.435,27.94,3663601
10-10-2016,27.21,27.42,26.89,27.03,1809888
10-11-2016,26.88,27.97,26.35,27.04,2796802
10-12-2016,25.78,27.11,25.37,26.79,2570272
10-13-2016,25.19,26.15,25.031,25.08,2443554
10-14-2016,23.67,25.79,23.58,25.51,3804714
10-17-2016,24.325,24.97,23.5,23.77,2744825
10-18-2016,24.33,25.14,24.03,24.72,2030141
10-19-2016,23.41,24.47,23.1801,24.18,2212503
10-20-2016,23.95,24.1,23.27,23.35,1956322
10-21-2016,25.34,25.88,23.53,23.87,6939782
10-24-2016,23.72,25.79,23.71,25.67,4180411
10-25-2016,23.61,24.27,23.32,23.62,1863668
10-26-2016,23.18,24.265,22.89,23.6,1963630
10-27-2016,22.56,23.75,22.42,23.4,2443708
10-28-2016,22.57,22.75,21.78,22.54,2002774
10-31-2016,23.31,23.3825,22.22,22.83,2154676
11-01-2016,22.93,23.5,22.24,23.36,2184116
11-02-2016,22,23.25,21.87,22.79,2022158
11-03-2016,20.87,22.32,20.68,22.18,2950279
11-04-2016,21.69,22.16,20.9,20.93,1625631
11-07-2016,22.99,23.189,21.925,22.33,3058114
11-08-2016,26.84,27.68,24.91,25.96,8594699
11-09-2016,28.87,29.2,27.37,28.09,5744686
11-10-2016,29.74,30.2299,28.7287,29.71,3977574
11-11-2016,28.81,29.93,28.33,29,2600494
11-14-2016,29.06,29.27,27.6,29,2294160
11-15-2016,28.47,28.88,27.75,28.88,1832104
11-16-2016,28.55,29.97,27.91,28.76,2134880
11-17-2016,29.1,29.39,28.31,28.72,1295598
11-18-2016,29.53,30,29.25,29.3,1996432
11-21-2016,28.63,29.81,28.15,29.6,2095228
11-22-2016,26.72,28.83,26.57,28.75,2475163
11-23-2016,28.22,28.28,25.55,25.97,1837607
11-25-2016,28.04,28.4,27.14,28.31,777826
11-28-2016,27.33,28,27.2,27.92,1236144
11-29-2016,27.65,28.13,27.03,27.41,1165473
11-30-2016,26.99,28.27,26.97,27.74,1506923
12-01-2016,26.48,27.48,26.46,27.09,1905599
12-02-2016,27.15,27.66,26.0801,26.63,1508255
12-05-2016,27.79,28.78,27.3338,27.68,1924798
12-06-2016,28.25,28.34,27.17,27.77,1088145
12-07-2016,27.08,27.8477,26.27,27.61,1997856
12-08-2016,27.24,27.47,26.47,26.88,1439531
12-09-2016,26.76,27.84,26.61,27.22,1410533
12-12-2016,25.28,26.8,25.045,26.6,2067006
12-13-2016,24.87,25.64,24.713,25.3,1519790
12-14-2016,24.94,25.23,24.31,24.79,1620197
12-15-2016,26.01,26.07,24.82,24.96,1897836
12-16-2016,25.98,26.51,25.65,25.72,2090091
12-19-2016,25.43,26.46,25.3,26.15,1144990
12-20-2016,28.57,30.14,27.26,29.26,18514987
12-21-2016,27.46,28.95,27.42,28.46,3973352
12-22-2016,27.67,28.4,27.09,27.44,2036922
12-23-2016,29.75,29.98,27.51,27.63,3469012
12-27-2016,28.95,30.98,28.89,30.41,2859993
12-28-2016,28.52,29.29,28.42,28.88,1321818
12-29-2016,28.79,29.76,28.4,28.47,1659074
12-30-2016,28.84,29.66,28.54,28.92,1440668
01-03-2017,28.77,29.54,28.53,29.13,1369609
01-04-2017,31.94,32.93,28.69,28.91,7018199
01-05-2017,31.68,32.39,30.88,32.1,2622239
01-06-2017,32.64,32.93,31.7,31.7,2185281
01-09-2017,32.69,33.3294,32.35,32.98,1995888
01-10-2017,31.47,32.79,31.17,32.56,2521162
01-11-2017,29.87,31.68,29.3756,31.45,3353098
01-12-2017,31.78,32.05,29.1355,29.56,3172585
01-13-2017,31.77,32.35,31.1,31.8,1919707
01-17-2017,31.35,31.65,30.0467,31.35,1969410
01-18-2017,32.31,32.4,31.26,31.38,1590828
01-19-2017,31.43,32.3,31.31,32.21,1243917
01-20-2017,31.02,31.65,30.93,31.46,1288562
01-23-2017,30.37,31.04,29.8756,31.02,1319841
01-24-2017,30.14,30.23,29.12,30.18,1588679
01-25-2017,31.13,31.3,30.14,30.14,1820901
01-26-2017,31.37,32.1,31.085,31.28,1609215
01-27-2017,31.93,31.97,31,31.39,1318943
01-30-2017,32.6,32.67,31.43,31.46,1749557
01-31-2017,34.59,34.8546,31.82,32.37,3356271
02-01-2017,34.49,35.38,34.06,34.65,2724386
02-02-2017,35.23,35.35,34.16,34.57,1535706
02-03-2017,36.61,38.25,34.9,35.55,7113624
02-06-2017,37.85,37.95,35.8228,36.32,3107947
02-07-2017,38.19,38.67,37.6497,37.97,2822763
02-08-2017,38.54,38.72,37.37,37.89,2361349
02-09-2017,37.95,39.04,37.86,38.84,1689620
02-10-2017,37.09,38.19,37.06,37.95,1894639
02-13-2017,37.24,37.92,36.98,37.09,1929062
02-14-2017,39.69,39.75,36.2702,36.96,4859002
02-15-2017,39.47,39.65,38.59,39.58,2244266
02-16-2017,39.22,40.49,38.7,39.4,2146104
02-17-2017,39.28,39.32,38.56,39.03,1674691
02-21-2017,39.2,40.02,38.6814,39.54,1842615
02-22-2017,39.14,39.63,38.79,39,1219036
02-23-2017,39.56,40.83,38.86,39.26,2318375
02-24-2017,38.88,39.426,38.16,39.08,1966734
02-27-2017,39.85,40.09,38.75,38.78,2264477
02-28-2017,38.11,40.0674,38.02,40,3132842
03-01-2017,36.63,38.66,36.2,38.1,4265838
03-02-2017,35.8,37.92,35.69,36.82,4364371
03-03-2017,36.89,37.12,35.52,35.69,2202517
03-06-2017,36.79,37.19,36.24,36.89,2334912
03-07-2017,36.21,37,35.99,36.21,1225491
03-08-2017,36.54,37.07,36.055,36.21,1627536
03-09-2017,36.47,36.99,35.96,36.53,915560
03-10-2017,36.83,36.8399,36.17,36.54,1327144
03-13-2017,37.47,37.575,36.64,36.83,1578701
03-14-2017,37.53,37.65,36.68,37.4,1145930
03-15-2017,38.2,38.32,37.53,37.68,1119536
03-16-2017,37.5,38.36,37.31,38.36,988142
03-17-2017,37.13,37.75,36.95,37.33,1677182
03-20-2017,37.19,37.6,36.51,37.11,1262051
03-21-2017,35.01,37.34,34.93,37.34,1948875
03-22-2017,34.93,35.15,34.15,34.92,1388196
03-23-2017,34.45,35.07,34.42,34.96,960079
03-24-2017,34.83,35,34.19,34.58,1209729
