03-28-2016,7.29,7.46,7.23,7.4,851272
03-29-2016,7.56,7.67,7.195,7.25,1440778
03-30-2016,7.52,7.77,7.42,7.58,1727280
03-31-2016,7.72,7.92,7.51,7.51,1815802
04-01-2016,7.92,8.03,7.55,7.7,1877187
04-04-2016,7.85,8.145,7.83,7.99,1781458
04-05-2016,7.89,8.0292,7.69,7.82,1003908
04-06-2016,8.19,8.19,7.86,7.9,1999109
04-07-2016,8.05,8.28,7.95,8.1,1565483
04-08-2016,8.05,8.18,7.83,8.18,960804
04-11-2016,7.88,8.25,7.88,8.09,983415
04-12-2016,8.12,8.15,7.86,7.9,1268415
04-13-2016,8.36,8.37,8.16,8.22,966291
04-14-2016,8.52,8.56,8.18,8.33,1054783
04-15-2016,8.6,8.67,8.395,8.49,1216580
04-18-2016,8.65,8.75,8.48,8.59,1085399
04-19-2016,8.45,8.68,8.38,8.65,956972
04-20-2016,8.425,8.6,8.29,8.54,1316265
04-21-2016,9.03,9.21,8.403,8.45,1837662
04-22-2016,9.1,9.26,8.8407,9.1,2030831
04-25-2016,9.14,9.35,9.04,9.1,1107195
04-26-2016,8.88,9.15,8.82,9.15,863953
04-27-2016,8.87,9.05,8.75,8.84,1085856
04-28-2016,8.8,9.125,8.73,8.88,1163143
04-29-2016,8.55,8.88,8.55,8.73,1305233
05-02-2016,8.82,8.84,8.36,8.57,1358350
05-03-2016,8.25,8.76,8.12,8.65,2234500
05-04-2016,8.02,8.325,7.99,8.14,1595359
05-05-2016,7.93,8.19,7.77,8.1,1319193
05-06-2016,7.92,8.01,7.65,7.84,1542465
05-09-2016,8.31,8.44,7.9,7.9,1689521
05-10-2016,8.31,8.49,8.05,8.33,1002638
05-11-2016,7.97,8.43,7.96,8.28,1027821
05-12-2016,7.91,8.18,7.7,8.02,1411350
05-13-2016,8.14,8.17,7.88,7.91,1120443
05-16-2016,8.24,8.36,8.07,8.19,1293541
05-17-2016,8.01,8.3,7.96,8.19,1294935
05-18-2016,8.16,8.29,7.99,8,1251095
05-19-2016,8.15,8.35,7.97,8.12,1143814
05-20-2016,8.42,8.55,8.143,8.2,1411010
05-23-2016,8.49,8.68,8.38,8.43,850579
05-24-2016,8.89,8.9,8.45,8.57,1315817
05-25-2016,9.05,9.15,8.9,8.94,1318943
05-26-2016,9.05,9.15,8.87,9.04,1116419
05-27-2016,9.1,9.16,8.96,9.06,912630
05-31-2016,9.35,9.44,9.1602,9.17,1409709
06-01-2016,9.42,9.55,9.23,9.31,1332474
06-02-2016,9.83,9.85,9.34,9.42,1603189
06-03-2016,9.64,9.85,9.445,9.84,1762289
06-06-2016,9.86,9.87,9.44,9.66,1438520
06-07-2016,9.51,9.87,9.51,9.87,1131213
06-08-2016,9.61,9.65,9.35,9.52,1211510
06-09-2016,9.73,10.06,9.47,9.51,2199132
06-10-2016,9.55,9.95,9.52,9.95,2053746
06-13-2016,9.11,9.63,9.08,9.51,1820627
06-14-2016,9.18,9.3,9.01,9.11,1278960
06-15-2016,9.02,9.42,9.01,9.24,2212429
06-16-2016,9.1,9.13,8.83,8.97,971930
06-17-2016,8.52,9.17,8.5,9.1,3384723
06-20-2016,8.63,8.79,8.6001,8.69,1203314
06-21-2016,8.42,8.67,8.35,8.67,1014042
06-22-2016,8.4,8.69,8.31,8.41,1027436
06-23-2016,8.71,8.76,8.38,8.54,1207857
06-24-2016,8.06,8.44,8.04,8.1,1628047
06-27-2016,7.48,8.0339,7.48,7.85,2413891
06-28-2016,7.78,7.92,7.66,7.66,1716741
06-29-2016,7.84,7.91,7.6478,7.91,1434199
06-30-2016,7.8,7.94,7.72,7.88,966829
07-01-2016,8.03,8.13,7.78,7.82,981957
07-05-2016,7.87,8.04,7.81,7.9,790960
07-06-2016,8.17,8.26,7.81,7.81,900862
07-07-2016,8.88,8.89,8.4975,8.66,1956037
07-08-2016,9.14,9.2,8.8267,8.84,1593567
07-11-2016,9.21,9.32,9.19,9.23,1566092
07-12-2016,9.24,9.36,9.125,9.3,1348202
07-13-2016,8.93,9.33,8.925,9.33,1400199
07-14-2016,8.64,8.75,8.405,8.54,2453128
07-15-2016,8.76,8.85,8.62,8.7,1538587
07-18-2016,8.79,8.88,8.7,8.8,990131
07-19-2016,8.49,8.9,8.48,8.68,1315016
07-20-2016,8.68,8.75,8.49,8.57,916150
07-21-2016,8.77,8.9,8.67,8.72,1148924
07-22-2016,8.6,8.84,8.555,8.76,926612
07-25-2016,8.42,8.59,8.33,8.58,857101
07-26-2016,8.39,8.55,8.37,8.41,852125
07-27-2016,8.4,8.5,8.35,8.4,1426698
07-28-2016,8.27,8.4,8.145,8.35,1630280
07-29-2016,8.28,8.37,8.1405,8.18,1419716
08-01-2016,8.43,8.46,8.255,8.3,1369212
08-02-2016,8.67,8.71,8.32,8.43,1978812
08-03-2016,8.72,8.8,8.53,8.63,767380
08-04-2016,8.55,8.81,8.54,8.67,612361
08-05-2016,9.12,9.14,8.58,8.58,1312001
08-08-2016,8.99,9.21,8.97,9.12,805626
08-09-2016,9.04,9.1,8.95,9.01,732650
08-10-2016,8.8,9.07,8.75,9.06,594972
08-11-2016,8.85,9.04,8.75,8.84,800631
08-12-2016,8.74,8.87,8.625,8.86,1098139
08-15-2016,8.86,8.945,8.77,8.8,781068
08-16-2016,8.82,8.91,8.74,8.81,1105560
08-17-2016,8.65,8.8,8.62,8.8,597997
08-18-2016,8.77,8.8,8.57,8.62,508068
08-19-2016,8.85,8.95,8.75,8.75,910304
08-22-2016,9.29,9.3,8.8,8.88,1691905
08-23-2016,9.22,9.43,9.15,9.38,980968
08-24-2016,8.6,9.495,8.6,9.17,2584814
08-25-2016,8.6,8.96,8.38,8.61,1527058
08-26-2016,8.54,8.73,8.41,8.59,1050599
08-29-2016,8.4,8.655,8.35,8.56,983592
08-30-2016,8.36,8.53,8.34,8.37,918481
08-31-2016,8.26,8.43,8.2,8.32,1384861
09-01-2016,8.23,8.33,8.1042,8.26,928170
09-02-2016,8.12,8.31,8.09,8.28,758927
09-06-2016,8.36,8.4,8.09,8.18,1680671
09-07-2016,8.46,8.49,8.34,8.38,765891
09-08-2016,8.57,8.61,8.33,8.44,819611
09-09-2016,8.05,8.73,8.05,8.66,2574331
09-12-2016,7.93,8.1,7.88,8.01,1880692
09-13-2016,7.63,7.98,7.36,7.82,2201500
09-14-2016,7.7,7.9,7.58,7.65,1138913
09-15-2016,8.06,8.32,7.88,8,4344332
09-16-2016,8.07,8.2,7.97,8.01,2314677
09-19-2016,7.81,8.15,7.8,8.15,2115755
09-20-2016,7.96,8,7.8,7.9,2433592
09-21-2016,8.1,8.12,7.84,8,1975613
09-22-2016,8.44,8.52,8.07,8.16,2048206
09-23-2016,8.69,9.19,8.54,8.71,4856974
09-26-2016,8.34,8.86,8.3,8.86,2068465
09-27-2016,8.25,8.47,8.18,8.32,1584960
09-28-2016,8.29,8.33,8.04,8.26,1457683
09-29-2016,7.93,8.27,7.91,8.24,1651760
09-30-2016,8.1,8.145,7.89,7.98,1095631
10-03-2016,8.04,8.09,7.875,8.06,1167258
10-04-2016,7.91,8.09,7.86,8.05,852752
10-05-2016,8.08,8.25,7.94,7.96,1307508
10-06-2016,7.87,8.08,7.86,7.99,1212984
10-07-2016,7.79,7.925,7.66,7.89,1037707
10-10-2016,7.96,7.975,7.86,7.89,1001299
10-11-2016,7.53,7.95,7.43,7.9,1698278
10-12-2016,7.14,7.6,7.11,7.54,1426057
10-13-2016,7.14,7.285,7,7,1476511
10-14-2016,7,7.34,6.97,7.22,995920
10-17-2016,6.99,7.04,6.84,6.95,1132483
10-18-2016,7.04,7.22,6.98,7.11,1065731
10-19-2016,6.89,7.18,6.85,7.03,827287
10-20-2016,7.01,7.03,6.86,6.87,1218987
10-21-2016,6.98,7.07,6.925,7.01,962848
10-24-2016,6.84,7.1,6.83,7.02,914089
10-25-2016,6.72,6.84,6.68,6.84,960227
10-26-2016,6.7,6.87,6.625,6.68,821888
10-27-2016,6.53,6.8,6.53,6.76,837289
10-28-2016,6.47,6.56,6.33,6.49,967860
10-31-2016,6.28,6.48,6.28,6.48,936411
11-01-2016,6.2,6.36,6.07,6.35,1683125
11-02-2016,6.04,6.2,6.01,6.16,1674423
11-03-2016,4.32,6.01,3.78,5.99,15668196
11-04-2016,4.36,4.77,4.33,4.44,5658708
11-07-2016,4.46,4.61,4.4,4.4,3441686
11-08-2016,4.34,4.44,4.22,4.4,2202938
11-09-2016,4.52,4.73,4.35,4.54,3957704
11-10-2016,4.76,4.87,4.6,4.65,3265261
11-11-2016,4.67,4.83,4.57,4.76,2178693
11-14-2016,4.74,4.78,4.6,4.72,3632011
11-15-2016,4.68,4.82,4.63,4.72,2249719
11-16-2016,4.55,4.73,4.54,4.64,2133752
11-17-2016,4.61,4.68,4.54,4.55,3338589
11-18-2016,4.47,4.64,4.4,4.62,1854324
11-21-2016,4.42,4.51,4.39,4.48,2882184
11-22-2016,4.21,4.47,4.12,4.42,2961694
11-23-2016,4.55,4.62,4.1,4.15,4983619
11-25-2016,4.43,4.67,4.42,4.56,1488002
11-28-2016,4.15,4.54,4.12,4.51,2780540
11-29-2016,4.19,4.26,4.125,4.18,2576312
11-30-2016,4.14,4.24,4.095,4.2,1508845
12-01-2016,3.97,4.19,3.96,4.17,1980699
12-02-2016,4.06,4.12,3.91,3.97,948503
12-05-2016,4.2,4.23,4.09,4.11,1614185
12-06-2016,4.37,4.4,4.19,4.31,2038732
12-07-2016,4.11,4.31,4.02,4.24,2559788
12-08-2016,4.23,4.24,4.05,4.19,2172389
12-09-2016,4.34,4.45,4.23,4.23,1405283
12-12-2016,4.2,4.34,4.135,4.32,1421434
12-13-2016,4.13,4.2557,4.085,4.23,2357204
12-14-2016,4.03,4.14,3.95,4.1,2361468
12-15-2016,4.105,4.14,4.02,4.05,1068743
12-16-2016,4.18,4.26,4.11,4.12,3480076
12-19-2016,4.1,4.26,4.08,4.21,1296804
12-20-2016,4.17,4.19,4.095,4.12,1295833
12-21-2016,4.13,4.21,4.04,4.17,1128546
12-22-2016,3.99,4.14,3.94,4.1,1456542
12-23-2016,4.38,4.4,4,4.01,2534601
12-27-2016,4.18,4.5,4.18,4.39,1188181
12-28-2016,4.07,4.4,4.05,4.38,1489080
12-29-2016,4.1,4.18,4.0607,4.1,1746200
12-30-2016,4.13,4.16,4.07,4.1,1418134
01-03-2017,4.11,4.18,4.01,4.15,1655436
01-04-2017,4.31,4.315,4.095,4.12,1981374
01-05-2017,4.38,4.39,4.23,4.3,1120279
01-06-2017,4.45,4.48,4.32,4.36,923389
01-09-2017,4.47,4.6,4.33,4.56,1667264
01-10-2017,4.47,4.51,4.255,4.51,1395790
01-11-2017,4.19,4.45,4.05,4.43,2852952
01-12-2017,4.25,4.29,4.125,4.15,1588549
01-13-2017,4.2,4.34,4.15,4.26,1308239
01-17-2017,4.11,4.2,4.08,4.16,1643219
01-18-2017,4.15,4.16,4.08,4.14,1001449
01-19-2017,4.09,4.18,4.05,4.13,1239763
01-20-2017,4.06,4.11,4.02,4.09,714109
01-23-2017,4.07,4.14,4,4.06,1286282
01-24-2017,4.17,4.18,3.98,4.08,1788514
01-25-2017,4.17,4.24,4.15,4.22,1016992
01-26-2017,4.09,4.215,4.06,4.17,769084
01-27-2017,4.09,4.13,4.06,4.09,602496
01-30-2017,3.99,4.09,3.94,4.07,1188337
01-31-2017,4.17,4.18,3.935,4,1694600
02-01-2017,4.11,4.23,4.08,4.18,1114421
02-02-2017,4.21,4.44,4.16,4.25,3330420
02-03-2017,4.32,4.36,4.195,4.24,1775128
02-06-2017,4.43,4.45,4.3,4.31,888970
02-07-2017,4.38,4.51,4.37,4.43,1022523
02-08-2017,4.24,4.4,4.21,4.35,1163413
02-09-2017,4.31,4.38,4.2449,4.26,881544
02-10-2017,4.28,4.38,4.28,4.3,571829
02-13-2017,4.35,4.38,4.28,4.33,580840
02-14-2017,4.46,4.47,4.32,4.36,1006688
02-15-2017,4.71,4.72,4.4,4.45,1985332
02-16-2017,4.27,4.74,4.21,4.72,3369434
02-17-2017,4.27,4.36,4.17,4.27,1338970
02-21-2017,4.35,4.385,4.28,4.29,1756124
02-22-2017,4.2,4.39,4.2,4.36,1131501
02-23-2017,4.24,4.28,4.14,4.22,1144176
02-24-2017,3.86,4.15,3.75,4.05,3221917
02-27-2017,4.12,4.13,3.805,3.84,1906384
02-28-2017,4.01,4.12,3.94,4.11,1593816
03-01-2017,4.08,4.19,4.02,4.09,1997513
03-02-2017,3.99,4.17,3.965,4.06,1290727
03-03-2017,4.08,4.1,4.02,4.05,961002
03-06-2017,4.01,4.1,4,4.06,698585
03-07-2017,3.99,4.06,3.93,4.02,1204445
03-08-2017,4.1,4.17,4.0044,4.01,1466202
03-09-2017,4.11,4.16,4.03,4.11,669391
03-10-2017,4.14,4.17,4.05,4.13,757747
03-13-2017,4.05,4.15,4.0219,4.12,754680
03-14-2017,3.96,4.055,3.96,4.03,1197900
03-15-2017,4.07,4.07,3.93,3.96,1168648
03-16-2017,4.05,4.1,4.015,4.06,868847
03-17-2017,3.99,4.07,3.96,4.02,2575673
03-20-2017,4.01,4.07,3.945,3.97,1057939
03-21-2017,3.84,4.0463,3.81,4.02,1945899
03-22-2017,3.87,3.99,3.78,3.97,1456379
03-23-2017,3.79,3.9,3.77,3.87,1209116
03-24-2017,3.76,3.85,3.75,3.8,1104844
