03-28-2016,14.91,14.99,14.68,14.68,13855
03-29-2016,15.49,15.71,14.9,14.9,18927
03-30-2016,15.45,15.6,15.14,15.49,11021
03-31-2016,18.95,19.24,15.66,15.69,59720
04-01-2016,20.5,21.9799,18.74,19.38,88403
04-04-2016,20.5,21.46,20.07,20.45,34526
04-05-2016,19.69,20.49,19,19.93,55569
04-06-2016,20.84,21.5,18.75,19.74,40973
04-07-2016,20.69,21.27,20,20.75,31101
04-08-2016,20.16,21.405,19.82,21.11,21798
04-11-2016,19.98,20.62,19.46,20.23,26257
04-12-2016,19.61,20.52,19.5347,19.5347,29163
04-13-2016,20,20.625,19.67,19.67,27704
04-14-2016,20.1,20.39,19.75,20.06,36709
04-15-2016,20.06,20.39,19.86,20.02,28917
04-18-2016,19.91,20.34,19.71,19.86,20697
04-19-2016,20.4,20.56,19.31,19.89,45071
04-20-2016,19.81,20.97,18.82,20.03,17963
04-21-2016,19.69,19.8999,19.43,19.6695,30535
04-22-2016,19.66,19.99,19.35,19.58,34867
04-25-2016,19.68,20,19.45,19.77,23005
04-26-2016,21.78,22.04,19.57,19.67,39183
04-27-2016,20.48,21.92,20.11,21.92,30632
04-28-2016,19.76,20.4,18.9,20.27,48530
04-29-2016,18.48,19.89,18.26,19.89,29167
05-02-2016,20.41,20.51,18.51,18.78,27103
05-03-2016,20.63,21.49,18.6905,20.34,40552
05-04-2016,19.69,21,19.3,20.61,31205
05-05-2016,21.02,21.29,19.45,19.45,29392
05-06-2016,20.71,21.38,20.03,21.38,26760
05-09-2016,20.5,21.0185,20.03,20.72,27677
05-10-2016,19.98,21.05,19.16,20.4,34696
05-11-2016,17.97,19.73,17.97,19.73,19014
05-12-2016,16.93,18.51,16.86,18.04,13295
05-13-2016,19.06,21.41,17.1,17.1,149988
05-16-2016,19.19,20.97,18.66,19.33,84301
05-17-2016,19.18,21.3,19.06,19.925,78724
05-18-2016,19.92,20.6,19,19.09,39718
05-19-2016,19.79,20.6,18.47,19.59,36591
05-20-2016,20.35,20.55,19.4,19.93,33672
05-23-2016,19.21,21.06,18.915,20.3,79573
05-24-2016,19.8,19.91,18.95,19.35,33175
05-25-2016,20.49,20.995,19.47,19.47,48880
05-26-2016,19.7,20.4,19.31,20.38,18535
05-27-2016,20,20.88,19.25,19.55,65415
05-31-2016,19.98,20.74,19.05,19.8,156079
06-01-2016,20.24,20.92,19.88,20.42,79873
06-02-2016,20.94,21.35,20.28,20.58,62637
06-03-2016,20.21,21.4999,20.01,20.74,153970
06-06-2016,22.07,23.58,20.0622,21.15,216814
06-07-2016,21.91,22.69,21.62,21.9,122700
06-08-2016,21.64,22.36,21.29,22.36,54394
06-09-2016,21.57,21.9,21.19,21.41,89345
06-10-2016,21.97,23.19,21.565,21.61,216711
06-13-2016,20.44,23.24,20.34,21.97,79206
06-14-2016,19.39,20.97,18.975,20.7,86419
06-15-2016,19.2,20.97,19,19.15,78066
06-16-2016,19.47,19.56,18.92,18.92,52212
06-17-2016,18.93,19.54,18.11,19.54,245666
06-20-2016,19.13,19.42,18.28,18.93,77510
06-21-2016,17.83,19.25,17.297,19.25,65552
06-22-2016,18.07,18.33,17.21,17.8,76575
06-23-2016,18.21,18.7699,17.51,18.09,53467
06-24-2016,18.1,18.98,17.44,17.74,484460
06-27-2016,17.68,18.31,17.1,18.18,105659
06-28-2016,18.07,18.64,17.75,17.91,38193
06-29-2016,18.32,18.55,18.04,18.26,39301
06-30-2016,18.47,18.69,18.1,18.51,47580
07-01-2016,19.05,19.24,17.9,18.17,55636
07-05-2016,18.96,19.96,18.85,18.98,38551
07-06-2016,19.34,19.63,18.895,18.94,34463
07-07-2016,19.52,19.64,19.05,19.448,36290
07-08-2016,20.13,20.26,19.3101,19.6,55021
07-11-2016,20.13,20.44,19.84,20.33,27359
07-12-2016,20.11,20.4,19.6,20.04,82067
07-13-2016,19.85,20.43,19.66,20.37,55769
07-14-2016,20.16,20.32,19.6,20.32,33839
07-15-2016,20.3,20.64,20.23,20.36,60442
07-18-2016,20.22,20.44,19.92,20.44,63116
07-19-2016,20.2,20.8417,20.08,20.51,30890
07-20-2016,20.75,21.07,20.29,20.42,76288
07-21-2016,20.98,21.465,20.83,20.8301,120688
07-22-2016,20.91,21.32,20.75,21.15,22792
07-25-2016,19.72,20.82,19.61,20.82,56664
07-26-2016,20.25,20.54,19.72,19.85,38331
07-27-2016,20.35,20.9,20.06,20.54,61637
07-28-2016,20.21,20.74,19.97,20.64,46420
07-29-2016,19.7,20.59,19.7,20.35,92397
08-01-2016,19.76,20.07,19.57,19.81,57596
08-02-2016,18.9,20.28,18.68,19.81,43881
08-03-2016,18.88,19.3,18.61,19.3,44410
08-04-2016,18.87,19.2855,18.82,19.2855,26270
08-05-2016,18.93,19.25,18.82,19.01,23121
08-08-2016,18.76,19.1848,18.5,18.87,46729
08-09-2016,18.84,18.95,18.57,18.71,21263
08-10-2016,18.69,19.535,18.24,19.01,32283
08-11-2016,19.14,19.6099,18.24,18.4,39512
08-12-2016,19.27,19.47,18.74,19.47,22567
08-15-2016,19.83,20.06,19.3,19.51,28412
08-16-2016,20,20.11,19.5,19.81,31967
08-17-2016,20.17,20.46,19.73,20.01,31078
08-18-2016,20,20.61,19.54,20.61,137324
08-19-2016,20.14,20.59,19.61,20.02,34125
08-22-2016,20.8,21.289,19.75,20.15,42421
08-23-2016,21.24,21.39,20.51,20.84,67405
08-24-2016,20.82,21.87,20.61,21.36,35769
08-25-2016,20.23,21.29,19.78,20.66,32091
08-26-2016,21.34,21.5,19.9,20.6,92707
08-29-2016,22.22,22.49,21.49,21.59,111944
08-30-2016,21.19,22.6595,21.04,22.28,56975
08-31-2016,20.16,21.48,20,21.33,58441
09-01-2016,20.68,21.219,20.04,20.32,67018
09-02-2016,20.86,20.92,20.43,20.92,18888
09-06-2016,21.81,22.465,20.5,20.88,72467
09-07-2016,22.56,22.59,21.66,21.98,86261
09-08-2016,23.02,23.29,22.21,22.57,50570
09-09-2016,21.49,23,21.47,22.73,25485
09-12-2016,23.24,23.44,20.87,21,86877
09-13-2016,23.83,24.1,22.35,22.8,103031
09-14-2016,23.91,24.45,23.3301,23.8,92061
09-15-2016,24.15,24.5,23.76,24.04,501332
09-16-2016,24.5,25,24.29,24.44,395504
09-19-2016,23.8,25.29,23.695,25.04,85347
09-20-2016,24.38,24.74,23.85,24.27,61479
09-21-2016,24.5,24.79,24.27,24.46,207339
09-22-2016,25.03,25.075,24.4919,24.74,70572
09-23-2016,24.86,25.4,24.85,25.09,264880
09-26-2016,24.93,25.02,24.45,24.73,118414
09-27-2016,25.15,25.5,24.68,25.03,124156
09-28-2016,25.29,25.55,24.77,25.3,63567
09-29-2016,25.16,25.61,24.63,25.61,88241
09-30-2016,25.61,25.76,25.2,25.53,143687
10-03-2016,25.49,25.95,24.81,25.49,101476
10-04-2016,24.85,25.52,24.19,25.52,81646
10-05-2016,25.1,25.5,24.6,24.84,48760
10-06-2016,24.62,25.12,24.5,25,79149
10-07-2016,24.64,24.75,24.4,24.5,74418
10-10-2016,24.98,25.3,24.82,25.165,151306
10-11-2016,24.49,25.07,24.44,24.88,84689
10-12-2016,24.41,25.025,24.06,24.54,35421
10-13-2016,23.98,24.5396,23.96,24.17,49684
10-14-2016,22.63,24.17,22.61,24.17,46729
10-17-2016,22.25,22.72,22.1,22.26,37991
10-18-2016,22.7,22.8,21.945,22.45,68230
10-19-2016,22.19,22.84,22.025,22.62,20888
10-20-2016,22.12,22.4,21.67,22.31,116350
10-21-2016,22.29,22.68,21.78,22.11,120418
10-24-2016,22.29,22.8,22.2052,22.45,81134
10-25-2016,22.01,23.03,21.43,22.35,152933
10-26-2016,21.99,22.4399,21.43,21.83,54400
10-27-2016,21.45,22.41,21.3201,22.4,34661
10-28-2016,21.34,21.77,20.86,21.32,50339
10-31-2016,21.25,21.44,20.9,21.43,33696
11-01-2016,20.82,21.23,20.62,21.21,80016
11-02-2016,21.1,21.31,20.351,20.42,53441
11-03-2016,20.74,21.5,20.15,21.5,116869
11-04-2016,20.88,21.42,20.64,20.9,94628
11-07-2016,21.08,21.85,20.88,21.25,68683
11-08-2016,20.53,21.585,20.36,21.48,111515
11-09-2016,22.5,22.73,20.67,20.67,715294
11-10-2016,22.55,23.48,22.37,22.87,120447
11-11-2016,22.7,23.13,22.4,22.48,160588
11-14-2016,22.52,23.19,22.11,23.12,128758
11-15-2016,23.43,23.85,22.65,22.65,677976
11-16-2016,22.86,24.93,20.98,24.93,1776463
11-17-2016,23.82,23.96,20.2,20.2,571408
11-18-2016,25.98,26.15,24.1,24.4,2795357
11-21-2016,27.02,27.1425,24.5543,25.45,290996
11-22-2016,27.16,27.4,24.38,26.79,262656
11-23-2016,28.14,28.29,26.57,26.87,245677
11-25-2016,27.73,28.77,27.4005,28.05,271263
11-28-2016,28.04,28.31,27.27,27.91,230670
11-29-2016,30.14,30.44,28.5,29,664649
11-30-2016,29.95,30.33,29.12,30.33,301750
12-01-2016,29.01,30.63,28.36,29.78,452162
12-02-2016,29.47,29.98,28.35,29.04,184625
12-05-2016,30.15,30.24,28.943,29.81,122430
12-06-2016,30.55,30.76,29.62,30.1,141215
12-07-2016,29.8,30.28,29.0316,29.55,95905
12-08-2016,28.97,29.76,28.3,29.72,166657
12-09-2016,29.28,30.34,27.66,28.83,286537
12-12-2016,28.82,29.32,28.49,29.09,110319
12-13-2016,28.45,29.12,28.31,29.02,106889
12-14-2016,28.5,29.59,27.52,28.3,139722
12-15-2016,28.92,29.23,27.78,28.43,190472
12-16-2016,31.25,31.44,28.82,29.02,495642
12-19-2016,30.77,31.8,30.53,31.68,232551
12-20-2016,30.29,31.41,30.09,30.8,136408
12-21-2016,29.81,30.74,29.66,30.29,132716
12-22-2016,28.08,29.81,27.84,29.79,116147
12-23-2016,28.21,28.54,27.65,28.11,226710
12-27-2016,27.62,28.385,27.565,28.2,142611
12-28-2016,27.4,27.78,27.181,27.65,128559
12-29-2016,27.1,27.78,26.59,27.4,141951
12-30-2016,27.14,27.38,26.755,26.99,138043
01-03-2017,27.95,28.13,26.545,27.21,385003
01-04-2017,29.39,29.44,27.96,27.96,147106
01-05-2017,28.92,29.9,28.23,29.3,126279
01-06-2017,28.96,29.33,28.65,29.08,121962
01-09-2017,30.01,30.24,28.45,28.97,210115
01-10-2017,29.25,30.02,28.25,30.02,916361
01-11-2017,28.51,29.24,26.955,29.24,395521
01-12-2017,28.62,29.08,27.885,28.32,223752
01-13-2017,28.7,29.2846,28.39,28.75,170964
01-17-2017,28.09,28.96,27.81,28.6,146975
01-18-2017,28,28.5,26.7,28.07,198557
01-19-2017,27.75,28.3,27.53,28.14,101382
01-20-2017,27.19,27.88,26.86,27.68,329108
01-23-2017,26.43,27.72,25.93,27.2,195780
01-24-2017,27.16,27.243,25.89,26.58,447727
01-25-2017,27.3,27.74,26.82,27.08,102900
01-26-2017,27.04,27.62,26.23,27.31,65249
01-27-2017,26.93,27.3,26.54,26.9,64472
01-30-2017,26.11,26.92,25.91,26.62,131384
01-31-2017,26.53,26.72,25.53,26.01,234370
02-01-2017,26.35,26.92,25.89,26.52,287271
02-02-2017,25.59,26.35,25.4198,26.33,150961
02-03-2017,25.87,26.19,25.27,25.84,342476
02-06-2017,25.25,25.975,24.83,25.82,260580
02-07-2017,25.1,25.68,24.86,25.28,228595
02-08-2017,26.01,26.03,24.87,25,144844
02-09-2017,26.6,26.85,25.96,25.96,155287
02-10-2017,26.51,27.25,26.25,26.69,92680
02-13-2017,27.35,27.59,26.575,26.68,192205
02-14-2017,28.3,28.34,27.28,27.52,129949
02-15-2017,27.81,28.25,27.53,28.25,144822
02-16-2017,27.47,27.81,27.05,27.81,90746
02-17-2017,27.88,27.954,26.825,27.51,121548
02-21-2017,27.65,28.1241,26.74,28.04,142163
02-22-2017,27.19,27.69,26.995,27.52,82840
02-23-2017,29.52,29.78,26.89,27.41,622951
02-24-2017,30.8,31.38,28.4,29.26,334704
02-27-2017,32.08,32.3,29.92,30.7,314275
02-28-2017,31.23,31.97,30.72,31.97,585394
03-01-2017,31.24,31.36,30.4,31.1,539722
03-02-2017,30.81,31.87,30.44,31.1,312979
03-03-2017,32.13,32.18,30.43,30.73,215884
03-06-2017,32.65,32.73,31.3,32.13,174044
03-07-2017,32.14,32.95,31.82,32.47,132152
03-08-2017,31.89,33.25,31.8,32.26,127251
03-09-2017,31.44,32.38,30.85,31.9,116374
03-10-2017,31.14,31.89,30.43,31.67,197369
03-13-2017,31.13,31.57,30.07,31.19,93401
03-14-2017,30.48,31.14,29.89,31.09,90153
03-15-2017,30.65,31.72,28.71,29.75,372396
03-16-2017,29,30.81,28.7,30.81,301536
03-17-2017,28.98,30.06,28.81,29,210597
03-20-2017,28.88,28.98,28.1,28.98,387662
03-21-2017,28.72,29.11,27.36,28.87,489593
03-22-2017,29.61,29.65,28.5,28.66,381932
03-23-2017,30.23,30.26,29.01,29.31,189813
03-24-2017,30.53,30.74,29.84,30.28,240858
