03-28-2016,11.91,12.4,11.8143,12.22,215485
03-29-2016,12.42,12.53,11.1,12,440401
03-30-2016,12.12,13.19,11.9,12.62,406157
03-31-2016,12.81,13.04,12.07,12.07,407754
04-01-2016,13.32,13.46,12.34,12.72,473043
04-04-2016,14.24,14.51,13.19,13.49,507638
04-05-2016,13.36,14.09,13.31,13.97,294314
04-06-2016,14.75,15.03,13.45,13.45,543984
04-07-2016,14.39,15.0599,14.01,14.57,386788
04-08-2016,14.08,14.94,13.91,14.65,333277
04-11-2016,13.66,14.58,13.63,14.16,369344
04-12-2016,12.99,13.73,12.85,13.53,490178
04-13-2016,13.3,13.38,12.85,13.08,621655
04-14-2016,13.2,13.49,12.7,13.38,696456
04-15-2016,13.745,13.93,12.93,13.2,363305
04-18-2016,13.76,14.19,13.48,13.61,259236
04-19-2016,13.38,13.89,13.16,13.81,207703
04-20-2016,13.46,13.83,13.295,13.43,188070
04-21-2016,14.42,14.6,13.39,13.39,345676
04-22-2016,14.36,14.532,14.0301,14.49,453335
04-25-2016,15.63,16.23,14.18,14.28,789985
04-26-2016,14.76,15.81,14.7,15.7,488831
04-27-2016,13.66,14.83,13.34,14.71,512749
04-28-2016,13.63,14.07,13.34,13.69,396992
04-29-2016,12.95,13.86,12.62,13.53,331567
05-02-2016,13.27,13.29,12.6156,13.01,351503
05-03-2016,12.21,12.96,10.9,12.85,1511700
05-04-2016,11.86,12.44,11.55,12.04,369493
05-05-2016,12.03,12.34,11.52,11.95,421815
05-06-2016,11.63,12.05,11.29,11.89,254575
05-09-2016,12.33,12.45,11.59,11.74,413615
05-10-2016,11.56,12.48,11.41,12.16,340476
05-11-2016,10.74,11.7416,10.7,11.7,505758
05-12-2016,10.21,10.8999,9.88,10.83,357911
05-13-2016,10.69,10.94,10.165,10.24,257062
05-16-2016,8.91,9.3296,7.26,7.5,6271327
05-17-2016,9.55,10,8.63,8.63,1448548
05-18-2016,10.12,10.29,9.43,9.43,835862
05-19-2016,9.83,10.21,9.4,10.21,619405
05-20-2016,10.47,10.64,9.81,9.82,431712
05-23-2016,10.87,11.19,10.41,10.41,393265
05-24-2016,10.91,11.06,10.29,11.03,448190
05-25-2016,11,11.34,10.86,10.95,292159
05-26-2016,11.37,11.46,10.81,10.89,413249
05-27-2016,11.71,11.74,11.07,11.26,343309
05-31-2016,12.29,12.31,11.75,11.8,295068
06-01-2016,12.33,12.61,12.0701,12.18,365310
06-02-2016,12.27,12.48,12.05,12.23,874653
06-03-2016,11.73,12.365,11.3,12.21,303390
06-06-2016,12.49,12.57,11.55,11.82,242192
06-07-2016,12.24,12.55,12.05,12.42,351315
06-08-2016,12.66,12.8,12.13,12.27,286152
06-09-2016,12.42,12.88,12.36,12.56,325014
06-10-2016,11.99,12.49,11.86,12.22,304590
06-13-2016,11.82,12.425,11.7,11.87,206960
06-14-2016,11.76,12.31,11.55,11.84,243303
06-15-2016,11.95,12.23,11.78,11.87,445106
06-16-2016,11.68,11.93,11.48,11.79,494063
06-17-2016,11.27,11.84,11.22,11.63,407676
06-20-2016,11.48,11.8,11.2701,11.5,424093
06-21-2016,11,11.56,10.76,11.56,413347
06-22-2016,10.23,11.02,10.11,11.02,572092
06-23-2016,10.93,10.98,10.32,10.35,391303
06-24-2016,10.1,10.73,10.02,10.27,3652946
06-27-2016,9.88,10.09,9.54,10,602943
06-28-2016,10.62,10.66,10.09,10.09,460026
06-29-2016,10.98,11.14,10.55,10.82,386140
06-30-2016,11.31,11.31,10.62,11.08,551987
07-01-2016,12.24,12.48,11.23,11.23,422403
07-05-2016,11.91,12.15,11.5,11.61,422283
07-06-2016,12.29,12.4795,11.775,11.99,267059
07-07-2016,12.44,12.77,12.12,12.48,243477
07-08-2016,12.66,12.98,11.93,12.48,524518
07-11-2016,12.78,12.99,12.69,12.79,257646
07-12-2016,12.92,13.16,12.72,12.91,355501
07-13-2016,12.45,13.19,12.35,13.02,482349
07-14-2016,12.53,12.7,12.2871,12.62,209512
07-15-2016,13.2,13.25,12.5001,12.59,312271
07-18-2016,13.37,13.48,12.87,13.1,408896
07-19-2016,12.7,13.47,12.62,13.34,203039
07-20-2016,13.23,13.32,12.61,12.68,437322
07-21-2016,13.67,13.74,13.24,13.4,329392
07-22-2016,14,14.02,13.42,13.68,339331
07-25-2016,14.2,14.49,13.88,13.98,361003
07-26-2016,14.26,14.48,13.81,14.09,174506
07-27-2016,14.93,14.95,14.36,14.36,255464
07-28-2016,14.92,14.98,14.72,14.72,229575
07-29-2016,14.68,14.96,14.25,14.8,304125
08-01-2016,14.84,15.1,14.55,14.61,277665
08-02-2016,14.46,14.9,14.19,14.87,402101
08-03-2016,15.09,15.11,14.4,14.43,212440
08-04-2016,15.23,16.43,15.1,15.19,592194
08-05-2016,15.55,15.81,15.13,15.17,285538
08-08-2016,15.62,15.865,15.4,15.65,567427
08-09-2016,15.97,16.18,15.44,15.6,373070
08-10-2016,15.25,16.15,15.2,15.87,839688
08-11-2016,15.22,15.41,14.6,15.41,485125
08-12-2016,15.69,15.7,15.23,15.25,287876
08-15-2016,16.1,16.15,15.39,15.79,291218
08-16-2016,15.46,16.15,15.41,15.92,332595
08-17-2016,15.13,15.49,14.93,15.17,494744
08-18-2016,15.2,15.41,14.9,15.08,175267
08-19-2016,15.11,15.27,15.04,15.14,336458
08-22-2016,15.13,15.24,14.82,15.17,348541
08-23-2016,15.26,15.38,15.16,15.23,181907
08-24-2016,14.56,15.77,14.46,15.3,287954
08-25-2016,13.77,14.955,13.52,14.55,476041
08-26-2016,13.39,13.78,12.965,13.74,510724
08-29-2016,13.74,13.8,13.21,13.42,337013
08-30-2016,13.95,14.13,13.7235,13.75,279114
08-31-2016,14.09,14.22,13.7,13.96,357635
09-01-2016,14.22,14.5,13.77,14.08,341641
09-02-2016,14.49,14.5,13.976,14.28,539187
09-06-2016,15.48,15.73,14.59,14.59,1885867
09-07-2016,14.97,15.83,14.745,15.56,993081
09-08-2016,14.95,15.25,14.66,14.75,171012
09-09-2016,13.93,14.975,13.89,14.64,286640
09-12-2016,14.29,14.31,13.52,13.79,421945
09-13-2016,13.6,14.21,13.26,14.14,296233
09-14-2016,13.62,14.01,13.51,13.71,249081
09-15-2016,14.03,14.16,13.26,13.61,311220
09-16-2016,14.67,14.86,13.9,13.98,1034636
09-19-2016,14.47,14.97,14.22,14.73,517052
09-20-2016,14.535,14.76,14.265,14.7,353468
09-21-2016,14.68,14.91,14,14.66,311159
09-22-2016,14.79,14.8899,14.35,14.79,204825
09-23-2016,14.54,15.49,14.53,14.78,252738
09-26-2016,13.24,15.01,13.22,14.45,471785
09-27-2016,13.66,13.75,13.04,13.23,434591
09-28-2016,13.03,14.26,13.02,13.69,398301
09-29-2016,12.04,13.2086,12.01,13.04,486953
09-30-2016,12.43,12.48,11.57,12.08,415660
10-03-2016,12.8,12.9,12.41,12.46,517007
10-04-2016,13.12,13.18,12.65,12.73,221248
10-05-2016,13.64,13.74,13.05,13.13,357565
10-06-2016,12.77,13.46,12.59,13.46,206288
10-07-2016,12.73,13.11,12.49,12.84,168561
10-10-2016,13.3,13.46,12.92,12.93,214566
10-11-2016,12.82,13.2,12.66,13.07,213915
10-12-2016,12.13,12.99,12.06,12.77,186901
10-13-2016,11.94,12.27,11.79,12,223783
10-14-2016,11.6,12.22,11.59,12.13,249322
10-17-2016,11.44,11.64,11.17,11.58,301233
10-18-2016,11.73,11.99,11.51,11.66,168140
10-19-2016,11.33,12.02,11.11,11.73,219428
10-20-2016,12.09,12.17,11.21,11.32,241053
10-21-2016,12.25,12.33,11.95,11.98,148770
10-24-2016,11.7,11.725,10.9,11,722099
10-25-2016,11.9,12,11.65,11.75,226039
10-26-2016,12,12.4,11.75,11.8,435773
10-27-2016,11.2,12.25,11,12.25,1354225
10-28-2016,11,11.25,10.775,11,345705
10-31-2016,10.75,11.05,10.55,11,319932
11-01-2016,11.1,11.15,10.6,10.85,1270575
11-02-2016,10.8,11.1,10.6,11.1,281807
11-03-2016,9.95,10.7,9.7,10.25,617190
11-04-2016,11.05,11.05,9.9,9.9,358254
11-07-2016,12.15,12.35,11.05,11.5,504353
11-08-2016,12.55,12.6,11.6,12.1,270059
11-09-2016,14.4,14.45,13.15,13.15,790344
11-10-2016,14.7,15,14.2,14.9,696786
11-11-2016,15.25,15.5,14.105,14.65,809804
11-14-2016,15.1,15.525,14.9,15.5,732173
11-15-2016,14.2,15.25,13.9,15.05,620931
11-16-2016,13.7,14.55,13.65,14.05,229549
11-17-2016,13.85,14.05,13.4,13.75,265969
11-18-2016,13.95,14.2,13.75,13.9,219406
11-21-2016,14,14.85,13.75,13.95,249233
11-22-2016,13.8,14.35,13.6,14.1,172495
11-23-2016,13.95,14.05,13.2,13.35,289678
11-25-2016,13.95,14.25,13.75,14.05,121914
11-28-2016,12.6,14.05,12.55,14.05,261984
11-29-2016,12.4,12.7,12.4,12.6,190855
11-30-2016,11.4,12.575,11.35,12.45,223533
12-01-2016,10.55,11.75,10.5,11.35,370808
12-02-2016,10.8,11,10.45,10.55,282829
12-05-2016,11.5,11.7,10.875,10.95,398251
12-06-2016,11.9,11.95,11.15,11.5,284107
12-07-2016,11.5,11.8,10.7,11.5,292868
12-08-2016,11.5,11.5,11.025,11.4,198562
12-09-2016,11.7,12.04,11.36,11.6,221415
12-12-2016,11.15,11.6,10.95,11.6,265647
12-13-2016,11,11.3,10.9,11.25,215608
12-14-2016,10.95,11.15,10.65,11.05,190757
12-15-2016,11.2,11.45,10.9,11.05,306553
12-16-2016,11.15,11.575,11.05,11.25,425438
12-19-2016,10.65,11.4,10.575,11.15,263427
12-20-2016,10.75,11.05,10.55,10.75,242068
12-21-2016,10.35,10.825,10.3,10.75,170203
12-22-2016,10.05,10.5,10.05,10.25,141018
12-23-2016,11,11.05,10.1,10.1,209209
12-27-2016,11.25,11.55,10.85,11,219868
12-28-2016,11.1,11.225,10.8,11.15,249971
12-29-2016,11.7,11.7,10.9,11.2,261479
12-30-2016,11.4,11.85,11.3,11.7,232245
01-03-2017,11.3,11.7,10.925,11.55,324301
01-04-2017,11.95,12,11.2,11.3,286517
01-05-2017,12.1,12.2,11.6,12,391847
01-06-2017,11.9,12.25,11.825,12.15,129971
01-09-2017,11.95,12.55,11.8,12.2,225850
01-10-2017,12.1,12.15,11.6,12,199142
01-11-2017,11.95,12.125,11.3,11.95,631070
01-12-2017,11.9,12.15,11.45,11.75,307736
01-13-2017,12.3,12.35,11.95,11.95,211223
01-17-2017,11.8,12.15,11.55,12.05,539501
01-18-2017,11.4,12.15,11.2,11.85,292414
01-19-2017,11,11.6,10.65,11.4,249763
01-20-2017,11.1,11.525,10.7,11.05,408000
01-23-2017,11,11.2,10.85,11.05,182716
01-24-2017,11.15,11.2,10.75,11,196485
01-25-2017,11.15,11.4,11.05,11.2,162871
01-26-2017,11.05,11.35,10.85,11.2,145935
01-27-2017,11.15,11.2,10.8,11.1,135718
01-30-2017,11.15,11.2,10.75,11.05,213846
01-31-2017,11.85,11.925,10.75,11.05,211478
02-01-2017,11.9,12,11.6,11.8,349086
02-02-2017,11.75,11.85,11.575,11.85,295490
02-03-2017,12.15,12.2,11.6,11.8,316465
02-06-2017,11.75,12.1,11.4,12.05,218173
02-07-2017,11.2,11.75,11.1,11.75,175003
02-08-2017,11.1,11.35,10.9,11.15,186193
02-09-2017,11.15,11.75,10.8,11.05,264453
02-10-2017,11.05,11.3,11,11.2,107621
02-13-2017,10.75,11.15,10.55,11.15,229817
02-14-2017,11.3,11.35,10.6,10.75,157858
02-15-2017,11.75,11.8,11.075,11.1,274453
02-16-2017,11.45,11.86,11.25,11.7,242052
02-17-2017,11.8,12,11.055,11.35,315804
02-21-2017,11.8,12,11.35,11.95,335189
02-22-2017,11.4,11.925,11.25,11.8,157568
02-23-2017,11.15,11.4,11.075,11.4,135707
02-24-2017,11.35,11.35,10.9,11.05,160306
02-27-2017,11.6,11.65,11.15,11.3,386363
02-28-2017,11.25,11.6,11.2,11.6,242410
03-01-2017,11.25,11.45,11,11.45,308867
03-02-2017,11.25,11.7,11.1,11.25,591974
03-03-2017,11.25,11.35,11.1,11.2,250143
03-06-2017,11,11.3575,10.75,11.2,254607
03-07-2017,10.65,11.4,10.65,11.1,336200
03-08-2017,11,11.1,10.7,10.75,319982
03-09-2017,11,11.2,10.75,11,369212
03-10-2017,11.4,11.5,10.9,11.1,467020
03-13-2017,11.35,11.55,11.15,11.35,507085
03-14-2017,10.85,11.35,10.75,11.25,213720
03-15-2017,11.15,11.35,10.8,10.95,504664
03-16-2017,11.4,11.475,10.95,11.15,483718
03-17-2017,11.4,11.45,11.25,11.3,723370
03-20-2017,11.4,11.55,11.25,11.45,251846
03-21-2017,10.35,11.5,10.325,11.5,425596
03-22-2017,10.55,10.75,10.25,10.35,304008
03-23-2017,10.35,10.8,10.3,10.55,299764
03-24-2017,10.15,10.4,10,10.05,309274
