03-28-2016,3.59,3.83,3.52,3.74,187596
03-29-2016,3.69,3.8,3.4,3.55,152735
03-30-2016,3.69,3.95,3.52,3.81,254405
03-31-2016,3.74,3.94,3.58,3.62,306042
04-01-2016,4.12,4.16,3.75,3.75,382590
04-04-2016,4.21,4.43,4.08,4.19,265714
04-05-2016,4.01,4.43,3.92,4.16,240597
04-06-2016,4.38,4.43,3.97,4.03,199489
04-07-2016,4.25,4.5776,4.08,4.36,189860
04-08-2016,4.22,4.37,4.14,4.36,118504
04-11-2016,4.32,4.54,4.1801,4.3,187720
04-12-2016,4.59,4.69,4.195,4.47,265502
04-13-2016,4.53,4.75,4.4801,4.75,247354
04-14-2016,4.5,4.7,4.34,4.56,178291
04-15-2016,4.43,4.63,4.42,4.47,171260
04-18-2016,4.46,4.57,4.4,4.47,197343
04-19-2016,4.28,4.4699,4.1,4.42,174712
04-20-2016,4.21,4.36,4.15,4.29,113869
04-21-2016,4.25,4.35,4.16,4.22,124227
04-22-2016,4.44,4.47,4.17,4.27,645013
04-25-2016,4.78,5,4.41,4.44,378024
04-26-2016,4.56,4.84,4.46,4.8,236698
04-27-2016,4.32,4.6,4.29,4.6,212939
04-28-2016,4.27,4.52,4.16,4.26,148123
04-29-2016,4.05,4.28,3.95,4.21,181394
05-02-2016,4.07,4.0999,3.84,4.06,135820
05-03-2016,3.85,4.09,3.84,4,191086
05-04-2016,3.6,3.89,3.42,3.74,295194
05-05-2016,3.61,3.7399,3.51,3.62,157638
05-06-2016,3.56,3.75,3.45,3.58,168760
05-09-2016,3.65,3.7295,3.4801,3.53,115251
05-10-2016,3.62,3.69,3.48,3.69,156544
05-11-2016,3.49,3.73,3.45,3.61,155910
05-12-2016,3.34,3.529,3.18,3.5,210349
05-13-2016,3.37,3.48,3.2001,3.33,149812
05-16-2016,3.45,3.5,3.31,3.35,113861
05-17-2016,3.33,3.6,3.31,3.43,127563
05-18-2016,3.1,3.478,3.09,3.24,226187
05-19-2016,3.09,3.12,2.85,2.96,324246
05-20-2016,3.25,3.3099,3.04,3.11,217950
05-23-2016,3.42,3.49,3.24,3.24,101956
05-24-2016,3.59,3.625,3.295,3.5,170497
05-25-2016,3.64,3.74,3.55,3.61,132102
05-26-2016,3.4,3.69,3.39,3.69,79210
05-27-2016,3.37,3.42,3.29,3.42,66177
05-31-2016,3.56,3.61,3.37,3.4,126099
06-01-2016,3.5,3.6,3.44,3.59,92545
06-02-2016,3.69,3.7201,3.44,3.44,112061
06-03-2016,3.62,3.74,3.51,3.74,110735
06-06-2016,3.74,3.79,3.51,3.69,161744
06-07-2016,3.69,3.75,3.615,3.71,80461
06-08-2016,3.75,3.82,3.59,3.82,65852
06-09-2016,3.41,3.78,3.4,3.72,156320
06-10-2016,3.15,3.4,3.15,3.31,228547
06-13-2016,3.19,3.28,3.085,3.13,183570
06-14-2016,3.06,3.23,3.02,3.18,238834
06-15-2016,3.21,3.37,3.07,3.1,188072
06-16-2016,3.26,3.35,3.12,3.16,149143
06-17-2016,3.03,3.3171,3.03,3.24,306379
06-20-2016,3.05,3.16,3.03,3.13,142922
06-21-2016,2.94,3.14,2.91,3.06,244007
06-22-2016,3.02,3.15,2.885,2.96,207490
06-23-2016,3.27,3.29,2.95,3.07,276057
06-24-2016,2.94,3.16,2.85,3.07,1625225
06-27-2016,2.54,3.058,2.52,2.93,403696
06-28-2016,2.52,2.95,2.47,2.75,456249
06-29-2016,2.39,2.692,2.39,2.59,823498
06-30-2016,2.48,2.57,2.34,2.43,392269
07-01-2016,2.78,2.79,2.425,2.48,156206
07-05-2016,2.67,2.78,2.64,2.77,125918
07-06-2016,2.71,2.79,2.61,2.64,114567
07-07-2016,2.84,2.85,2.71,2.73,116769
07-08-2016,2.88,2.99,2.82,2.85,189946
07-11-2016,2.82,2.9299,2.76,2.89,72191
07-12-2016,2.93,2.95,2.75,2.86,146457
07-13-2016,2.79,3.02,2.76,2.9,74311
07-14-2016,2.72,2.8199,2.7,2.81,70597
07-15-2016,2.85,2.89,2.71,2.73,50434
07-18-2016,2.85,2.8899,2.73,2.85,62227
07-19-2016,2.58,2.88,2.56,2.88,138874
07-20-2016,2.92,2.95,2.6,2.75,98909
07-21-2016,2.79,2.9699,2.775,2.9,106698
07-22-2016,2.81,2.9199,2.75,2.8869,48171
07-25-2016,2.65,2.83,2.65,2.83,114521
07-26-2016,2.63,2.71,2.6,2.66,91253
07-27-2016,2.69,2.72,2.65,2.65,98108
07-28-2016,2.7,2.7799,2.65,2.7,51781
07-29-2016,2.62,2.77,2.601,2.7,83727
08-01-2016,2.71,2.78,2.63,2.63,83884
08-02-2016,2.89,2.9,2.73,2.75,135321
08-03-2016,3.16,3.2,2.8,2.92,228781
08-04-2016,3.09,3.249,3.04,3.2,146151
08-05-2016,3.2,3.2,3.09,3.1,39441
08-08-2016,3.16,3.23,3.09,3.2,65780
08-09-2016,3.16,3.2,3.0201,3.19,43651
08-10-2016,2.89,3.14,2.86,3.14,260996
08-11-2016,2.95,2.96,2.85,2.9,83816
08-12-2016,2.85,2.8899,2.55,2.75,218765
08-15-2016,2.87,2.9,2.78,2.821,83715
08-16-2016,2.78,2.8925,2.7,2.86,132543
08-17-2016,2.79,2.84,2.665,2.77,131424
08-18-2016,2.73,2.83,2.72,2.83,40132
08-19-2016,2.69,2.74,2.64,2.73,58808
08-22-2016,2.76,2.77,2.66,2.7,60230
08-23-2016,2.78,2.8,2.68,2.77,63921
08-24-2016,2.53,2.7893,2.51,2.75,144703
08-25-2016,2.56,2.765,2.51,2.55,61435
08-26-2016,2.55,2.7199,2.53,2.59,53570
08-29-2016,2.57,2.65,2.5268,2.55,40015
08-30-2016,2.58,2.62,2.54,2.6,23661
08-31-2016,2.51,2.56,2.4502,2.56,89362
09-01-2016,2.53,2.57,2.45,2.54,40237
09-02-2016,2.55,2.56,2.47,2.51,37151
09-06-2016,2.6,2.7,2.55,2.57,149190
09-07-2016,2.82,3.15,2.61,2.61,357746
09-08-2016,2.91,3.06,2.77,2.85,153630
09-09-2016,2.79,2.91,2.746,2.84,80431
09-12-2016,2.9,2.9399,2.8,2.83,35040
09-13-2016,2.76,3.0199,2.69,2.85,61080
09-14-2016,2.85,3.02,2.8,3.02,25950
09-15-2016,2.87,3,2.71,3,40708
09-16-2016,2.98,2.98,2.82,2.82,62205
09-19-2016,2.96,3.05,2.93,3,27240
09-20-2016,2.95,3.03,2.9,2.98,57573
09-21-2016,3.04,3.05,2.88,2.9501,75512
09-22-2016,3,3.195,2.9,3.05,909759
09-23-2016,2.94,3.14,2.88,3.05,231836
09-26-2016,2.82,2.97,2.81,2.94,55486
09-27-2016,2.84,2.85,2.65,2.81,183884
09-28-2016,2.83,2.98,2.7445,2.84,57560
09-29-2016,2.73,2.79,2.7,2.78,64173
09-30-2016,2.78,2.84,2.67,2.75,71156
10-03-2016,2.63,2.7873,2.55,2.7432,211783
10-04-2016,2.59,2.75,2.55,2.67,155459
10-05-2016,2.69,2.73,2.51,2.6,122290
10-06-2016,2.54,2.65,2.52,2.65,157647
10-07-2016,2.47,2.59,2.4,2.54,130543
10-10-2016,2.5,2.53,2.4011,2.48,68601
10-11-2016,2.41,2.5,2.36,2.45,103471
10-12-2016,2.41,2.4475,2.25,2.42,121365
10-13-2016,2.42,2.44,2.2891,2.37,133998
10-14-2016,2.34,2.46,2.3,2.43,88642
10-17-2016,2.2,2.45,2.2,2.3,95447
10-18-2016,2.3,2.35,2.1,2.25,76384
10-19-2016,2.4,2.45,2.3,2.3,84858
10-20-2016,2.5,2.5,2.35,2.35,88582
10-21-2016,2.3,2.5,2.3,2.4,54259
10-24-2016,2.25,2.3,2.15,2.3,78846
10-25-2016,2.15,2.2,2.1,2.15,102473
10-26-2016,2.25,2.3,2.1,2.15,122457
10-27-2016,2.1,2.25,2.05,2.25,94019
10-28-2016,2,2.15,2,2.15,87828
10-31-2016,2.05,2.1,2,2.05,51390
11-01-2016,1.9,2.1,1.8,2.1,113470
11-02-2016,2.15,2.2,1.75,1.8,253996
11-03-2016,1.95,2.1,1.9082,2.05,91046
11-04-2016,1.95,2.05,1.8742,1.95,87057
11-07-2016,2,2.05,1.95,1.95,60018
11-08-2016,2,2.05,1.95,2,73468
11-09-2016,2,2.2,1.925,2,255236
11-10-2016,2,2.05,1.95,2,143659
11-11-2016,2,2.1,1.95,1.9501,151061
11-14-2016,2.55,2.55,2,2.05,275283
11-15-2016,2.5,2.55,2.3,2.55,148559
11-16-2016,2.3,2.55,2.3,2.45,140511
11-17-2016,2.6,2.65,2.2,2.3,263244
11-18-2016,2.4,2.65,2.4,2.6,152531
11-21-2016,2.45,2.5,2.35,2.4,58872
11-22-2016,2.35,2.5,2.35,2.468,68557
11-23-2016,2.3,2.405,2.3,2.35,102145
11-25-2016,2.3,2.35,2.3,2.35,34664
11-28-2016,2.15,2.35,2.15,2.3,115593
11-29-2016,2.1,2.1501,2.05,2.15,72324
11-30-2016,2,2.1,2,2.05,88084
12-01-2016,1.95,2.1,1.95,2.05,235315
12-02-2016,1.95,2,1.95,2,90936
12-05-2016,2.15,2.15,1.95,2,298333
12-06-2016,2,2.2,2,2.2,114505
12-07-2016,2,2.05,1.95,1.95,92486
12-08-2016,2.05,2.05,1.9,2,162590
12-09-2016,2,2.05,2,2,82662
12-12-2016,2,2.15,1.95,2,185534
12-13-2016,2.05,2.05,2,2.05,100485
12-14-2016,1.95,2.05,1.85,2.05,219254
12-15-2016,1.85,1.95,1.85,1.95,158103
12-16-2016,1.8,1.9,1.75,1.85,1279465
12-19-2016,2,2.175,1.8,1.85,272637
12-20-2016,1.85,2.05,1.85,2,200187
12-21-2016,1.9,1.95,1.85,1.9,164840
12-22-2016,1.85,1.9,1.8,1.85,168579
12-23-2016,1.85,1.85,1.65,1.8,378905
12-27-2016,1.85,1.9,1.8,1.85,50335
12-28-2016,1.8,1.9,1.8,1.85,102912
12-29-2016,1.825,1.9,1.8,1.85,66367
12-30-2016,1.8,1.85,1.8,1.8028,119116
01-03-2017,2.1,2.15,1.85,1.85,218669
01-04-2017,2.2,2.25,2,2.15,344450
01-05-2017,2.15,2.2,2.1,2.15,139991
01-06-2017,2.2,2.35,2.15,2.15,319695
01-09-2017,2.3,2.35,2.1,2.25,190143
01-10-2017,2.2,2.35,2.15,2.35,110367
01-11-2017,2.25,2.3,2,2.25,437953
01-12-2017,2.15,2.25,2.1,2.2,105876
01-13-2017,2,2.2,2,2.2,210236
01-17-2017,2.05,2.05,2,2,46937
01-18-2017,2.15,2.15,2.05,2.05,422470
01-19-2017,2.15,2.15,2.1,2.1021,47920
01-20-2017,1.8,1.8,1.65,1.65,3766488
01-23-2017,1.8,1.85,1.75,1.75,605225
01-24-2017,1.85,1.85,1.75,1.85,266432
01-25-2017,1.85,1.9,1.8,1.85,197252
01-26-2017,1.9,1.925,1.8,1.9,121297
01-27-2017,1.825,1.95,1.8,1.95,188664
01-30-2017,1.85,1.85,1.8,1.85,204913
01-31-2017,1.8,1.9,1.8,1.9,149538
02-01-2017,1.9,1.9,1.8,1.85,188127
02-02-2017,1.85,1.85,1.8,1.85,105059
02-03-2017,2,2,1.8,1.85,513672
02-06-2017,2.1,2.3,2,2,603903
02-07-2017,2.1,2.1925,2.1,2.1,150140
02-08-2017,2,2.15,2,2.15,278970
02-09-2017,2,2.05,2,2,78976
02-10-2017,2.05,2.2,2.05,2.15,450468
02-13-2017,2.15,2.15,2.05,2.15,285826
02-14-2017,2.2,2.2,2.1,2.15,311406
02-15-2017,2.125,2.2,2.1,2.2,303685
02-16-2017,2.05,2.2,2,2.15,276980
02-17-2017,2.05,2.1,2.05,2.05,124521
02-21-2017,2.1,2.1,2.05,2.05,82060
02-22-2017,2.15,2.15,2,2.1,248080
02-23-2017,2,2.1,2,2.1,122680
02-24-2017,2,2.05,2,2.05,94492
02-27-2017,2,2.1,2,2,113914
02-28-2017,2,2.05,2,2.05,152421
03-01-2017,2.1,2.15,2,2.1,228657
03-02-2017,2.15,2.35,2.15,2.15,675781
03-03-2017,2.5,2.55,2.15,2.15,1268874
03-06-2017,2.395,2.55,2.3,2.55,594122
03-07-2017,2.4,2.5,2.25,2.5,364216
03-08-2017,2.35,2.4,2.251,2.4,168110
03-09-2017,2.45,2.5,2.35,2.35,253869
03-10-2017,2.75,2.95,2.45,2.5,1261379
03-13-2017,2.7,2.8,2.65,2.8,473056
03-14-2017,2.7,2.8,2.55,2.75,272720
03-15-2017,2.7,2.75,2.6,2.7,209552
03-16-2017,2.6,2.75,2.6,2.75,292275
03-17-2017,2.575,2.625,2.55,2.6,109890
03-20-2017,2.6,2.775,2.5,2.65,456312
03-21-2017,2.45,2.65,2.45,2.6,340175
03-22-2017,2.35,2.5,2.2,2.5,411461
03-23-2017,2.6,2.8,2.3,2.35,302234
03-24-2017,2.45,2.7,2.45,2.65,174791
