03-28-2016,5.77,6.2299,5.76,5.86,10089
03-29-2016,6.11,6.16,5.75,5.75,29075
03-30-2016,6.06,6.14,6.02,6.12,7053
03-31-2016,6.21,6.25,6.04,6.25,20284
04-01-2016,6.24,6.26,5.98,5.98,15785
04-04-2016,6.23,6.49,6.124,6.19,45878
04-05-2016,6.2,6.32,6.11,6.22,34632
04-06-2016,6.31,6.445,6.1803,6.44,20848
04-07-2016,6.26,6.37,6.1,6.355,16086
04-08-2016,6.25,6.34,6.1501,6.34,9172
04-11-2016,6.21,6.36,6.13,6.26,20075
04-12-2016,6.23,6.3,6.19,6.25,11918
04-13-2016,6.22,6.34,6.02,6.34,42610
04-14-2016,6.24,6.26,6.2,6.24,16510
04-15-2016,6.29,6.32,6.19,6.19,24205
04-18-2016,6.46,6.47,6.31,6.32,30459
04-19-2016,6.45,6.655,6.4,6.46,20396
04-20-2016,6.61,6.66,6.41,6.41,25197
04-21-2016,6.7,6.735,6.61,6.69,16789
04-22-2016,6.56,6.81,6.53,6.7,69586
04-25-2016,6.07,6.715,6.05,6.6,20440
04-26-2016,5.88,6.06,5.84,6.06,24371
04-27-2016,5.78,5.85,5.6,5.85,167073
04-28-2016,5.75,5.89,5.73,5.78,11806
04-29-2016,5.79,5.84,5.73,5.77,25391
05-02-2016,5.97,5.98,5.7,5.83,16427
05-03-2016,5.76,6.085,5.75,5.95,24066
05-04-2016,5.8,6.08,5.71,5.78,27616
05-05-2016,5.8,5.86,5.75,5.86,63386
05-06-2016,5.87,6.04,5.76,6,41923
05-09-2016,5.98,5.98,5.78,5.9,25073
05-10-2016,6.22,6.2499,5.97,6,36919
05-11-2016,6.4,6.62,5.954,6.2,19038
05-12-2016,6.34,6.47,6.2,6.45,29259
05-13-2016,6.49,6.51,6.15,6.36,23984
05-16-2016,6.89,6.98,6.38,6.52,38630
05-17-2016,6.53,6.99,6.5,6.88,28645
05-18-2016,6.55,6.72,6.47,6.52,10921
05-19-2016,6.57,6.6337,6.45,6.53,14211
05-20-2016,6.9,6.96,6.52,6.63,17737
05-23-2016,7.02,7.2,6.91,6.91,40065
05-24-2016,7.47,7.655,7.05,7.11,35859
05-25-2016,7.7,7.99,7.53,7.56,33677
05-26-2016,7.9,7.92,7.34,7.76,23037
05-27-2016,7.98,8.19,7.84,7.9196,16264
05-31-2016,8,8.275,7.88,8.03,42873
06-01-2016,8.21,8.4399,8.12,8.12,96732
06-02-2016,8.27,8.65,8.22,8.5,88596
06-03-2016,8.1,8.31,8.06,8.14,57230
06-06-2016,8.05,8.27,7.96,8.15,54175
06-07-2016,8.07,8.3,8,8.23,65115
06-08-2016,7.63,8.1,7.59,8.08,68354
06-09-2016,7.79,7.92,7.5993,7.61,40856
06-10-2016,8.07,8.11,7.65,7.65,72247
06-13-2016,7.8,8.12,7.6701,8.05,62091
06-14-2016,7.64,7.95,7.4,7.9,74121
06-15-2016,7.53,7.74,7.14,7.65,39196
06-16-2016,7.53,7.55,7.17,7.43,30634
06-17-2016,7.16,7.5,7.03,7.5,149339
06-20-2016,7.14,7.24,6.92,7.24,77062
06-21-2016,6.9,7.13,6.68,7.13,25900
06-22-2016,6.88,7.08,6.41,6.89,29897
06-23-2016,7.28,7.3,6.75,6.97,33335
06-24-2016,7.56,7.64,6.77,6.9,219614
06-27-2016,7.04,7.38,6.93,7.35,55704
06-28-2016,7.41,7.5456,7.09,7.09,29948
06-29-2016,7.61,7.84,7.34,7.46,54113
06-30-2016,7.61,7.74,7.45,7.63,40305
07-01-2016,7.66,7.93,7.34,7.64,24508
07-05-2016,7.48,7.7,7.33,7.67,175621
07-06-2016,7.25,7.57,6.99,7.38,89524
07-07-2016,7.24,7.56,7.145,7.25,33790
07-08-2016,7.48,7.57,7.21,7.29,29476
07-11-2016,7.55,7.7,7.45,7.49,35150
07-12-2016,7.27,7.59,7.18,7.59,166209
07-13-2016,7.1,7.29,7.07,7.27,37573
07-14-2016,6.96,7.23,6.955,7.23,30186
07-15-2016,7.01,7.05,6.7801,7,23989
07-18-2016,6.78,7.02,6.76,6.989,97792
07-19-2016,6.58,6.81,6.55,6.81,23474
07-20-2016,6.8,6.95,6.535,6.64,66328
07-21-2016,6.66,6.78,6.53,6.78,16964
07-22-2016,6.86,6.92,6.65,6.76,25543
07-25-2016,6.73,6.97,6.7,6.97,13848
07-26-2016,6.67,6.7868,6.61,6.77,96698
07-27-2016,6.99,7.01,6.65,6.73,19453
07-28-2016,6.78,7.04,6.72,6.96,5629
07-29-2016,7,7.02,6.735,6.78,45362
08-01-2016,7.33,7.4,6.99,6.99,19265
08-02-2016,7.07,7.38,6.9,7.38,27005
08-03-2016,7.05,7.28,7,7.13,32740
08-04-2016,6.95,7.1008,6.8,7.08,19219
08-05-2016,7.01,7.05,6.95,6.99,21719
08-08-2016,7.36,7.43,7.06,7.06,33787
08-09-2016,7,7.24,6.8601,7.0981,418159
08-10-2016,6.99,7.15,6.76,7.05,164515
08-11-2016,7.19,7.23,6.92,7.035,203509
08-12-2016,6.93,7.365,6.89,7.25,42508
08-15-2016,6.99,7.08,6.8001,7.04,62280
08-16-2016,7.05,7.12,6.83,7.08,19758
08-17-2016,6.96,7.08,6.89,7.05,47557
08-18-2016,7.07,7.189,6.7101,6.7101,25545
08-19-2016,7,7.11,6.97,7.06,18414
08-22-2016,7.04,7.19,7.01,7.02,5102
08-23-2016,7.33,7.47,7.04,7.04,16832
08-24-2016,7.56,8.15,7.38,7.38,63950
08-25-2016,7.34,7.692,7.27,7.55,14992
08-26-2016,7.23,7.5,7.2,7.5,9603
08-29-2016,7.54,7.67,7.21,7.22,17922
08-30-2016,7.35,7.6462,7.26,7.6462,40291
08-31-2016,7.24,7.58,7.05,7.58,62174
09-01-2016,7.46,7.46,7.3,7.3,142896
09-02-2016,7.17,7.53,7,7.53,40227
09-06-2016,7.1,7.29,7,7.17,47901
09-07-2016,7.16,7.24,7.03,7.24,34993
09-08-2016,7.07,7.2699,6.97,7.06,69577
09-09-2016,6.78,7.12,6.76,7.08,32860
09-12-2016,7.24,7.26,6.81,6.81,25303
09-13-2016,7.11,7.32,7.02,7.11,25100
09-14-2016,7.04,7.17,6.94,7.15,14715
09-15-2016,7.09,7.19,6.91,6.92,15510
09-16-2016,7.28,7.31,6.99,7.14,106671
09-19-2016,7.49,7.67,7.2122,7.28,34358
09-20-2016,7.45,7.56,7.25,7.56,16914
09-21-2016,7.44,7.5597,7.25,7.48,32541
09-22-2016,7.3,7.58,7.22,7.48,17777
09-23-2016,7.25,7.46,7.13,7.3,24677
09-26-2016,7.21,7.44,7.12,7.15,68605
09-27-2016,7.34,7.45,7.225,7.23,62667
09-28-2016,7.27,7.4648,7.23,7.4648,25945
09-29-2016,6.96,7.41,6.8349,7.32,26944
09-30-2016,6.98,7.15,6.8235,6.95,67138
10-03-2016,7.29,7.35,6.89,6.89,41824
10-04-2016,7,7.4,6.98,7.29,37201
10-05-2016,7.16,7.25,7,7.07,49884
10-06-2016,7.2,7.2899,7.05,7.11,74815
10-07-2016,7.48,7.49,7.208,7.2865,61394
10-10-2016,7.82,7.88,7.545,7.8184,22646
10-11-2016,7.8,7.929,7.765,7.8,28736
10-12-2016,7.4,7.945,7.3236,7.87,43869
10-13-2016,7.32,7.35,7.2,7.27,13441
10-14-2016,7.34,7.37,7.05,7.36,28813
10-17-2016,7.51,7.68,7.1,7.33,37506
10-18-2016,7.25,7.57,7.16,7.57,37571
10-19-2016,6.99,7.27,6.98,7.26,45978
10-20-2016,7,7.559,6.92,7.01,35946
10-21-2016,7,7.1982,6.85,6.96,32332
10-24-2016,7,7.09,6.91,7.09,17641
10-25-2016,7.15,7.22,6.95,6.95,294261
10-26-2016,7.36,7.4299,7.15,7.15,88043
10-27-2016,7.64,7.68,7.39,7.39,22030
10-28-2016,7.66,7.68,7.55,7.59,17012
10-31-2016,7.6,7.66,7.344,7.66,57029
11-01-2016,7.56,7.7,7.49,7.59,27355
11-02-2016,7.48,7.62,7.28,7.62,28905
11-03-2016,6.94,7.65,6.88,7.45,31438
11-04-2016,7.18,7.48,6.9,6.91,22617
11-07-2016,7.53,7.74,7.1704,7.3,52588
11-08-2016,7.64,7.8,7.2,7.55,75136
11-09-2016,7.11,7.62,6.95,7.62,78711
11-10-2016,6.64,7.17,6.31,7.17,111993
11-11-2016,7.19,7.29,6.41,6.65,163107
11-14-2016,7,7.39,6.95,7.25,161000
11-15-2016,7.08,7.3,6.95,7.04,56981
11-16-2016,7.12,7.28,6.95,7.02,139330
11-17-2016,7.08,7.3,6.8401,7.11,92225
11-18-2016,7.19,7.31,6.9,7.12,182955
11-21-2016,6.88,7.2072,6.81,7.2,130132
11-22-2016,6.9,7.06,6.53,6.86,118234
11-23-2016,6.87,6.99,6.6701,6.83,54707
11-25-2016,6.84,6.99,6.75,6.86,16879
11-28-2016,6.98,7,6.79,6.86,54037
11-29-2016,6.88,7.02,6.8,7,40827
11-30-2016,6.87,7.0859,6.81,6.87,69998
12-01-2016,6.75,6.97,6.75,6.86,39889
12-02-2016,6.76,6.94,6.75,6.75,48677
12-05-2016,6.96,7,6.76,6.76,78438
12-06-2016,6.85,6.965,6.75,6.96,48419
12-07-2016,6.7,6.86,6.67,6.85,285887
12-08-2016,6.76,6.855,6.6,6.73,116478
12-09-2016,6.71,6.88,6.68,6.82,126730
12-12-2016,6.72,6.805,6.59,6.71,59769
12-13-2016,6.72,6.8662,6.6177,6.81,65223
12-14-2016,6.61,6.74,6.54,6.66,45875
12-15-2016,6.54,6.722,6.51,6.635,48774
12-16-2016,6.75,6.95,6.58,6.58,351935
12-19-2016,6.87,7.0599,6.71,6.8,334644
12-20-2016,6.73,6.9399,6.67,6.93,214043
12-21-2016,6.49,6.83,6.387,6.76,157719
12-22-2016,6.55,6.57,6.35,6.45,130058
12-23-2016,6.62,6.7,6.55,6.5707,100053
12-27-2016,6.51,6.66,6.4001,6.57,83956
12-28-2016,6.13,6.49,6.1,6.44,162741
12-29-2016,6.03,6.4228,5.96,6.15,212801
12-30-2016,5.7,6.0445,5.62,6,268923
01-03-2017,5,5.8134,4.46,5.77,2390394
01-04-2017,2.63,2.94,1.82,1.93,18584920
01-05-2017,2.52,2.71,2.4,2.71,2408418
01-06-2017,2.69,2.7,2.45,2.54,1515674
01-09-2017,2.79,3.1,2.65,2.74,2054844
01-10-2017,2.72,3,2.58,3,874610
01-11-2017,2.65,2.73,2.58,2.73,382278
01-12-2017,2.56,2.65,2.51,2.65,409472
01-13-2017,2.52,2.63,2.461,2.53,564888
01-17-2017,2.54,2.58,2.47,2.5,496383
01-18-2017,2.44,2.55,2.3628,2.53,342986
01-19-2017,2.37,2.45,2.33,2.44,371413
01-20-2017,2.32,2.3899,2.27,2.38,180820
01-23-2017,2.18,2.31,2.06,2.31,392366
01-24-2017,2.11,2.21,2.06,2.2,187064
01-25-2017,2.26,2.295,2.07,2.13,430000
01-26-2017,2.24,2.27,2.14,2.27,213875
01-27-2017,2.28,2.33,2.21,2.24,162728
01-30-2017,2.26,2.3031,2.2101,2.26,191314
01-31-2017,2.3,2.32,2.22,2.27,196816
02-01-2017,2.25,2.31,2.23,2.31,87781
02-02-2017,2.21,2.28,2.2,2.25,98699
02-03-2017,2.33,2.35,2.18,2.21,197361
02-06-2017,2.29,2.32,2.25,2.31,111667
02-07-2017,2.37,2.39,2.26,2.3,192269
02-08-2017,2.28,2.38,2.25,2.37,101133
02-09-2017,2.28,2.36,2.26,2.29,72148
02-10-2017,2.27,2.3,2.21,2.3,81806
02-13-2017,2.24,2.3,2.2,2.28,156777
02-14-2017,2.34,2.35,2.2,2.24,204596
02-15-2017,2.5,2.56,2.36,2.36,280221
02-16-2017,2.47,2.529,2.4301,2.5,119659
02-17-2017,2.48,2.51,2.42,2.46,98796
02-21-2017,2.41,2.48,2.33,2.46,158410
02-22-2017,2.34,2.43,2.33,2.41,263653
02-23-2017,2.24,2.3599,2.15,2.33,126687
02-24-2017,2.24,2.2946,2.17,2.23,170155
02-27-2017,2.29,2.3001,2.15,2.23,90649
02-28-2017,2.22,2.29,2.16,2.28,50033
03-01-2017,2.2,2.29,2.16,2.23,130458
03-02-2017,2.22,2.29,2.18,2.2,186154
03-03-2017,2.19,2.2428,2.17,2.22,61699
03-06-2017,2.14,2.2078,2.1,2.18,105556
03-07-2017,2.04,2.14,2.01,2.12,156022
03-08-2017,2.15,2.18,2.06,2.06,121420
03-09-2017,2.42,2.44,2.11,2.15,307616
03-10-2017,2.4,2.47,2.25,2.45,170416
03-13-2017,2.37,2.445,2.35,2.43,102713
03-14-2017,2.23,2.43,2.23,2.37,197431
03-15-2017,2.36,2.37,2.25,2.25,330796
03-16-2017,2.69,2.88,2.34,2.36,1289332
03-17-2017,2.94,3.28,2.7,2.72,2775937
03-20-2017,2.71,2.9,2.66,2.88,252067
03-21-2017,2.6,2.7227,2.6,2.72,245772
03-22-2017,2.69,2.69,2.6,2.65,190491
03-23-2017,2.96,3,2.66,2.7,454171
03-24-2017,2.96,3.23,2.88,2.98,691306
