03-28-2016,58.78,61.65,58.28,60.49,697425
03-29-2016,59.84,60,56.6,58.87,897093
03-30-2016,59.08,62.36,58.38,60.5,673212
03-31-2016,62.77,64.94,59.38,59.38,982794
04-01-2016,64.79,65.6,61.18,62.29,749072
04-04-2016,67.54,70.075,64.6154,64.77,1238874
04-05-2016,68.33,69.65,65.83,67.69,1306731
04-06-2016,73,73.115,68.05,68.05,964175
04-07-2016,71.74,75.0775,68.81,74.3,1760073
04-08-2016,69.15,73.4158,66.9,73.26,1086904
04-11-2016,66.77,70,66.5,69.39,1056850
04-12-2016,67.43,67.61,65.52,66.8,800894
04-13-2016,69.39,69.5899,66.7,67.89,528073
04-14-2016,67.79,69.39,67.29,69.39,549384
04-15-2016,68.79,68.9,66.84,67.91,705914
04-18-2016,69.16,70.58,67.69,68.21,571454
04-19-2016,66.81,69.34,66.5,69.05,1081507
04-20-2016,67.25,69,66.85,67.89,600874
04-21-2016,71.63,71.79,66.76,67.03,709505
04-22-2016,71.86,72.83,69.95,71.67,517760
04-25-2016,71.95,72.72,71.26,71.5,433145
04-26-2016,70.37,72.25,69.21,72.03,592279
04-27-2016,68.63,70.765,68.37,70.43,446291
04-28-2016,67.88,70.39,67,68.38,473902
04-29-2016,67.04,68.23,66.4,67.68,424483
05-02-2016,68.79,69.03,65.87,67.47,512066
05-03-2016,60.81,66.99,60.0701,66.8,1825952
05-04-2016,57.45,60.63,57.16,60.13,1374076
05-05-2016,58.73,59.46,57.03,58.41,958710
05-06-2016,55.55,59.15,53.9,58.03,1323086
05-09-2016,57.81,59.42,55.3,55.3,820479
05-10-2016,57.44,58.405,55.63,58.27,869624
05-11-2016,53.82,57.36,53.65,57.05,594026
05-12-2016,52.37,54.13,49.96,54.02,1200314
05-13-2016,52.55,54.03,52.08,52.38,582837
05-16-2016,54.54,55.63,53.215,54.01,769008
05-17-2016,54.28,55.76,53.95,54.08,874813
05-18-2016,54.34,55.46,53.2,53.65,758434
05-19-2016,53.67,55.922,52.43,54.02,624019
05-20-2016,55.11,55.5,53.03,53.94,682271
05-23-2016,56.07,56.9,54.53,55.12,612309
05-24-2016,57.81,57.92,55.72,56.86,576486
05-25-2016,63.55,64.64,58.23,58.23,2010631
05-26-2016,70.57,72.16,66.11,66.15,3111609
05-27-2016,67.57,70.89,67.18,69.96,1238242
05-31-2016,71.72,73.68,68.205,68.28,1344771
06-01-2016,70.54,71.56,69.01,71.02,760023
06-02-2016,74.12,74.2,70.5,70.56,711230
06-03-2016,70.2,73.48,69.971,73.48,869762
06-06-2016,72.6,72.83,68.44,70.5,604391
06-07-2016,71.05,72.64,69.6801,71.4,853358
06-08-2016,69.88,71.79,68.38,71.16,636136
06-09-2016,65.41,70.2,65.38,69.26,1003592
06-10-2016,63.17,64.98,62.28,64.46,1017320
06-13-2016,60.65,63.19,60.39,62.54,1182457
06-14-2016,60.58,62.1737,59.55,60.84,787569
06-15-2016,59.14,61.6889,58.82,60.94,812954
06-16-2016,58.38,59.84,57.68,58.72,837979
06-17-2016,55.97,58.34,55.81,58.3,907412
06-20-2016,56.64,58.69,56.41,56.98,863961
06-21-2016,55.78,56.95,54.63,56.93,2087463
06-22-2016,56.14,57.96,54.44,55.79,996117
06-23-2016,56.95,57.11,55.15,57.11,789183
06-24-2016,54.31,55.54,53,54,1812647
06-27-2016,52.5,54.25,50.13,53.53,1416572
06-28-2016,55.3,56.08,53.08,53.42,957964
06-29-2016,55.6,56.993,53.63,56.22,831766
06-30-2016,55.49,56.23,54.67,55.63,781598
07-01-2016,61.44,61.64,53.56,55,1453262
07-05-2016,59.42,60.9899,58.245,60.6,1021130
07-06-2016,60.43,60.7099,57.7,59.11,680203
07-07-2016,61.52,62.18,60,60.94,634134
07-08-2016,62.18,62.7,60.57,61.52,629803
07-11-2016,63.46,64.64,62.29,62.66,715383
07-12-2016,64,64.78,62.94,64,793205
07-13-2016,62.82,65.26,61.88,64.36,983571
07-14-2016,63.01,63.43,61.5725,63.43,562543
07-15-2016,64.48,65.06,62.72,63.16,875118
07-18-2016,64.83,65.31,63.85,64.32,661777
07-19-2016,64.03,65.11,63.24,64.73,906201
07-20-2016,65.74,66.23,63.2055,64.28,666890
07-21-2016,64.97,67.1,64.48,66.32,774176
07-22-2016,65.49,65.85,64.58,65.24,770778
07-25-2016,66.2,66.47,60.47,65.64,3493118
07-26-2016,66.81,68.87,65.66,66.3,810429
07-27-2016,68.41,68.69,66.98,66.98,699030
07-28-2016,68.29,69.22,66.61,68.48,696647
07-29-2016,68.08,68.3,66.5,68.01,622464
08-01-2016,71.8,72.48,68.16,68.47,986250
08-02-2016,70.56,72.93,68.02,72.07,958283
08-03-2016,71.36,71.48,69.8,70.46,444189
08-04-2016,71.03,74.54,70.68,71.36,747472
08-05-2016,78.42,79.02,71.611,72.12,1094242
08-08-2016,76.33,79.789,75.32,76.86,727785
08-09-2016,76.4,77.34,75.72,76.73,330264
08-10-2016,73.27,76.88,73.02,76.17,513398
08-11-2016,74.27,74.43,72.32,73.72,450104
08-12-2016,74.08,74.4,72.57,73.95,375870
08-15-2016,75.68,76.43,74.32,74.32,387813
08-16-2016,73.58,75.67,73.53,75.38,378661
08-17-2016,73.1,73.53,72,73.45,339536
08-18-2016,73.44,74.17,71.71,73.1,368427
08-19-2016,72.78,73.34,72.32,72.86,346697
08-22-2016,76.18,76.33,72.75,72.89,747169
08-23-2016,75.79,77,75.5676,76.6,307428
08-24-2016,70.83,77.62,70.6,75.8,808598
08-25-2016,69.35,73.135,67.49,70.83,682292
08-26-2016,70.8,71.15,69.12,69.43,414638
08-29-2016,71.56,71.84,70.22,71.1,402068
08-30-2016,70.75,73.28,70.28,71.32,512896
08-31-2016,69.85,72.76,69.215,70.45,369628
09-01-2016,69.02,70.6999,67.81,69.8,359276
09-02-2016,69.17,69.97,67.85,69.29,292584
09-06-2016,71.39,71.82,69.17,69.54,484477
09-07-2016,72.53,73.9,71.72,71.73,459800
09-08-2016,73.52,73.89,70.96,72.47,307278
09-09-2016,69.79,72.95,69.75,72.44,501100
09-12-2016,73.99,74.35,68,69.08,497025
09-13-2016,71.39,73.4,70.41,73.31,493253
09-14-2016,73.6,74.53,71.54,71.84,598178
09-15-2016,74.33,75.02,72.18,73.53,388897
09-16-2016,75.67,76.17,73.35,73.67,728566
09-19-2016,77.1,79.23,74.83,75.96,594125
09-20-2016,78.09,80.11,77.11,77.83,666820
09-21-2016,77.79,79.48,75.21,78.13,545969
09-22-2016,77.09,78.8726,76.8,78.57,494381
09-23-2016,75.57,77.78,75.56,77.04,484655
09-26-2016,76,77.25,75.25,77.25,382362
09-27-2016,78.09,78.23,75.49,75.79,367557
09-28-2016,76.67,78.87,75.59,78.22,422727
09-29-2016,69.94,75.35,69.77,75,1378031
09-30-2016,67.78,70.38,67.06,70.26,857140
10-03-2016,68.23,68.4,65.76,67.65,727095
10-04-2016,68.57,69.69,66.86,68.22,560922
10-05-2016,70.3,71.668,68.66,68.77,1957855
10-06-2016,36.21,38.92,35.315,38.63,16731379
10-07-2016,34.27,36.24,33.16,36.1,5197185
10-10-2016,35.52,36.4299,34.76,35.1,2680946
10-11-2016,34.83,35.68,34.08,34.98,2199461
10-12-2016,35.76,36.04,34.56,35,2361371
10-13-2016,36.17,37.24,35.12,35.36,2264457
10-14-2016,35.32,36.49,35.24,36.3,2010809
10-17-2016,36.58,36.78,35.21,35.75,1475061
10-18-2016,38.07,39.24,36.96,37.09,2065120
10-19-2016,36.84,38.1495,36.25,38.11,1624295
10-20-2016,37.6,38.24,36.23,36.89,1184354
10-21-2016,36.675,37.55,36.2,37.33,1484184
10-24-2016,37.2,37.72,36.1,36.85,1108385
10-25-2016,36.67,37.87,36.4,37.35,1083698
10-26-2016,37.09,38.12,36.36,36.71,922253
10-27-2016,36.21,38.6,35.99,37.45,1160133
10-28-2016,36.34,37.62,35.25,36.03,1714329
10-31-2016,35.6,36.6399,35.3833,36.55,1788541
11-01-2016,37,37.05,35.35,35.76,1272248
11-02-2016,35.95,36.97,35.82,36.66,1553567
11-03-2016,31.41,36.22,31.38,36.22,3369509
11-04-2016,33.75,33.78,31.42,31.58,2157424
11-07-2016,36.26,36.5,33.85,34.6,1555482
11-08-2016,37.56,38.33,35.8,36.2,1230875
11-09-2016,43.47,44.42,39.02,39.39,2615946
11-10-2016,45.76,46.38,43.34,44.13,2145440
11-11-2016,46.54,46.85,44.48,45.36,1212998
11-14-2016,50.04,50.05,46.732,47.69,1567455
11-15-2016,48.23,52.85,46.29,49.71,3062601
11-16-2016,45.67,49.57,45.56,47.54,1413876
11-17-2016,46.36,46.58,44.42,45.75,1083427
11-18-2016,45.975,46.94,44.89,46.5,872160
11-21-2016,47.15,47.38,45.63,46.03,868299
11-22-2016,45.65,47.39,45.28,46.72,1415554
11-23-2016,47.69,47.78,43.344,44.6,1100061
11-25-2016,47.88,48.25,46.89,47.63,524185
11-28-2016,45.31,48.44,45.03,47.71,1255541
11-29-2016,46.03,47.06,45.28,45.53,1029078
11-30-2016,43.87,46.87,43.78,46.8,5176621
12-01-2016,41.58,44.75,41.32,44.13,1990320
12-02-2016,41.57,42.82,40.62,41.6,1591746
12-05-2016,41.24,42.69,39.18,41.75,2344190
12-06-2016,41.81,42.38,40.37,41.45,1483499
12-07-2016,40.28,41.2462,39.55,40.77,1611174
12-08-2016,40.805,40.99,39.275,40.28,1592148
12-09-2016,42.25,43.58,41.11,41.29,1401075
12-12-2016,42.61,42.86,41.5,42.28,1019049
12-13-2016,43.91,44.32,42.6092,42.9,1184636
12-14-2016,43.21,44.62,42.7,43.69,626530
12-15-2016,43.13,43.6,42.415,43.5,1014016
12-16-2016,44.39,44.45,42.72,43.17,4464488
12-19-2016,43.42,45.07,42.96,43.99,850499
12-20-2016,42.22,44.1488,41.9,43.55,708330
12-21-2016,40.48,42.42,40.43,42.39,804339
12-22-2016,39.39,40.87,38.94,40.57,834317
12-23-2016,41.29,41.685,39.355,39.54,777395
12-27-2016,41.04,42.04,40.81,41.34,600466
12-28-2016,40.01,41.7,39.93,41.5,580488
12-29-2016,38.06,40.45,37.46,39.85,1220006
12-30-2016,37.44,39.15,37.05,38.31,846768
01-03-2017,38.64,39.13,37.2,38.64,819306
01-04-2017,41.29,41.75,38.34,38.59,1089360
01-05-2017,41.35,41.73,40.375,41.55,573196
01-06-2017,42.23,43.22,41.63,41.63,685739
01-09-2017,43.5,43.75,41.65,42.89,1849318
01-10-2017,44.71,44.95,42.56,43.23,775546
01-11-2017,41.25,45.64,40.33,44.51,1504301
01-12-2017,41.84,42.2,40.285,41.03,660122
01-13-2017,41.6,43.39,41.32,41.81,1030720
01-17-2017,38.22,41.1,37.98,41.05,1398902
01-18-2017,38.51,39.04,37.02,39.04,1187252
01-19-2017,39.08,39.74,38.06,38.5,1579572
01-20-2017,38.96,39.22,38.02,39.12,817805
01-23-2017,38.16,39.65,37.71,38.99,821817
01-24-2017,37.62,38.87,36.65,38.19,774336
01-25-2017,37.83,38.25,37.27,37.93,521521
01-26-2017,37.11,38.33,36.99,37.9,538324
01-27-2017,38.09,38.285,36.5799,37.17,629426
01-30-2017,36.88,38.2,36.53,38.01,662187
01-31-2017,39.99,40.11,35.98,36.48,1023177
02-01-2017,40.45,40.5,39.01,40.07,795014
02-02-2017,41.46,41.69,39.73,40.76,1032594
02-03-2017,42.76,42.98,39.98,42,1291964
02-06-2017,43.01,43.15,42.32,42.61,702139
02-07-2017,40.46,43.33,40.12,43.19,976106
02-08-2017,40.63,40.92,39.66,40.17,1188887
02-09-2017,44.96,46.54,40.93,45.7681,2262859
02-10-2017,45.57,46.2,44.56,45,646289
02-13-2017,45.61,46.4505,45.05,45.98,832970
02-14-2017,46.11,46.3,44.5,45.11,479910
02-15-2017,47.09,47.48,45.66,45.94,561283
02-16-2017,47.02,48.33,46.41,46.97,870124
02-17-2017,48.28,48.45,45.97,46.86,799181
02-21-2017,46.86,48.59,46.37,48.59,728226
02-22-2017,45.95,47.32,45.68,46.79,632121
02-23-2017,46.25,46.94,45.665,46.12,607000
02-24-2017,46.62,47.15,45,45.9,642690
02-27-2017,51.31,51.55,46.5998,46.73,1305395
02-28-2017,51.64,53.94,50.74,51.5,1341667
03-01-2017,51.3,53.93,51.15,52.79,994645
03-02-2017,50.52,52.965,50.01,51,997525
03-03-2017,51.44,51.6,49.88,50.51,682233
03-06-2017,50.36,51.33,49.58,51.16,679951
03-07-2017,49.94,51.14,49,49.92,656454
03-08-2017,52.24,52.321,49.64,50.04,932253
03-09-2017,51.48,52.86,50.71,52.18,811667
03-10-2017,50.73,51.951,49.91,51.66,1066570
03-13-2017,50.48,51.09,49.89,51.09,637093
03-14-2017,51.53,51.78,49.5,50.42,1080713
03-15-2017,54.27,55.1465,51.3507,51.77,1296204
03-16-2017,54.48,55.69,53.25,54.21,1248818
03-17-2017,55.25,56.27,50.31,50.7,4863078
03-20-2017,59.71,59.8,55.41,55.41,1846964
03-21-2017,54.21,60.41,53.42,60,1663840
03-22-2017,53.25,54.596,52.01,54.29,1138811
03-23-2017,53.175,53.94,52.18,53.21,845099
03-24-2017,52.47,53.5825,51.68,53.38,936232
