03-28-2016,7.126,7.5,6.1,6.9,290732
03-29-2016,6.154,7.15,6.1,7.15,170598
03-30-2016,6.15,6.603,5.956,6.603,76244
03-31-2016,5.81,6.189,5.8,6.1,45359
04-01-2016,5.7,6,5.61,5.954,52109
04-04-2016,5.946,5.95,5.6,5.89,29043
04-05-2016,5.95,6.49,5.9,6,32083
04-06-2016,5.96,6.4,5.95,6.18,55031
04-07-2016,6.089,6.297,6,6.2,24626
04-08-2016,6.1,6.294,5.721,6.2,40307
04-11-2016,6.1,6.291,5.802,6.2,25008
04-12-2016,6.195,6.3,6,6.3,26980
04-13-2016,6.1,6.195,5.84,6.04,34711
04-14-2016,6,6.099,5.9,6.02,61172
04-15-2016,5.85,6.001,5.833,6,52366
04-18-2016,5.712,5.949,5.7,5.85,49100
04-19-2016,5.6,5.8,5.51,5.79,36194
04-20-2016,5.678,5.7,5.55,5.7,24608
04-21-2016,5.667,5.678,5.5,5.678,25464
04-22-2016,5.3,5.678,4.9,5.6,61772
04-25-2016,5.205,5.4,5.104,5.3,22230
04-26-2016,5.45,5.7,5.21,5.21,34442
04-27-2016,5.4,5.7,5.2,5.6,49351
04-28-2016,5.42,5.699,5.21,5.59,37910
04-29-2016,5.336,5.699,5.3,5.5,29563
05-02-2016,4.953,5.3,4.83,5.3,64846
05-03-2016,4.7,5.001,4.63,5,34668
05-04-2016,4.8,5.3,4.62,4.66,24291
05-05-2016,4.7,5.1,4.7,4.94,23318
05-06-2016,4.589,4.84,4.501,4.84,33204
05-09-2016,4.8,4.999,4.5,4.6,16955
05-10-2016,4.45,4.85,4.4,4.85,23133
05-11-2016,4.2,4.45,4.101,4.4,49622
05-12-2016,3.92,4.6,3.855,4.134,25124
05-13-2016,4.125,4.2,3.9,3.99,19584
05-16-2016,3.95,4.4,3.915,4.2,18789
05-17-2016,3.84,4,3.21,4,27038
05-18-2016,3.7,3.98,3.3,3.9,29688
05-19-2016,3.65,4,3.3,4,19123
05-20-2016,3.85,3.949,3.6,3.6,33699
05-23-2016,4.225,4.3,3.854,3.9,53121
05-24-2016,4.225,4.4,4,4.3,25892
05-25-2016,4.6,4.78,4.103,4.17,33593
05-26-2016,4.301,4.8,4.3,4.46,22855
05-27-2016,4,4.399,3.9,4.1,11861
05-31-2016,4.35,4.4,4.1,4.23,19016
06-01-2016,4.6,4.7,4.32,4.39,17750
06-02-2016,4.4,4.7,4.34,4.46,9369
06-03-2016,4.4,4.62,4.26,4.45,33318
06-06-2016,4.5,4.5,4.121,4.121,17286
06-07-2016,4.2,4.5,4.2,4.5,11872
06-08-2016,4.103,4.47,4.05,4.21,11656
06-09-2016,4.21,4.5,4.05,4.1,19632
06-10-2016,4.15,4.47,4.1,4.29,11778
06-13-2016,4.1,4.46,4,4.21,38256
06-14-2016,4.1,4.371,4,4.1,11479
06-15-2016,4.2,4.3,4.002,4.3,6302
06-16-2016,4.119,4.298,4.1,4.111,12843
06-17-2016,4.377,4.377,3.7,4.22,13015
06-20-2016,4.101,4.4,4.01,4.236,32865
06-21-2016,4.1,4.3,3.957,4.101,9380
06-22-2016,4.79,4.8,4.022,4.1,139396
06-23-2016,4.7,5.95,4.61,5,632095
06-24-2016,4,4.7,4,4.45,151176
06-27-2016,3.67,4.3,3.615,4.1,98953
06-28-2016,3.692,3.999,3.608,3.87,49738
06-29-2016,3.8,4.1,3.7,3.8,60554
06-30-2016,3.995,4.1,3.63,3.82,64258
07-01-2016,3.934,4.05,3.801,4.05,25648
07-05-2016,3.95,4.197,3.802,3.9,14415
07-06-2016,4,4.1,3.815,3.98,21772
07-07-2016,3.782,4,3.751,4,19369
07-08-2016,3.89,3.9,3.75,3.825,13164
07-11-2016,3.854,3.989,3.75,3.96,33954
07-12-2016,3.751,3.95,3.75,3.875,37063
07-13-2016,3.7,3.85,3.64,3.8,42882
07-14-2016,3.51,3.7,3.45,3.65,76755
07-15-2016,3.56,3.625,3.45,3.6,23830
07-18-2016,3.449,3.589,3.4,3.56,53800
07-19-2016,3.45,3.5,3.355,3.401,18592
07-20-2016,3.37,3.4,3.222,3.4,14942
07-21-2016,3.395,3.45,3.362,3.45,9567
07-22-2016,3.336,3.34,3.2,3.33,30216
07-25-2016,3.57,3.7,3,3.412,57848
07-26-2016,3.48,3.58,3,3.55,67788
07-27-2016,3.204,3.5,3.015,3.5,45720
07-28-2016,3.209,3.4,3.02,3.1,88056
07-29-2016,3.085,3.329,3.02,3.32,44674
08-01-2016,3.18,3.25,3.085,3.25,19088
08-02-2016,3.11,3.25,3.05,3.2,24470
08-03-2016,3.316,3.499,3.1,3.11,85114
08-04-2016,3.6,3.898,3.34,3.455,250007
08-05-2016,3.08,3.55,2.848,3.5,157670
08-08-2016,3.136,3.217,3,3.217,36156
08-09-2016,3.05,3.19,3,3.175,24303
08-10-2016,3.086,3.4,2.95,3.4,122837
08-11-2016,3.034,3.17,2.959,3.04,49271
08-12-2016,3.015,3.158,2.9,2.96,29865
08-15-2016,3,3.099,3,3.029,34311
08-16-2016,3.002,3.1,2.94,3.1,27348
08-17-2016,3.04,3.15,2.95,3.03,78884
08-18-2016,3.014,3.05,2.951,3,40937
08-19-2016,3.28,3.6,3,3.09,189801
08-22-2016,3.83,3.99,3.2,3.4,426210
08-23-2016,3.622,3.922,3.526,3.899,101426
08-24-2016,3.512,3.75,3.4,3.6,105761
08-25-2016,3.405,3.511,3.4,3.48,42638
08-26-2016,3.4,3.64,3.331,3.4,36501
08-29-2016,3.5,3.5,3.35,3.5,16407
08-30-2016,3.524,3.7,3.41,3.41,37119
08-31-2016,3.508,3.735,3.41,3.6,54028
09-01-2016,3.4,3.506,3.35,3.501,43274
09-02-2016,3.277,3.399,3.277,3.331,25952
09-06-2016,3.134,3.522,3.13,3.3,43750
09-07-2016,3.194,3.55,3.194,3.55,48121
09-08-2016,3.275,3.4,3.125,3.4,89638
09-09-2016,3.349,3.398,3.201,3.3,40922
09-12-2016,3.438,3.5,3.24,3.39,61672
09-13-2016,3.6,3.788,3.302,3.302,124417
09-14-2016,3.9,4.099,3.605,3.605,162413
09-15-2016,4.373,4.94,3.805,4,545173
09-16-2016,4.03,4.45,4,4.4,126934
09-19-2016,3.97,4.155,3.8,4,61558
09-20-2016,4,4.18,3.82,4,85501
09-21-2016,4.056,4.2,3.89,4,77430
09-22-2016,3.977,4.29,3.91,4,65743
09-23-2016,3.497,3.59,3.342,3.575,266006
09-26-2016,3.416,3.7,3.4,3.5,55321
09-27-2016,3.45,3.669,3.43,3.43,32759
09-28-2016,3.434,3.569,3.434,3.5,34097
09-29-2016,3.36,3.45,3.35,3.427,48665
09-30-2016,3.383,3.498,3.23,3.4,32395
10-03-2016,3.449,3.55,3.26,3.4,31934
10-04-2016,3.6,3.6,3.31,3.5,60531
10-05-2016,3.5,3.55,3.405,3.45,32238
10-06-2016,3.55,3.7,3.431,3.55,22362
10-07-2016,3.562,3.597,3.307,3.5,28282
10-10-2016,3.452,3.597,3.323,3.597,24676
10-11-2016,3.5,3.6,3.32,3.45,20438
10-12-2016,3.3,3.479,3.3,3.401,31630
10-13-2016,3.373,3.43,3.3,3.3,23781
10-14-2016,3.21,3.43,3.2,3.4,43166
10-17-2016,3.25,3.4,3.1,3.3,52740
10-18-2016,3.26,3.398,3.12,3.2,26061
10-19-2016,3.35,3.55,3.2,3.2,69798
10-20-2016,3.277,3.399,3.2,3.3,19995
10-21-2016,2.685,3.2,2.6,3.2,269707
10-24-2016,2.39,2.98,2.13,2.98,207678
10-25-2016,2.45,2.63,2.355,2.39,71500
10-26-2016,2.48,2.61,2.4,2.56,84293
10-27-2016,2.36,2.48,2.3,2.48,55874
10-28-2016,2.25,2.38,2.25,2.38,54617
10-31-2016,2.01,2.25,2.01,2.23,65846
11-01-2016,1.87,2.03,1.855,2.03,104959
11-02-2016,1.63,1.86,1.5542,1.77,213438
11-03-2016,1.56,1.6599,1.48,1.6599,71236
11-04-2016,1.65,1.71,1.51,1.51,45565
11-07-2016,1.72,1.7899,1.65,1.72,68258
11-08-2016,1.65,1.78,1.6,1.69,46307
11-09-2016,1.9276,1.94,1.6661,1.79,179011
11-10-2016,1.95,2.182,1.7882,1.93,178003
11-11-2016,2.12,2.2,1.906,1.91,123755
11-14-2016,2.14,2.22,2.12,2.15,113549
11-15-2016,1.9622,2.13,1.92,2.1,85520
11-16-2016,1.91,2.0669,1.86,1.89,49482
11-17-2016,2.02,2.06,1.9,1.94,49562
11-18-2016,1.71,1.79,1.5233,1.75,349058
11-21-2016,1.63,1.78,1.53,1.78,62620
11-22-2016,1.56,1.75,1.5,1.62,136955
11-23-2016,1.6,1.61,1.5,1.56,51135
11-25-2016,1.53,1.6,1.5,1.6,46323
11-28-2016,1.42,1.54,1.28,1.54,111499
11-29-2016,1.38,1.51,1.36,1.37,41219
11-30-2016,1.42,1.49,1.35,1.38,71249
12-01-2016,1.26,1.4506,1.25,1.42,127199
12-02-2016,1.27,1.36,1.27,1.36,45108
12-05-2016,1.29,1.36,1.25,1.27,126327
12-06-2016,1.29,1.34,1.24,1.3,136056
12-07-2016,1.24,1.3,1.1,1.29,147907
12-08-2016,1.2,1.24,1.15,1.24,105295
12-09-2016,1.14,1.23,1.14,1.16,117142
12-12-2016,1.79,1.8,1.1,1.15,2521744
12-13-2016,1.43,1.8,1.35,1.79,1639343
12-14-2016,1.4,1.45,1.3,1.41,280271
12-15-2016,1.34,1.43,1.31,1.4,67524
12-16-2016,1.31,1.43,1.29,1.33,149470
12-19-2016,1.29,1.39,1.29,1.32,79378
12-20-2016,1.32,1.39,1.29,1.3,71385
12-21-2016,1.23,1.31,1.2,1.31,146106
12-22-2016,1.19,1.22,1.16,1.2,126969
12-23-2016,1.32,1.35,1.18,1.19,153232
12-27-2016,1.22,1.37,1.21,1.32,149975
12-28-2016,1.27,1.2999,1.19,1.21,84756
12-29-2016,1.28,1.34,1.25,1.26,81987
12-30-2016,1.3,1.3,1.26,1.29,79989
01-03-2017,1.37,1.6,1.31,1.34,277906
01-04-2017,1.35,1.4,1.33,1.37,126740
01-05-2017,1.28,1.35,1.26,1.35,156950
01-06-2017,1.27,1.3,1.25,1.26,140249
01-09-2017,1.3001,1.33,1.19,1.22,188669
01-10-2017,1.57,1.5799,1.31,1.31,481269
01-11-2017,1.77,1.9,1.41,1.55,1519713
01-12-2017,1.58,1.77,1.55,1.75,343610
01-13-2017,1.5045,1.58,1.42,1.58,199922
01-17-2017,1.51,1.54,1.5,1.51,81937
01-18-2017,2.86,4.07,1.81,1.9,52112580
01-19-2017,2.39,2.84,2.3,2.84,3852712
01-20-2017,2.72,2.8281,2.1,2.38,2489408
01-23-2017,2.5336,2.74,2.48,2.72,745997
01-24-2017,2.3,2.52,2.3,2.49,837183
01-25-2017,2.39,2.43,2.251,2.28,268739
01-26-2017,2.52,2.61,2.34,2.4,696610
01-27-2017,2.38,2.55,2.35,2.55,328099
01-30-2017,2.35,2.47,2.35,2.36,230842
01-31-2017,2.43,2.61,2.27,2.32,893740
02-01-2017,2.42,2.57,2.35,2.47,391356
02-02-2017,2.56,2.8297,2.43,2.44,2081680
02-03-2017,2.5039,2.695,2.43,2.63,414950
02-06-2017,2.45,2.52,2.43,2.49,135428
02-07-2017,2.63,2.69,2.38,2.5,765141
02-08-2017,2.71,2.75,2.551,2.7,394868
02-09-2017,2.7,2.75,2.42,2.75,480171
02-10-2017,2.74,3.19,2.67,2.67,1378613
02-13-2017,2.7201,2.83,2.61,2.71,367969
02-14-2017,2.69,2.74,2.65,2.74,139589
02-15-2017,2.78,2.846,2.65,2.65,193461
02-16-2017,2.89,3.15,2.78,2.8,486611
02-17-2017,3.2063,3.4899,2.84,2.9,2421917
02-21-2017,3.1,3.36,2.92,3.29,497202
02-22-2017,3.14,3.19,2.963,3,316992
02-23-2017,3.08,3.17,2.9621,3.17,137082
02-24-2017,3.0684,3.09,2.97,3.09,119624
02-27-2017,3.15,3.25,3,3.05,236526
02-28-2017,2.9,3.11,2.8489,3.11,274452
03-01-2017,2.88,3.02,2.87,2.93,164959
03-02-2017,2.74,2.9,2.66,2.86,234652
03-03-2017,2.65,2.792,2.6,2.79,225569
03-06-2017,2.69,2.89,2.6501,2.68,351387
03-07-2017,2.77,2.8,2.68,2.7,88378
03-08-2017,2.78,2.8,2.72,2.79,328340
03-09-2017,2.8,3.41,2.72,3.35,1315359
03-10-2017,2.64,2.82,2.61,2.82,389320
03-13-2017,2.83,2.98,2.59,2.65,496077
03-14-2017,2.47,2.7865,1.65,2.58,740814
03-15-2017,2.2,2.42,2.065,2.42,571483
03-16-2017,2.23,2.29,2.1,2.29,115509
03-17-2017,2.23,2.27,2.175,2.27,80754
03-20-2017,2.13,2.2199,1.9503,2.21,112859
03-21-2017,2.22,2.22,2.11,2.2,108304
03-22-2017,2.26,2.4,2.174,2.19,129067
03-23-2017,2.29,2.38,2.2,2.24,48605
03-24-2017,2.25,2.4,2.25,2.4,66386
