03-28-2016,6.11,6.3,5.47,5.55,320407
03-29-2016,6.79,7.19,6.1944,6.3,568997
03-30-2016,7.89,8.65,6.8,6.86,1341801
03-31-2016,6.4,7.77,6.3301,7.75,659049
04-01-2016,6.74,6.998,6,6.4,370625
04-04-2016,6.49,6.88,6.45,6.75,169788
04-05-2016,6.55,6.61,6.27,6.4,112777
04-06-2016,7.46,7.492,6.54,6.54,345677
04-07-2016,7.25,7.75,7.051,7.4,181860
04-08-2016,7.57,7.61,7.19,7.25,143364
04-11-2016,7.75,8.46,7.63,7.8,340122
04-12-2016,8.16,8.19,7.75,7.96,236422
04-13-2016,9.515,9.58,8.21,8.44,547371
04-14-2016,10.19,11.499,9.05,9.99,862657
04-15-2016,10.97,11.25,9.88,10.25,531829
04-18-2016,12.44,13.97,11,11,1113241
04-19-2016,10.69,13.46,10.31,13.42,1058715
04-20-2016,8.05,9.93,7.12,9.61,2233203
04-21-2016,7.14,8.47,7.02,8.47,831213
04-22-2016,7.25,7.4599,6.67,7.01,547575
04-25-2016,7.31,8.1395,7.16,7.4,742156
04-26-2016,7.295,7.6699,7.07,7.47,297698
04-27-2016,7.14,7.5299,7.05,7.39,270110
04-28-2016,7.09,7.39,7.0101,7.39,234217
04-29-2016,6.24,7.2306,6.17,7.1,441828
05-02-2016,6.09,6.3883,5.68,6.37,410909
05-03-2016,5.69,6,5.51,5.9,223454
05-04-2016,4.98,5.545,4.94,5.52,476648
05-05-2016,5.15,5.22,4.7501,5.22,347117
05-06-2016,5.85,5.94,5.11,5.16,895486
05-09-2016,6.91,7.645,5.85,5.85,1283879
05-10-2016,5.86,7.33,5.7701,6.95,629188
05-11-2016,5.52,5.99,5.4035,5.86,300972
05-12-2016,5.65,6.1799,5.5,5.54,426680
05-13-2016,5.45,5.81,5.04,5.5,358840
05-16-2016,5.67,6.1,5.3501,5.43,200641
05-17-2016,5.94,6.05,5.59,5.66,201064
05-18-2016,6,6.03,5.76,5.95,129792
05-19-2016,5.75,6.0899,5.6501,5.92,144945
05-20-2016,5.96,6,5.6,5.77,106989
05-23-2016,5.78,6.04,5.61,5.87,129723
05-24-2016,5.85,5.95,5.57,5.76,100616
05-25-2016,5.81,6,5.65,5.82,155823
05-26-2016,5.56,5.88,5.51,5.77,184673
05-27-2016,5.96,5.96,5.38,5.56,186378
05-31-2016,6.17,6.3,5.91,6.04,312941
06-01-2016,6.04,6.1617,5.91,6.16,92935
06-02-2016,6.19,6.33,6,6.02,120821
06-03-2016,6.21,6.4321,6.05,6.32,187207
06-06-2016,7.99,7.99,6.3,6.39,681023
06-07-2016,8.12,9.22,8,8.6,861786
06-08-2016,7.03,8.29,6.75,8.12,601133
06-09-2016,7.5,7.71,7.0201,7.23,371885
06-10-2016,7.41,7.9,7.09,7.45,325615
06-13-2016,5.95,7.9,5.9,7.9,1050677
06-14-2016,5.98,6.1,5.7,5.99,452127
06-15-2016,5.97,6.1199,5.75,5.99,251002
06-16-2016,5.8,5.98,5.65,5.82,164857
06-17-2016,5.61,5.8,5.49,5.79,317290
06-20-2016,5.71,5.99,5.55,5.57,281589
06-21-2016,5.6,5.83,5.31,5.68,253720
06-22-2016,5.46,5.66,5.26,5.5,242258
06-23-2016,5.6,5.65,5.46,5.46,254466
06-24-2016,5.51,5.61,5.25,5.45,1179497
06-27-2016,5.38,5.51,5.26,5.42,172844
06-28-2016,5.5,5.53,5.4,5.41,102881
06-29-2016,5.62,5.6599,5.45,5.6,191808
06-30-2016,6.13,6.15,5.51,5.61,261140
07-01-2016,6.44,6.5,6.14,6.31,167589
07-05-2016,5.9,6.4599,5.75,6.31,197614
07-06-2016,5.76,5.91,5.62,5.84,141286
07-07-2016,5.75,5.92,5.62,5.91,130826
07-08-2016,6.24,6.25,5.6501,5.8,174142
07-11-2016,6.3,6.5,6.2,6.42,194075
07-12-2016,6.34,6.42,6.15,6.29,89658
07-13-2016,6.06,6.4199,5.95,6.36,86000
07-14-2016,5.99,6.4,5.95,6.32,80674
07-15-2016,6.15,6.19,5.9,6,111030
07-18-2016,6.21,6.29,5.94,6.16,93106
07-19-2016,6.04,6.239,5.95,6.21,71875
07-20-2016,6.31,6.4399,6.02,6.02,142153
07-21-2016,6.63,6.68,6.028,6.31,155260
07-22-2016,6.82,7.075,6.5,6.7,177118
07-25-2016,6.42,6.75,6.2,6.62,139890
07-26-2016,6.32,6.46,6.25,6.31,63205
07-27-2016,6.46,6.5,6.3,6.37,79477
07-28-2016,5.37,5.7,5.255,5.54,1562789
07-29-2016,5.26,5.39,5.16,5.37,370283
08-01-2016,5.31,5.3392,5.17,5.17,179059
08-02-2016,4.99,5.3,4.95,5.22,398517
08-03-2016,4.99,5.12,4.8,4.9,264858
08-04-2016,4.99,5.11,4.98,5,222001
08-05-2016,4.76,5.04,4.72,5.02,413959
08-08-2016,4.9,5.05,4.7,4.7,256859
08-09-2016,4.86,4.95,4.82,4.88,145004
08-10-2016,4.71,4.94,4.7,4.77,250556
08-11-2016,4.76,4.8,4.7,4.7,151018
08-12-2016,4.71,4.7999,4.69,4.74,170967
08-15-2016,4.54,4.7889,4.48,4.66,339708
08-16-2016,4.21,4.51,3.998,4.51,372429
08-17-2016,3.99,4.21,3.84,4.2,425164
08-18-2016,4.18,4.2111,3.75,3.99,386092
08-19-2016,4.25,4.3099,4.12,4.18,259914
08-22-2016,4.3,4.34,4.19,4.27,188886
08-23-2016,4.47,4.49,4.27,4.33,233799
08-24-2016,4.52,4.62,4.45,4.5,188738
08-25-2016,4.64,4.65,4.48,4.5,231238
08-26-2016,4.86,4.88,4.65,4.65,236070
08-29-2016,5.22,5.31,4.9,4.97,422786
08-30-2016,4.78,5.359,4.62,5.35,457963
08-31-2016,4.95,4.99,4.78,4.78,430178
09-01-2016,4.95,5.08,4.66,4.99,203749
09-02-2016,5.23,5.31,4.83,5.01,274808
09-06-2016,5.27,5.44,5.13,5.22,197148
09-07-2016,5.42,5.45,5.25,5.28,226754
09-08-2016,5.4,5.5,5.3,5.37,151509
09-09-2016,5.03,5.489,5.01,5.36,192511
09-12-2016,5.05,5.06,4.87,4.93,157474
09-13-2016,4.86,5.1,4.75,4.94,161039
09-14-2016,4.79,5.07,4.76,4.82,144575
09-15-2016,4.87,4.8999,4.72,4.82,101777
09-16-2016,4.9,4.94,4.75,4.87,253789
09-19-2016,4.77,4.96,4.6,4.93,180616
09-20-2016,4.78,4.875,4.71,4.78,187653
09-21-2016,5.16,5.22,4.84,4.92,187655
09-22-2016,4.94,5.22,4.82,5.22,252096
09-23-2016,4.84,4.95,4.81,4.92,114084
09-26-2016,4.63,4.8512,4.56,4.8,247560
09-27-2016,4.48,4.64,4.36,4.64,171300
09-28-2016,4.69,4.71,4.46,4.46,162970
09-29-2016,4.62,4.74,4.53,4.7,143166
09-30-2016,4.97,5.01,4.66,4.7,264668
10-03-2016,4.72,5.0225,4.66,5,240856
10-04-2016,4.77,4.79,4.65,4.72,64185
10-05-2016,4.93,4.9997,4.75,4.75,139318
10-06-2016,4.92,4.96,4.78,4.88,71574
10-07-2016,4.72,4.93,4.7,4.93,134431
10-10-2016,4.85,4.92,4.75,4.79,86877
10-11-2016,4.89,4.9,4.78,4.88,102114
10-12-2016,4.7,4.8718,4.65,4.85,100974
10-13-2016,4.52,4.7,4.5,4.64,75541
10-14-2016,4.61,4.7253,4.5,4.55,200010
10-17-2016,4.62,4.7047,4.6,4.6,94956
10-18-2016,4.61,4.7,4.6,4.7,62599
10-19-2016,4.65,4.69,4.6,4.69,52258
10-20-2016,4.72,4.75,4.61,4.61,52494
10-21-2016,4.67,4.74,4.61,4.67,31944
10-24-2016,4.65,4.7,4.6,4.65,56776
10-25-2016,4.55,4.64,4.45,4.55,115342
10-26-2016,4.75,4.775,4.3,4.5,96311
10-27-2016,4.65,4.75,4.5,4.5,92441
10-28-2016,4.45,4.66,4.4,4.6,101848
10-31-2016,4.2,4.44,4.05,4.35,152056
11-01-2016,4.15,4.24,3.45,4.2,190750
11-02-2016,4.05,4.19,3.9,4.15,77285
11-03-2016,4.05,4.1,3.925,4.1,97753
11-04-2016,4.05,4.1,3.95,4.05,53374
11-07-2016,4,4.2,3.9,4.1,85464
11-08-2016,4.05,4.1,3.9,3.9,34585
11-09-2016,4.35,4.35,3.9,3.9,104730
11-10-2016,4.55,4.6,4.25,4.35,81355
11-11-2016,4.8,4.85,4.5,4.6,200607
11-14-2016,4.85,5.05,4.5,5.05,138232
11-15-2016,5,5.05,4.66,4.75,127773
11-16-2016,4.9,5.05,4.85,4.9,96880
11-17-2016,4.95,4.95,4.7,4.85,83175
11-18-2016,5.05,5.05,4.95,5,63409
11-21-2016,5.05,5.1,4.795,5.05,141739
11-22-2016,5,5,4.864,4.95,40584
11-23-2016,5.05,5.05,4.85,4.9,95330
11-25-2016,5,5.05,4.9,5,29276
11-28-2016,5.05,5.05,4.9115,4.95,58766
11-29-2016,4.85,5.05,4.85,5.05,43854
11-30-2016,4.65,4.95,4.55,4.85,72123
12-01-2016,4.45,4.9,4.375,4.6,77323
12-02-2016,4.7,4.75,4.3229,4.55,50583
12-05-2016,4.7,4.9,4.65,4.75,68136
12-06-2016,4.75,4.8,4.6,4.75,58506
12-07-2016,4.85,5,4.7,4.75,183542
12-08-2016,4.8,4.9,4.55,4.9,131567
12-09-2016,4.9,4.95,4.65,4.8,121030
12-12-2016,4.8,5,4.8,5,209909
12-13-2016,4.6,5,4.6,4.95,188381
12-14-2016,4.55,4.7,4.5,4.6,184570
12-15-2016,4.45,4.679,4.3815,4.5,165815
12-16-2016,4.675,4.75,4.45,4.55,257790
12-19-2016,4.85,5,4.8,5,266097
12-20-2016,4.8,5.05,4.75,5.05,317377
12-21-2016,4.65,4.8828,4.6,4.75,145297
12-22-2016,4.4,4.7,4.35,4.7,214387
12-23-2016,4.6,4.6,4.3,4.35,149257
12-27-2016,4.9,4.9,4.65,4.7,293477
12-28-2016,4.85,5.05,4.85,5,170974
12-29-2016,4.9,5,4.85,4.95,127776
12-30-2016,4.9,4.95,4.85,4.95,82094
01-03-2017,4.95,5,4.9,5,126659
01-04-2017,5,5,4.9,5,110403
01-05-2017,5.25,5.34,5,5,245931
01-06-2017,5.45,5.6,5.3,5.55,276024
01-09-2017,5.5,5.683,5.4,5.65,242735
01-10-2017,5.55,5.55,5.4,5.5,305260
01-11-2017,5.55,5.675,5.3,5.6,243817
01-12-2017,5.35,5.55,5.35,5.5,150387
01-13-2017,5.4,5.5,5.35,5.45,95355
01-17-2017,5.1,5.5,5.05,5.45,178990
01-18-2017,4.85,5.1,4.8,5.1,254989
01-19-2017,4.85,5.1,4.85,5.1,167526
01-20-2017,5.05,5.1,4.85,4.9,191625
01-23-2017,4.95,5.145,4.9,5.1,131732
01-24-2017,5,5,4.85,4.95,133384
01-25-2017,5.05,5.1,5,5.1,99223
01-26-2017,5,5.15,4.95,5.15,141474
01-27-2017,4.85,4.95,4.85,4.9,122269
01-30-2017,4.7,5,4.65,4.9,199660
01-31-2017,4.55,4.65,4.5,4.65,188400
02-01-2017,4.5,4.6,4.5,4.5,106549
02-02-2017,4.4,4.55,4.35,4.55,144915
02-03-2017,4.2,4.4,4.2,4.3,294499
02-06-2017,4.4,4.945,4.2,4.25,659307
02-07-2017,4.85,5.05,4.5,4.5,609168
02-08-2017,5.05,5.1,4.625,4.85,460165
02-09-2017,5.05,5.25,5,5.05,308346
02-10-2017,5.2,5.3,5.05,5.05,266556
02-13-2017,4.95,5.3,4.9,5.3,194376
02-14-2017,4.7,4.99,4.65,4.9,272147
02-15-2017,4.75,4.85,4.65,4.65,138777
02-16-2017,4.7,4.85,4.7,4.75,234022
02-17-2017,4.7,4.9,4.65,4.7,273655
02-21-2017,4.4,4.8,4.2,4.8,431295
02-22-2017,1.475,1.6,1.25,1.6,7282975
02-23-2017,1.35,1.6,1.3,1.55,2841031
02-24-2017,1.225,1.35,1.2,1.3,1485216
02-27-2017,1.075,1.225,1.05,1.2,2626504
02-28-2017,1.15,1.15,1.05,1.05,912432
03-01-2017,1.2,1.2,1.125,1.15,398342
03-02-2017,1.3,1.35,1.15,1.2,1800005
03-03-2017,1.45,1.5,1.35,1.4,1131504
03-06-2017,1.3,1.5,1.25,1.5,627751
03-07-2017,1.4,1.4,1.25,1.4,716246
03-08-2017,1.35,1.4,1.3,1.4,405564
03-09-2017,1.25,1.4,1.25,1.35,303888
03-10-2017,1.15,1.26,1.1,1.25,614078
03-13-2017,1.25,1.25,1.15,1.15,233717
03-14-2017,1.2,1.25,1.2,1.25,298709
03-15-2017,1.25,1.25,1.2,1.25,688366
03-16-2017,1.2,1.25,1.15,1.25,303489
03-17-2017,1,1.2,1,1.2,1244642
03-20-2017,0.85,0.99,0.75,0.95,1038741
03-21-2017,0.8008,0.9457,0.7949,0.8,442234
03-22-2017,0.87,0.87,0.75,0.75,299431
03-23-2017,0.7271,0.84,0.7,0.8,705921
03-24-2017,0.4896,0.7,0.48,0.7,2368259
