03-28-2016,6.02,6.585,6.02,6.58,4172184
03-29-2016,6.16,6.19,5.78,6,4495309
03-30-2016,6.2,6.415,6.05,6.22,2913345
03-31-2016,6.39,6.49,6.175,6.2,3258832
04-01-2016,6.32,6.46,6.185,6.31,2716997
04-04-2016,6.39,6.61,6.2399,6.32,3132492
04-05-2016,6.52,6.61,6.3,6.33,3054198
04-06-2016,6.55,6.72,6.34,6.55,7001066
04-07-2016,6.79,6.95,6.32,6.51,7619346
04-08-2016,6.6,6.95,6.45,6.9,3364332
04-11-2016,6.34,6.65,6.33,6.6,2544231
04-12-2016,6.41,6.49,6.27,6.35,2128091
04-13-2016,6.49,6.54,6.32,6.45,2315555
04-14-2016,6.79,6.88,6.45,6.63,3663141
04-15-2016,7.1,7.3,6.9,7.29,9904104
04-18-2016,7.22,7.35,6.92,6.93,2771474
04-19-2016,7.18,7.38,7.15,7.34,2931414
04-20-2016,7.28,7.43,7.12,7.19,2948330
04-21-2016,7.45,7.46,7.18,7.24,2410948
04-22-2016,7.36,7.46,7.28,7.43,1668633
04-25-2016,7.36,7.57,7.34,7.34,2161900
04-26-2016,7.25,7.4,7.09,7.36,2385499
04-27-2016,7.22,7.3,7,7.23,2306973
04-28-2016,7.17,7.44,7.13,7.22,2365216
04-29-2016,7.18,7.2925,7.12,7.15,2611245
05-02-2016,7.3,7.3,7.01,7.22,1739878
05-03-2016,7.03,7.2238,7.01,7.17,2398527
05-04-2016,6.65,6.96,6.65,6.9,2970865
05-05-2016,6.73,6.8,6.47,6.7,3845760
05-06-2016,6.98,7.065,6.72,6.8,2822776
05-09-2016,7.18,7.33,6.95,7.15,4720306
05-10-2016,7.64,7.94,7.06,7.34,10850050
05-11-2016,7.5,7.82,7.45,7.64,3993097
05-12-2016,7.41,7.64,7.28,7.57,2964210
05-13-2016,7.48,7.64,7.37,7.38,5515188
05-16-2016,7.74,7.81,7.61,7.62,3082547
05-17-2016,7.71,7.93,7.6129,7.72,3641203
05-18-2016,7.85,7.91,7.63,7.69,3966744
05-19-2016,7.66,7.9589,7.59,7.93,7459682
05-20-2016,7.75,7.7701,7.59,7.68,5017966
05-23-2016,8.08,8.24,7.72,7.76,9016660
05-24-2016,7.97,8.41,7.95,8.22,7288025
05-25-2016,8.15,8.22,8.02,8.04,3150515
05-26-2016,8.03,8.175,8.02,8.14,1962823
05-27-2016,8.21,8.22,7.96,8.06,2604946
05-31-2016,8.85,9.015,8.32,8.33,10251200
06-01-2016,8.83,8.9,8.63,8.81,4966889
06-02-2016,8.91,8.93,8.75,8.8,4020852
06-03-2016,8.98,9.1776,8.7599,9.1,10091061
06-06-2016,8.86,9.12,8.58,9.02,9505999
06-07-2016,8.66,8.79,8.58,8.75,3598926
06-08-2016,8.8,8.845,8.5631,8.68,3602196
06-09-2016,8.42,8.89,8.41,8.79,4736166
06-10-2016,8.27,8.41,8.21,8.28,3744650
06-13-2016,8.2,8.35,8.03,8.03,2726804
06-14-2016,8.23,8.295,7.96,8.13,2889863
06-15-2016,8.16,8.3125,8.16,8.26,2110962
06-16-2016,8.04,8.21,7.91,8.09,5857452
06-17-2016,7.52,8.2,7.5,8.07,11033836
06-20-2016,7.5,7.85,7.46,7.7,3782788
06-21-2016,7.23,7.525,7.105,7.52,4861671
06-22-2016,7.27,7.45,7.12,7.22,3181910
06-23-2016,7.54,7.54,7.27,7.35,3379454
06-24-2016,7.18,7.46,7.08,7.13,7073607
06-27-2016,6.74,7.19,6.7,7.1,4625188
06-28-2016,7.11,7.11,6.82,6.82,3369270
06-29-2016,7.46,7.48,7.07,7.17,4692393
06-30-2016,7.39,7.46,7.28,7.46,2708178
07-01-2016,7.49,7.6599,7.21,7.36,2244666
07-05-2016,7.26,7.46,7.17,7.41,2099566
07-06-2016,7.37,7.415,7.16,7.23,2121760
07-07-2016,7.34,7.47,7.21,7.45,1972793
07-08-2016,7.51,7.54,7.3,7.36,3893137
07-11-2016,7.37,7.55,7.235,7.55,5339443
07-12-2016,7.35,7.46,7.3,7.44,2712236
07-13-2016,7.14,7.43,7.12,7.4,3088787
07-14-2016,7.03,7.24,7,7.21,2553886
07-15-2016,7.13,7.26,7.035,7.05,2989094
07-18-2016,7.18,7.21,7.07,7.15,2044521
07-19-2016,7.05,7.23,6.97,7.19,2118678
07-20-2016,7.63,7.66,7.01,7.05,9177766
07-21-2016,7.98,8.1,7.63,7.69,8570943
07-22-2016,8.11,8.24,7.89,7.97,6136555
07-25-2016,8.2,8.24,7.98,8.07,5554455
07-26-2016,8.26,8.41,8.05,8.2,7267738
07-27-2016,8.42,8.45,8.24,8.3,4321285
07-28-2016,9.47,9.59,8.8,9,16730558
07-29-2016,9.51,9.89,9.23,9.39,15841164
08-01-2016,9.71,9.9,9.44,9.55,10037047
08-02-2016,9.72,9.77,9.38,9.7,5724285
08-03-2016,9.93,9.93,9.531,9.69,5678946
08-04-2016,9.91,10.18,9.79,9.98,4315996
08-05-2016,10.16,10.17,9.84,9.89,3648949
08-08-2016,10.02,10.18,9.935,10.16,3499764
08-09-2016,10.05,10.345,9.92,10.01,5971283
08-10-2016,9.97,10.13,9.88,10.02,5148325
08-11-2016,10.16,10.36,9.8,10.08,5137451
08-12-2016,10.58,10.7,10.13,10.17,6429722
08-15-2016,10.66,10.83,10.56,10.63,3754295
08-16-2016,10.55,10.68,10.53,10.6,4125146
08-17-2016,10.45,10.55,10.34,10.55,2940173
08-18-2016,10.4,10.59,10.34,10.45,2308064
08-19-2016,10.31,10.37,10.18,10.34,2343386
08-22-2016,10.56,10.82,10.35,10.53,4931107
08-23-2016,10.6,10.66,10.48,10.58,2634953
08-24-2016,10.02,10.85,9.95,10.54,8006575
08-25-2016,10.2,10.3893,9.99,10.12,5271990
08-26-2016,10.25,10.34,10.03,10.16,4056394
08-29-2016,10.21,10.32,10.08,10.26,2729979
08-30-2016,10.43,10.45,10.27,10.29,4676826
08-31-2016,10.34,10.45,10.18,10.4,4757543
09-01-2016,10.19,10.37,10.06,10.33,2549575
09-02-2016,10.12,10.21,9.88,10.21,2807620
09-06-2016,10.41,10.45,10.05,10.14,4034895
09-07-2016,10.39,10.475,10.28,10.43,2823361
09-08-2016,10.41,10.5,10.13,10.38,3819641
09-09-2016,10.18,10.48,10.11,10.27,4778075
09-12-2016,10.47,10.47,9.78,10.07,3866548
09-13-2016,10.64,10.735,10.32,10.32,5425240
09-14-2016,11.01,11.29,10.67,10.68,9721099
09-15-2016,11.7,11.79,11.08,11.29,6425801
09-16-2016,12.12,12.13,11.55,11.61,10641369
09-19-2016,12.11,12.2,11.94,12.15,7562441
09-20-2016,12.9,13.05,12.13,12.19,12725467
09-21-2016,13.41,13.45,12.83,13.3,11433999
09-22-2016,13.63,13.74,13.23,13.5,9314659
09-23-2016,13.52,13.94,13.5,13.57,6726009
09-26-2016,13.96,14.01,13.61,13.75,6325652
09-27-2016,13.95,14.25,13.785,14.14,6869062
09-28-2016,14.14,14.26,13.83,14.15,5988867
09-29-2016,13.71,14.15,13.57,14.03,5323596
09-30-2016,13.69,13.82,12.95,13.76,9291018
10-03-2016,13.59,13.7,13.32,13.62,3888395
10-04-2016,13.36,13.67,13.205,13.6,5226057
10-05-2016,13.87,13.98,13.41,13.64,5060430
10-06-2016,13.35,14.175,13.25,13.8,9527082
10-07-2016,13.4,13.54,13.19,13.34,4037059
10-10-2016,14.19,14.34,13.64,13.75,6332212
10-11-2016,13.64,14.12,13.55,14.06,5028077
10-12-2016,12.8,13.72,12.79,13.57,6001049
10-13-2016,13.07,13.2,12.63,12.8,5878969
10-14-2016,11.14,13.32,11.06,13.15,19778649
10-17-2016,11.12,11.66,10.77,11.14,10672294
10-18-2016,11.07,11.43,11.07,11.19,5519713
10-19-2016,10.81,11.14,10.74,11.14,4525219
10-20-2016,10.78,11.27,10.05,10.77,23677345
10-21-2016,10.38,11.12,10.32,10.8,11157740
10-24-2016,9.37,9.795,9.245,9.78,15358294
10-25-2016,9.34,9.57,9.12,9.3,7574434
10-26-2016,9.31,9.6,9.11,9.57,6972027
10-27-2016,8.93,9.45,8.86,9.34,6614993
10-28-2016,8.78,9.17,8.63,8.88,8121441
10-31-2016,8.72,9.08,8.71,9.02,6662687
11-01-2016,9.19,9.35,8.75,8.75,8006313
11-02-2016,9.01,9.18,8.9392,9.07,5755170
11-03-2016,8.67,9.08,8.63,9.03,8298765
11-04-2016,8.875,8.9399,8.67,8.69,7171020
11-07-2016,9.61,10,9.32,9.6,11205293
11-08-2016,9.27,9.53,9.03,9.48,7700519
11-09-2016,11.43,11.5,10.25,10.33,19858839
11-10-2016,11.77,12.13,11.48,11.88,12180450
11-11-2016,12.43,12.515,11.52,11.6,9159326
11-14-2016,13.265,13.38,12.42,12.56,10625360
11-15-2016,13.2,13.25,12.85,13.15,6556570
11-16-2016,12.87,13.225,12.86,13.13,5151982
11-17-2016,13.89,14.14,13.07,13.11,9631890
11-18-2016,14.06,14.08,13.4441,13.85,6022110
11-21-2016,13.61,14.0348,13.57,14,4776454
11-22-2016,13.35,13.88,13.21,13.7,6141639
11-23-2016,13.79,13.8,12.86,13.11,3637157
11-25-2016,14.15,14.19,13.6075,13.89,2542010
11-28-2016,13.695,14.23,13.63,13.99,3966228
11-29-2016,13.8,14.42,13.72,14.26,8632478
11-30-2016,13.48,13.86,13.36,13.86,4783562
12-01-2016,13.07,13.63,12.94,13.5,5369602
12-02-2016,13.16,13.51,12.93,13.1,3755966
12-05-2016,13.28,13.46,13.1,13.34,5012126
12-06-2016,13.69,13.71,13.145,13.27,4394411
12-07-2016,12.76,13.25,12.32,13.25,9396544
12-08-2016,12.98,13.04,12.425,12.9,4345658
12-09-2016,12.68,13.33,12.67,13.05,4387448
12-12-2016,12.39,12.65,12.24,12.49,3500313
12-13-2016,12.425,12.59,12.19,12.39,3029129
12-14-2016,12.53,12.795,12.345,12.4,3248516
12-15-2016,12.5,12.69,12.4,12.6,3475437
12-16-2016,12.45,12.72,12.415,12.48,4184066
12-19-2016,12.14,12.56,12.07,12.46,3003677
12-20-2016,12.2,12.28,12.07,12.16,2839067
12-21-2016,11.89,12.3,11.87,12.17,1901976
12-22-2016,11.87,12.02,11.69,11.85,2435819
12-23-2016,12.22,12.24,11.81,11.81,2052634
12-27-2016,12.65,12.84,12.23,12.29,3854337
12-28-2016,12.57,12.76,12.52,12.67,2851247
12-29-2016,12.4,12.71,12.36,12.54,2282295
12-30-2016,12.44,12.6,12.37,12.39,2505840
01-03-2017,12.37,12.7299,12.12,12.59,2834236
01-04-2017,13.06,13.3,12.4,12.4,6994168
01-05-2017,13.4,13.47,12.82,13.11,4565642
01-06-2017,13.74,13.995,13.4597,13.49,4210777
01-09-2017,23.75,23.81,23.71,23.78,142501441
01-10-2017,23.68,23.79,23.68,23.75,62154877
01-11-2017,23.7,23.73,23.65,23.7,35797254
01-12-2017,23.71,23.71,23.68,23.7,14662229
01-13-2017,23.69,23.71,23.67,23.69,14657842
01-17-2017,23.64,23.72,23.64,23.67,13180932
01-18-2017,23.695,23.73,23.66,23.66,11935292
01-19-2017,23.7,23.73,23.68,23.72,12944291
01-20-2017,23.75,23.8,23.72,23.73,11638351
01-23-2017,23.71,23.78,23.71,23.74,9137476
01-24-2017,23.74,23.75,23.7,23.73,11675955
01-25-2017,23.72,23.76,23.7,23.73,11316255
01-26-2017,23.64,23.73,23.63,23.71,14179836
01-27-2017,23.68,23.75,23.63,23.65,8097433
01-30-2017,23.65,23.71,23.65,23.66,9222060
01-31-2017,23.82,23.85,23.8,23.8,14665913
02-01-2017,23.79,23.84,23.74,23.81,11893755
02-02-2017,23.785,23.82,23.77,23.8,9809445
02-03-2017,23.8,23.81,23.78,23.78,5498593
02-06-2017,23.8,23.81,23.79,23.79,4072622
02-07-2017,23.81,23.82,23.79,23.8,7789279
02-08-2017,23.87,23.875,23.81,23.81,6667231
02-09-2017,23.89,23.89,23.85,23.85,2534751
02-10-2017,23.85,23.89,23.85,23.86,3241849
02-13-2017,23.95,23.95,23.87,23.87,6246627
02-14-2017,23.95,23.95,23.91,23.92,5400161
02-15-2017,23.99,23.99,23.94,23.95,7220924
