03-28-2016,1.56,1.65,1.56,1.65,113454
03-29-2016,1.58,1.6,1.55,1.56,64315
03-30-2016,1.58,1.63,1.57,1.59,10589
03-31-2016,1.6,1.63,1.5615,1.59,66295
04-01-2016,1.62,1.63,1.56,1.6,98513
04-04-2016,1.53,1.63,1.48,1.62,210217
04-05-2016,1.5,1.5799,1.49,1.54,106136
04-06-2016,1.43,1.52,1.37,1.49,204545
04-07-2016,1.44,1.47,1.41,1.43,108650
04-08-2016,1.53,1.53,1.44,1.45,95607
04-11-2016,1.53,1.58,1.52,1.57,88047
04-12-2016,1.55,1.56,1.5018,1.54,91361
04-13-2016,1.54,1.57,1.52,1.57,93173
04-14-2016,1.64,1.64,1.5178,1.55,121315
04-15-2016,1.79,1.825,1.6088,1.64,225739
04-18-2016,1.79,1.82,1.73,1.8,188357
04-19-2016,1.7,1.8,1.67,1.76,146551
04-20-2016,1.82,1.87,1.71,1.71,611508
04-21-2016,1.84,1.87,1.8,1.84,128964
04-22-2016,1.84,1.87,1.8,1.87,146957
04-25-2016,1.73,1.86,1.71,1.86,120703
04-26-2016,1.67,1.72,1.6,1.66,154276
04-27-2016,1.65,1.69,1.64,1.67,53312
04-28-2016,1.65,1.73,1.62,1.67,113113
04-29-2016,1.63,1.71,1.6,1.66,69228
05-02-2016,1.63,1.6693,1.6,1.64,96362
05-03-2016,1.53,1.65,1.53,1.62,108143
05-04-2016,1.57,1.6,1.54,1.58,78752
05-05-2016,1.57,1.61,1.53,1.58,100716
05-06-2016,1.57,1.6,1.55,1.57,25247
05-09-2016,1.63,1.63,1.55,1.59,43132
05-10-2016,1.64,1.65,1.62,1.63,39575
05-11-2016,1.63,1.63,1.55,1.62,74035
05-12-2016,1.63,1.65,1.57,1.63,60968
05-13-2016,1.61,1.6355,1.59,1.62,65271
05-16-2016,1.63,1.65,1.58,1.59,65701
05-17-2016,1.62,1.64,1.5562,1.61,113676
05-18-2016,1.59,1.64,1.576,1.6,23815
05-19-2016,1.63,1.63,1.57,1.6,80738
05-20-2016,1.62,1.65,1.62,1.63,33239
05-23-2016,1.64,1.68,1.62,1.62,68116
05-24-2016,1.68,1.69,1.63,1.65,16243
05-25-2016,1.68,1.6899,1.63,1.6412,28305
05-26-2016,1.65,1.69,1.62,1.67,44020
05-27-2016,1.7,1.7,1.64,1.657,103576
05-31-2016,1.76,1.85,1.6466,1.7,168426
06-01-2016,1.81,1.95,1.76,1.77,395437
06-02-2016,1.85,1.9,1.8,1.82,122266
06-03-2016,1.82,1.894,1.8,1.86,49214
06-06-2016,1.83,1.84,1.71,1.84,70693
06-07-2016,1.8,1.83,1.71,1.82,151799
06-08-2016,1.78,1.83,1.71,1.79,144176
06-09-2016,1.78,1.81,1.74,1.79,197140
06-10-2016,1.78,1.82,1.71,1.75,70539
06-13-2016,1.73,1.82,1.7201,1.75,91793
06-14-2016,1.7,1.74,1.7,1.7,78779
06-15-2016,1.74,1.77,1.69,1.71,63205
06-16-2016,1.79,1.85,1.68,1.73,153338
06-17-2016,1.79,1.82,1.73,1.8,325606
06-20-2016,1.75,1.8,1.75,1.79,50763
06-21-2016,1.75,1.8,1.7115,1.75,71381
06-22-2016,1.89,1.9,1.78,1.78,310759
06-23-2016,1.92,2.044,1.86,1.93,472494
06-24-2016,1.91,1.93,1.78,1.85,310290
06-27-2016,1.78,1.92,1.7301,1.92,228508
06-28-2016,1.82,1.86,1.77,1.82,93836
06-29-2016,1.91,1.92,1.831,1.85,211943
06-30-2016,1.9,2.17,1.83,2.1,438324
07-01-2016,1.85,1.94,1.82,1.88,220844
07-05-2016,1.75,1.93,1.67,1.84,510564
07-06-2016,1.7,1.76,1.69,1.74,90252
07-07-2016,1.66,1.71,1.63,1.71,120864
07-08-2016,1.74,1.76,1.6675,1.67,152687
07-11-2016,1.71,1.77,1.7,1.76,30656
07-12-2016,1.74,1.76,1.7,1.72,47668
07-13-2016,1.69,1.74,1.68,1.72,64726
07-14-2016,1.63,1.73,1.61,1.72,185911
07-15-2016,1.61,1.64,1.6,1.62,244776
07-18-2016,1.63,1.64,1.59,1.61,73706
07-19-2016,1.65,1.7,1.62,1.66,38084
07-20-2016,1.63,1.65,1.62,1.65,41289
07-21-2016,1.59,1.68,1.56,1.63,292541
07-22-2016,1.63,1.63,1.55,1.59,76477
07-25-2016,1.61,1.67,1.59,1.64,31282
07-26-2016,1.61,1.65,1.56,1.61,32765
07-27-2016,1.63,1.65,1.58,1.6052,78888
07-28-2016,1.63,1.68,1.63,1.65,30053
07-29-2016,1.66,1.7,1.62,1.66,67749
08-01-2016,1.68,1.7,1.68,1.68,45224
08-02-2016,1.66,1.6988,1.6345,1.68,54219
08-03-2016,1.66,1.68,1.58,1.62,40551
08-04-2016,1.64,1.68,1.59,1.63,66389
08-05-2016,1.57,1.63,1.53,1.6,102038
08-08-2016,1.57,1.62,1.56,1.59,29097
08-09-2016,1.57,1.59,1.53,1.5501,90458
08-10-2016,1.57,1.59,1.525,1.56,105559
08-11-2016,1.57,1.58,1.5,1.58,120174
08-12-2016,1.49,1.61,1.49,1.56,199848
08-15-2016,1.5,1.565,1.49,1.5,80738
08-16-2016,1.45,1.529,1.44,1.51,151166
08-17-2016,1.48,1.49,1.44,1.44,46635
08-18-2016,1.53,1.56,1.45,1.5,73288
08-19-2016,1.515,1.56,1.51,1.53,62817
08-22-2016,1.52,1.53,1.48,1.51,138590
08-23-2016,1.48,1.54,1.45,1.5,72080
08-24-2016,1.45,1.49,1.45,1.47,108097
08-25-2016,1.44,1.46,1.43,1.45,29321
08-26-2016,1.45,1.47,1.43,1.43,50616
08-29-2016,1.45,1.47,1.44,1.46,20593
08-30-2016,1.48,1.5,1.43,1.44,48352
08-31-2016,1.48,1.5,1.45,1.45,68715
09-01-2016,1.4,1.48,1.39,1.48,112396
09-02-2016,1.4,1.44,1.39,1.39,21243
09-06-2016,1.51,1.55,1.41,1.41,94529
09-07-2016,1.54,1.5636,1.51,1.54,79265
09-08-2016,1.58,1.58,1.48,1.55,42957
09-09-2016,1.51,1.6,1.49,1.49,60272
09-12-2016,1.48,1.52,1.47,1.51,28033
09-13-2016,1.46,1.49,1.46,1.48,20209
09-14-2016,1.45,1.48,1.45,1.4722,15124
09-15-2016,1.43,1.52,1.4,1.52,57172
09-16-2016,1.39,1.46,1.39,1.4,105855
09-19-2016,1.51,1.54,1.4,1.4,62225
09-20-2016,1.6,1.6,1.515,1.515,50928
09-21-2016,1.62,1.63,1.55,1.56,142684
09-22-2016,1.57,1.62,1.57,1.62,36219
09-23-2016,1.65,1.65,1.5,1.55,93171
09-26-2016,1.75,1.81,1.6,1.6,250984
09-27-2016,1.77,1.77,1.71,1.76,133472
09-28-2016,1.8,1.8,1.7,1.76,147874
09-29-2016,1.77,1.8,1.72,1.79,120691
09-30-2016,1.79,1.79,1.73,1.77,101081
10-03-2016,1.82,1.82,1.72,1.78,111654
10-04-2016,1.71,1.8,1.7,1.8,62170
10-05-2016,1.71,1.72,1.7,1.71,30986
10-06-2016,1.68,1.76,1.65,1.71,57016
10-07-2016,1.64,1.68,1.53,1.67,182338
10-10-2016,1.61,1.65,1.6,1.63,31486
10-11-2016,1.6,1.65,1.5801,1.6,23113
10-12-2016,1.48,1.59,1.47,1.55,285328
10-13-2016,1.51,1.55,1.49,1.49,41159
10-14-2016,1.52,1.52,1.5,1.5,48194
10-17-2016,1.55,1.55,1.51,1.53,16259
10-18-2016,1.5,1.56,1.5,1.55,38218
10-19-2016,1.45,1.51,1.41,1.5,48262
10-20-2016,1.42,1.49,1.37,1.45,61854
10-21-2016,1.5,1.5,1.42,1.42,69196
10-24-2016,1.45,1.5,1.42,1.49,85122
10-25-2016,1.41,1.49,1.4,1.43,90179
10-26-2016,1.43,1.48,1.38,1.4,174283
10-27-2016,1.425,1.4862,1.38,1.43,82824
10-28-2016,1.36,1.48,1.32,1.38,349005
10-31-2016,1.34,1.43,1.33,1.35,51396
11-01-2016,1.25,1.34,1.22,1.34,209469
11-02-2016,1.22,1.26,1.2,1.26,53711
11-03-2016,1.24,1.26,1.21,1.21,100353
11-04-2016,1.22,1.3,1.21,1.24,91059
11-07-2016,1.28,1.35,1.21,1.22,103748
11-08-2016,1.31,1.34,1.23,1.26,68007
11-09-2016,1.35,1.36,1.3,1.3,25356
11-10-2016,1.38,1.38,1.3,1.37,34445
11-11-2016,1.35,1.39,1.34,1.38,110085
11-14-2016,1.4,1.42,1.36,1.39,110429
11-15-2016,1.38,1.42,1.27,1.4,65009
11-16-2016,1.38,1.42,1.3,1.38,87605
11-17-2016,1.38,1.42,1.3,1.38,75277
11-18-2016,1.4,1.41,1.36,1.4,138279
11-21-2016,1.38,1.4,1.31,1.4,199485
11-22-2016,1.38,1.3969,1.35,1.36,68633
11-23-2016,1.38,1.4,1.32,1.36,92961
11-25-2016,1.4,1.4,1.34,1.39,28192
11-28-2016,1.46,1.53,1.4,1.4,126160
11-29-2016,1.47,1.52,1.42,1.52,37607
11-30-2016,1.37,1.48,1.37,1.48,81244
12-01-2016,1.38,1.4379,1.35,1.36,133555
12-02-2016,1.37,1.42,1.3,1.37,100054
12-05-2016,1.36,1.41,1.34,1.4,132129
12-06-2016,1.37,1.4,1.34,1.34,44871
12-07-2016,1.38,1.4,1.37,1.38,70268
12-08-2016,1.34,1.41,1.34,1.39,135898
12-09-2016,1.33,1.41,1.32,1.39,108504
12-12-2016,1.32,1.39,1.31,1.33,90753
12-13-2016,1.31,1.38,1.31,1.3224,44818
12-14-2016,1.31,1.37,1.3,1.31,57209
12-15-2016,1.3,1.34,1.3,1.3,95772
12-16-2016,1.3,1.399,1.27,1.35,96387
12-19-2016,1.27,1.31,1.245,1.3,65171
12-20-2016,1.25,1.3,1.24,1.28,141593
12-21-2016,1.28,1.29,1.23,1.23,159084
12-22-2016,1.26,1.3,1.2,1.26,716186
12-23-2016,1.29,1.31,1.2,1.2,316699
12-27-2016,1.29,1.31,1.25,1.28,300784
12-28-2016,1.24,1.28,1.2,1.28,195368
12-29-2016,1.27,1.33,1.24,1.25,45438
12-30-2016,1.26,1.27,1.23,1.26,135922
01-03-2017,1.25,1.27,1.25,1.26,35744
01-04-2017,1.25,1.29,1.23,1.26,94233
01-05-2017,1.32,1.33,1.25,1.26,67300
01-06-2017,1.33,1.35,1.28,1.33,109031
01-09-2017,1.32,1.35,1.3,1.32,45646
01-10-2017,1.39,1.42,1.32,1.3382,220938
01-11-2017,1.39,1.42,1.36,1.42,96098
01-12-2017,1.49,1.53,1.41,1.41,253414
01-13-2017,1.58,1.62,1.49,1.52,268947
01-17-2017,1.53,1.6,1.51,1.6,179980
01-18-2017,1.55,1.5695,1.5,1.54,62734
01-19-2017,1.51,1.56,1.51,1.56,66155
01-20-2017,1.49,1.5101,1.46,1.51,35117
01-23-2017,1.57,1.599,1.5,1.5,130463
01-24-2017,1.62,1.6681,1.56,1.59,156880
01-25-2017,1.62,1.6818,1.58,1.65,62198
01-26-2017,1.59,1.65,1.58,1.61,76802
01-27-2017,1.6,1.62,1.58,1.5824,68872
01-30-2017,1.6,1.635,1.57,1.6,149908
01-31-2017,1.62,1.63,1.56,1.59,87511
02-01-2017,1.4,1.62,1.39,1.6,890018
02-02-2017,1.38,1.42,1.34,1.42,271681
02-03-2017,1.35,1.4,1.291,1.4,203407
02-06-2017,1.36,1.38,1.35,1.36,100933
02-07-2017,1.37,1.39,1.34,1.36,265049
02-08-2017,1.35,1.37,1.34,1.36,274318
02-09-2017,1.38,1.4,1.32,1.34,73296
02-10-2017,1.39,1.42,1.37,1.39,68177
02-13-2017,1.41,1.43,1.32,1.4,181154
02-14-2017,1.45,1.46,1.3772,1.4,101773
02-15-2017,1.54,1.54,1.4547,1.46,169253
02-16-2017,1.47,1.54,1.45,1.5333,101655
02-17-2017,1.2,1.26,1.13,1.25,2450163
02-21-2017,1.29,1.29,1.22,1.26,775389
02-22-2017,1.31,1.33,1.22,1.27,337633
02-23-2017,1.27,1.31,1.236,1.3,121644
02-24-2017,1.26,1.29,1.22,1.24,91935
02-27-2017,1.27,1.28,1.21,1.26,202247
02-28-2017,1.28,1.3,1.24,1.25,87658
03-01-2017,1.3,1.31,1.23,1.28,184018
03-02-2017,1.29,1.31,1.25,1.31,129770
03-03-2017,1.26,1.3,1.25,1.27,67499
03-06-2017,1.24,1.27,1.2,1.25,186136
03-07-2017,1.21,1.25,1.2,1.2,154283
03-08-2017,1.24,1.3,1.2,1.21,145020
03-09-2017,1.25,1.27,1.2348,1.25,53324
03-10-2017,1.21,1.3,1.21,1.23,95477
03-13-2017,1.22,1.24,1.2,1.2,36208
03-14-2017,1.21,1.22,1.19,1.21,103268
03-15-2017,1.22,1.24,1.191,1.22,114638
03-16-2017,1.22,1.23,1.21,1.21,32152
03-17-2017,1.22,1.24,1.2,1.22,69444
03-20-2017,1.22,1.2201,1.2,1.22,49322
03-21-2017,1.18,1.21,1.17,1.19,184590
03-22-2017,1.18,1.19,1.17,1.17,84647
03-23-2017,1.19,1.2,1.18,1.19,125632
03-24-2017,1.14,1.19,1.13,1.19,383391
