03-28-2016,1.5,1.54,1.5,1.529,4475
03-29-2016,1.5,1.56,1.5,1.5,13403
03-30-2016,1.53,1.55,1.5,1.5,11641
03-31-2016,1.5,1.53,1.5,1.5,55952
04-01-2016,1.59,1.64,1.5,1.5,37220
04-04-2016,1.58,1.6,1.56,1.56,16002
04-05-2016,1.52,1.57,1.51,1.55,12156
04-06-2016,1.53,1.57,1.5,1.53,3806
04-07-2016,1.54,1.55,1.53,1.53,13985
04-08-2016,1.53,1.55,1.53,1.53,5817
04-11-2016,1.59,1.614,1.53,1.53,10566
04-12-2016,1.55,1.61,1.54,1.59,11648
04-13-2016,1.63,1.99,1.61,1.99,9594
04-14-2016,1.61,1.6763,1.61,1.65,11219
04-15-2016,1.46,1.6,1.44,1.55,33943
04-18-2016,1.36,1.49,1.32,1.35,26865
04-19-2016,1.525,1.535,1.4,1.4,181930
04-20-2016,1.53,1.612,1.5,1.55,11342
04-21-2016,1.55,1.55,1.48,1.5,24044
04-22-2016,1.5,1.68,1.5,1.55,10123
04-25-2016,1.59,1.7,1.58,1.61,65088
04-26-2016,1.53,1.59,1.5,1.54,33937
04-27-2016,1.5,1.52,1.46,1.51,22379
04-28-2016,1.58,1.6,1.48,1.5,44936
04-29-2016,1.5852,1.6,1.55,1.58,5064
05-02-2016,1.6,1.62,1.56,1.56,11833
05-03-2016,1.57,1.6,1.56,1.57,6122
05-04-2016,1.55,1.58,1.52,1.53,23641
05-05-2016,1.62,1.68,1.51,1.53,23405
05-06-2016,1.61,1.66,1.51,1.53,11526
05-09-2016,1.61,1.65,1.52,1.61,21530
05-10-2016,1.55,1.62,1.55,1.58,35075
05-11-2016,1.56,1.61,1.54,1.5499,8148
05-12-2016,1.5,1.5999,1.5,1.51,336127
05-13-2016,1.54,1.54,1.4986,1.5,21225
05-16-2016,1.56,1.58,1.49,1.53,35718
05-17-2016,1.57,1.58,1.51,1.51,11089
05-18-2016,1.59,1.6,1.56,1.6,15084
05-19-2016,1.6,1.6,1.59,1.59,1383
05-20-2016,1.6,1.64,1.5,1.51,7718
05-23-2016,1.62,1.64,1.61,1.62,3509
05-24-2016,1.58,1.65,1.58,1.65,3563
05-25-2016,1.6,1.63,1.55,1.55,14187
05-26-2016,1.59,1.6,1.49,1.59,21629
05-27-2016,1.45,1.53,1.43,1.48,120437
05-31-2016,1.4748,1.48,1.41,1.41,18595
06-01-2016,1.48,1.515,1.46,1.5,6548
06-02-2016,1.45,1.5,1.45,1.47,39016
06-03-2016,1.4616,1.49,1.43,1.49,4717
06-06-2016,1.48,1.5,1.43,1.45,25726
06-07-2016,1.46,1.48,1.44,1.48,14392
06-08-2016,1.5,1.51,1.45,1.45,33037
06-09-2016,1.4532,1.51,1.45,1.4501,17725
06-10-2016,1.43,1.47,1.41,1.41,26320
06-13-2016,1.44,1.48,1.42,1.48,6047
06-14-2016,1.38,1.55,1.36,1.44,32101
06-15-2016,1.4015,1.4015,1.36,1.36,16622
06-16-2016,1.45,1.46,1.37,1.39,216939
06-17-2016,1.44,1.48,1.41,1.48,15199
06-20-2016,1.41,1.45,1.39,1.41,18741
06-21-2016,1.39,1.48,1.36,1.38,28289
06-22-2016,1.4,1.485,1.38,1.42,9076
06-23-2016,1.38,1.45,1.38,1.42,13681
06-24-2016,1.39,1.48,1.36,1.36,13832
06-27-2016,1.39,1.45,1.36,1.38,17482
06-28-2016,1.39,1.44,1.38,1.43,104638
06-29-2016,1.43,1.43,1.37,1.37,78842
06-30-2016,1.4,1.495,1.38,1.38,37661
07-01-2016,1.4,1.43,1.39,1.4,30515
07-05-2016,1.42,1.48,1.39,1.39,5517
07-06-2016,1.4,1.46,1.39,1.43,26388
07-07-2016,1.4,1.4,1.38,1.3914,3138
07-08-2016,1.4,1.45,1.4,1.45,25180
07-11-2016,1.43,1.45,1.3792,1.38,42386
07-12-2016,1.43,1.45,1.41,1.45,36663
07-13-2016,1.45,1.58,1.44,1.44,478690
07-14-2016,1.44,1.45,1.42,1.45,39675
07-15-2016,1.38,1.55,1.36,1.4,119082
07-18-2016,1.375,1.42,1.36,1.36,82588
07-19-2016,1.38,1.48,1.35,1.42,15969
07-20-2016,1.4,1.45,1.35,1.41,8341
07-21-2016,1.39,1.4,1.36,1.39,7003
07-22-2016,1.36,1.4,1.351,1.36,24198
07-25-2016,1.37,1.39,1.36,1.3896,2754
07-26-2016,1.37,1.38,1.36,1.37,6370
07-27-2016,1.34,1.36,1.34,1.34,20918
07-28-2016,1.36,1.36,1.34,1.35,38686
07-29-2016,1.37,1.4,1.34,1.35,126220
08-01-2016,1.35,1.4,1.34,1.34,18765
08-02-2016,1.34,1.38,1.34,1.345,6875
08-03-2016,1.33,1.3503,1.32,1.3401,39392
08-04-2016,1.33,1.46,1.308,1.31,223470
08-05-2016,1.32,1.38,1.31,1.32,76124
08-08-2016,1.4,1.4,1.3,1.31,39661
08-09-2016,1.35,1.4,1.33,1.35,33970
08-10-2016,1.34,1.35,1.32,1.33,21033
08-11-2016,1.3,1.35,1.3,1.35,28937
08-12-2016,1.3499,1.35,1.2999,1.3,21516
08-15-2016,1.35,1.36,1.31,1.31,23263
08-16-2016,1.34,1.35,1.294,1.294,5142
08-17-2016,1.35,1.36,1.32,1.35,71735
08-18-2016,1.4,1.42,1.34,1.34,39085
08-19-2016,1.4,1.4,1.3701,1.4,14745
08-22-2016,1.4,1.4,1.36,1.36,22238
08-23-2016,1.42,1.42,1.4,1.4,12525
08-24-2016,1.4,1.42,1.37,1.41,7396
08-25-2016,1.33,1.4,1.33,1.37,2882
08-26-2016,1.35,1.37,1.31,1.32,26288
08-29-2016,1.3354,1.37,1.3,1.33,88833
08-30-2016,1.34,1.35,1.33,1.34,26186
08-31-2016,1.3301,1.3799,1.33,1.35,23504
09-01-2016,1.33,1.3699,1.31,1.34,30383
09-02-2016,1.33,1.35,1.323,1.34,27529
09-06-2016,1.33,1.35,1.32,1.33,50382
09-07-2016,1.36,1.45,1.32,1.32,54398
09-08-2016,1.4,1.46,1.36,1.36,120962
09-09-2016,1.36,1.43,1.33,1.4,63376
09-12-2016,1.42,1.44,1.35,1.3501,34077
09-13-2016,1.41,1.44,1.4,1.41,57453
09-14-2016,1.42,1.45,1.41,1.41,84974
09-15-2016,1.41,1.43,1.4,1.41,26122
09-16-2016,1.58,1.58,1.415,1.42,104812
09-19-2016,1.51,1.57,1.49,1.52,28927
09-20-2016,1.6,1.65,1.5303,1.5303,99374
09-21-2016,1.65,1.7,1.6201,1.7,119510
09-22-2016,1.68,1.72,1.67,1.69,94461
09-23-2016,1.66,1.7,1.65,1.65,76643
09-26-2016,1.86,1.8884,1.67,1.67,232031
09-27-2016,1.9,1.96,1.86,1.91,176450
09-28-2016,1.94,1.99,1.89,1.9,155113
09-29-2016,1.93,2,1.78,1.9,131605
09-30-2016,1.92,1.99,1.88,1.94,66800
10-03-2016,1.77,1.9,1.76,1.9,102646
10-04-2016,1.8,1.8634,1.68,1.74,108127
10-05-2016,1.85,1.9,1.79,1.79,85836
10-06-2016,1.76,1.88,1.76,1.86,108809
10-07-2016,1.75,1.78,1.73,1.75,35379
10-10-2016,1.74,1.7696,1.72,1.73,27970
10-11-2016,1.69,1.75,1.6701,1.71,50788
10-12-2016,1.63,1.73,1.6295,1.66,66843
10-13-2016,1.59,1.73,1.5805,1.65,95350
10-14-2016,1.63,1.65,1.57,1.59,17768
10-17-2016,1.56,1.6238,1.52,1.62,28225
10-18-2016,1.52,1.59,1.43,1.54,55593
10-19-2016,1.51,1.55,1.51,1.51,8454
10-20-2016,1.5,1.51,1.47,1.5,6138
10-21-2016,1.51,1.5474,1.5,1.53,5731
10-24-2016,1.42,1.49,1.4,1.4899,53833
10-25-2016,1.37,1.45,1.37,1.4,62778
10-26-2016,1.32,1.3599,1.23,1.27,65248
10-27-2016,1.27,1.33,1.25,1.3,144650
10-28-2016,1.29,1.3,1.25,1.3,68965
10-31-2016,1.26,1.3153,1.22,1.3,48672
11-01-2016,1.15,1.24,1.15,1.24,81058
11-02-2016,1.23,1.23,1.15,1.17,74631
11-03-2016,1.2,1.24,1.18,1.21,45641
11-04-2016,1.17,1.23,1.16,1.18,74482
11-07-2016,1.21,1.21,1.1701,1.2,115708
11-08-2016,1.21,1.21,1.17,1.18,91987
11-09-2016,1.36,1.4,1.22,1.22,80778
11-10-2016,1.4,1.46,1.32,1.37,111509
11-11-2016,1.37,1.43,1.28,1.43,39603
11-14-2016,1.36,1.43,1.32,1.35,23317
11-15-2016,1.35,1.4,1.2601,1.35,38802
11-16-2016,1.3801,1.47,1.25,1.33,48354
11-17-2016,1.35,1.49,1.34,1.42,29033
11-18-2016,1.39,1.39,1.34,1.34,20341
11-21-2016,1.35,1.39,1.34,1.36,38609
11-22-2016,1.36,1.39,1.35,1.37,17645
11-23-2016,1.45,1.6,1.33,1.33,98620
11-25-2016,1.48,1.5047,1.46,1.48,26489
11-28-2016,1.41,1.5,1.41,1.47,37116
11-29-2016,1.4,1.44,1.37,1.44,24867
11-30-2016,1.39,1.45,1.37,1.3859,18141
12-01-2016,1.37,1.45,1.36,1.3899,33065
12-02-2016,1.31,1.37,1.31,1.35,27445
12-05-2016,1.31,1.355,1.2925,1.3,27983
12-06-2016,1.32,1.37,1.3,1.3,10797
12-07-2016,1.21,1.33,1.21,1.3,78381
12-08-2016,1.26,1.29,1.2327,1.28,29398
12-09-2016,1.32,1.32,1.28,1.28,6860
12-12-2016,1.28,1.32,1.28,1.3179,74873
12-13-2016,1.26,1.2881,1.18,1.24,47546
12-14-2016,1.25,1.27,1.245,1.25,44750
12-15-2016,1.2711,1.2711,1.23,1.23,23816
12-16-2016,1.33,1.33,1.25,1.28,59102
12-19-2016,1.28,1.33,1.2335,1.3,33927
12-20-2016,1.25,1.35,1.24,1.28,77789
12-21-2016,1.26,1.29,1.24,1.24,17249
12-22-2016,1.1599,1.29,1.14,1.25,132668
12-23-2016,1.26,1.26,1.18,1.21,42604
12-27-2016,1.272,1.3,1.2,1.26,142182
12-28-2016,1.2799,1.3,1.2351,1.26,62717
12-29-2016,1.27,1.3,1.2601,1.27,40190
12-30-2016,1.23,1.28,1.21,1.28,87356
01-03-2017,1.21,1.25,1.2,1.25,59423
01-04-2017,1.23,1.25,1.2299,1.24,51368
01-05-2017,1.23,1.25,1.21,1.25,44480
01-06-2017,1.24,1.25,1.23,1.24,17881
01-09-2017,1.26,1.29,1.24,1.25,51782
01-10-2017,1.25,1.3,1.2,1.25,54641
01-11-2017,1.27,1.3,1.23,1.25,49770
01-12-2017,1.2563,1.2999,1.24,1.2899,41300
01-13-2017,1.4,1.43,1.23,1.26,257806
01-17-2017,1.38,1.5,1.3114,1.47,147088
01-18-2017,1.39,1.41,1.35,1.35,41035
01-19-2017,1.2899,1.3801,1.2611,1.38,77853
01-20-2017,1.3,1.37,1.28,1.3,41690
01-23-2017,1.24,1.32,1.2311,1.3,48989
01-24-2017,1.34,1.38,1.21,1.23,201296
01-25-2017,1.34,1.36,1.25,1.35,63052
01-26-2017,1.32,1.35,1.3,1.33,39212
01-27-2017,1.37,1.3759,1.29,1.29,127443
01-30-2017,1.36,1.43,1.33,1.39,90137
01-31-2017,1.3,1.4,1.27,1.4,213478
02-01-2017,1.23,1.3,1.19,1.3,501210
02-02-2017,1.19,1.23,0.93,0.94,664076
02-03-2017,1.16,1.22,1.12,1.2,106470
02-06-2017,1.11,1.21,1.09,1.14,117773
02-07-2017,1.1399,1.17,1.12,1.12,39308
02-08-2017,1.12,1.16,1.08,1.13,196692
02-09-2017,1.12,1.13,1.09,1.1,40592
02-10-2017,1.14,1.18,1.09,1.11,166746
02-13-2017,1.08,1.14,1.05,1.14,397384
02-14-2017,0.678,0.7401,0.65,0.67,1958799
02-15-2017,0.6997,0.72,0.67,0.7,333088
02-16-2017,0.701,0.74,0.67,0.7,181990
02-17-2017,0.6979,0.705,0.6876,0.7,81288
02-21-2017,0.69,0.7,0.66,0.67,145602
02-22-2017,0.6749,0.7,0.66,0.66,99660
02-23-2017,0.6455,0.6788,0.63,0.66,117860
02-24-2017,0.63,0.63,0.6001,0.63,39909
02-27-2017,0.6,0.63,0.5713,0.6,247918
02-28-2017,0.5926,0.61,0.59,0.59,165107
03-01-2017,0.6005,0.61,0.56,0.57,160502
03-02-2017,0.6,0.62,0.5729,0.5935,147721
03-03-2017,0.659,0.69,0.5729,0.6197,303819
03-06-2017,0.601,0.7,0.6,0.67,150624
03-07-2017,0.59,0.63,0.5603,0.57,155332
03-08-2017,0.6198,0.629,0.57,0.57,72916
03-09-2017,0.6199,0.629,0.588,0.62,34615
03-10-2017,0.719,0.76,0.585,0.64,865046
03-13-2017,0.7,0.76,0.68,0.75,338193
03-14-2017,0.6597,0.73,0.63,0.71,117550
03-15-2017,0.63,0.68,0.6,0.6555,55808
03-16-2017,0.6937,0.71,0.61,0.65,365128
03-17-2017,0.649,0.7,0.64,0.7,187840
03-20-2017,0.66,0.66,0.63,0.6597,78184
03-21-2017,0.63,0.67,0.6205,0.644,56696
03-22-2017,0.6017,0.645,0.59,0.64,92534
03-23-2017,0.6363,0.65,0.5985,0.61,114166
03-24-2017,0.65,0.65,0.61,0.6445,36256
