03-28-2016,11.35,11.64,10.9,11.03,424997
03-29-2016,11.44,11.49,10.7,11.39,302624
03-30-2016,11.46,12.04,11.09,11.8,512330
03-31-2016,11.48,11.8,11.39,11.44,287632
04-01-2016,11.9,12.03,11.15,11.41,881725
04-04-2016,11.84,12.04,11.62,11.99,237012
04-05-2016,11.58,11.815,11.41,11.74,168507
04-06-2016,12.55,12.64,11.525,11.63,421936
04-07-2016,12.69,13.09,12.28,12.47,338522
04-08-2016,11.86,13.04,11.72,12.87,170607
04-11-2016,11.58,12.17,11.445,12.17,144175
04-12-2016,11.9,12.16,11.48,11.48,268305
04-13-2016,12.44,12.62,11.86,12.04,347755
04-14-2016,12.46,12.72,12.27,12.53,151033
04-15-2016,12.29,12.55,12.05,12.46,108181
04-18-2016,12.54,12.74,12.08,12.33,245417
04-19-2016,12.37,12.64,12.16,12.64,103107
04-20-2016,12.48,13,12.33,12.36,343637
04-21-2016,12.82,12.87,12.38,12.45,149765
04-22-2016,13.78,13.87,12.693,12.78,328631
04-25-2016,13.74,13.94,13.4501,13.67,259128
04-26-2016,13.72,14.08,13.57,13.75,178605
04-27-2016,13.36,13.839,13.15,13.76,187699
04-28-2016,13.13,13.6,12.8501,13.22,107895
04-29-2016,13,13.25,12.55,13.13,174172
05-02-2016,14.13,14.2,13.271,13.34,359258
05-03-2016,13.49,14.28,13.25,14.1,318697
05-04-2016,12.97,13.41,12.845,13.34,288438
05-05-2016,12.21,13.36,12.16,13.36,282567
05-06-2016,11.69,12.2373,11.27,12.07,194541
05-09-2016,11.8,11.96,11.62,11.7,321156
05-10-2016,11.78,11.87,11.33,11.87,236625
05-11-2016,11.23,11.85,11.2,11.78,262130
05-12-2016,10.99,11.28,10.7,11.28,241981
05-13-2016,11.09,11.28,10.69,10.91,229774
05-16-2016,11.49,11.69,11.11,11.11,202639
05-17-2016,11.25,11.6789,11.17,11.48,261423
05-18-2016,11.27,11.445,11.16,11.16,265835
05-19-2016,11.02,11.49,10.95,11.05,173248
05-20-2016,11.31,11.44,10.92,11.03,617340
05-23-2016,11.29,11.49,11.12,11.12,202499
05-24-2016,11.96,12.23,11.14,11.14,579010
05-25-2016,12.1,12.33,11.93,12.04,1116800
05-26-2016,12.75,12.77,12.05,12.21,146589
05-27-2016,12.81,12.95,12.64,12.71,110480
05-31-2016,13.21,13.27,12.75,12.83,283359
06-01-2016,13.14,13.47,12.87,13.12,408273
06-02-2016,13.22,13.51,12.5,13.13,455310
06-03-2016,12.98,13.265,12.59,13.23,248442
06-06-2016,13.15,13.31,12.73,12.92,445003
06-07-2016,14.22,14.5325,13.14,13.32,484386
06-08-2016,14.95,15.02,13.98,14.22,232307
06-09-2016,15.24,15.6999,14.7225,14.82,484495
06-10-2016,14.8,15.21,14.63,15.05,491085
06-13-2016,13.36,15.26,13.31,15.26,329495
06-14-2016,12.96,13.58,12.71,13.3,319565
06-15-2016,12.99,13.25,12.81,13.09,387054
06-16-2016,12.43,12.95,12.38,12.83,261386
06-17-2016,11.8,12.49,11.75,12.49,416106
06-20-2016,11.87,12.33,11.67,11.85,469475
06-21-2016,11.61,11.99,11.39,11.95,338732
06-22-2016,11.36,12,11.165,11.56,1376602
06-23-2016,12.25,12.51,11.42,11.56,673478
06-24-2016,11.76,11.996,11.31,11.42,1361181
06-27-2016,11.47,11.735,11.1302,11.6,337526
06-28-2016,12.46,12.57,11.67,11.67,319239
06-29-2016,12.93,13.065,12.54,12.7,453497
06-30-2016,12.84,13,12.58,13,327015
07-01-2016,13.4,13.99,12.92,12.92,632504
07-05-2016,12.94,13.45,12.68,13.4,228902
07-06-2016,12.94,13.1977,12.69,12.89,257143
07-07-2016,12.91,13.21,12.5,12.94,191673
07-08-2016,13.07,13.21,12.86,13,190141
07-11-2016,12.9,13.286,12.86,13.15,241297
07-12-2016,12.73,13.18,12.63,13.13,212444
07-13-2016,12.23,12.96,11.94,12.89,207620
07-14-2016,12.38,12.49,12.14,12.48,222732
07-15-2016,13,13.08,12.45,12.49,225824
07-18-2016,13.04,13.17,12.9,13.11,149048
07-19-2016,13,13.18,12.92,13.06,241935
07-20-2016,13.25,13.38,13,13,108158
07-21-2016,13.3,13.61,13.15,13.34,102273
07-22-2016,14.15,14.35,13.17,13.27,352352
07-25-2016,14.4,14.7,13.98,14.15,467011
07-26-2016,14.16,14.52,14.14,14.45,241056
07-27-2016,14.51,14.82,14.19,14.29,289228
07-28-2016,14.6,14.6399,14.23,14.59,300572
07-29-2016,14.8,14.86,14.4,14.51,256675
08-01-2016,15.2,15.21,14.72,14.85,334718
08-02-2016,15.19,15.4,14.82,15.2,396161
08-03-2016,15.49,15.57,14.77,15.1,381915
08-04-2016,15.43,15.56,15.24,15.54,204021
08-05-2016,15.42,15.64,15.32,15.58,191957
08-08-2016,15.35,15.6,15,15.43,187711
08-09-2016,15.34,15.58,15.22,15.58,105167
08-10-2016,14.77,15.26,14.5,15.26,155983
08-11-2016,15,15.06,14.73,14.79,168258
08-12-2016,15.13,15.19,14.85,14.95,190380
08-15-2016,15.33,15.565,15.13,15.18,235036
08-16-2016,15.44,15.65,14.91,15.35,354776
08-17-2016,15.72,16.04,15.3,15.52,273070
08-18-2016,15.98,16.18,15.42,15.75,335040
08-19-2016,15.59,15.98,15.46,15.98,323593
08-22-2016,16.25,16.27,15.5,15.63,148182
08-23-2016,16.5,16.53,16.1,16.26,385946
08-24-2016,16.44,17.66,16.2,16.52,561696
08-25-2016,16.08,17.18,15.77,16.4,405510
08-26-2016,16.69,16.97,16.03,16.03,421824
08-29-2016,16.61,16.76,16.23,16.62,459032
08-30-2016,16.64,16.84,16.2,16.5,259307
08-31-2016,16.41,16.91,16.115,16.335,264330
09-01-2016,16.27,16.929,15.95,16.34,355990
09-02-2016,16.05,16.56,15.92,16.12,226989
09-06-2016,16.16,16.46,15.9,16.23,287746
09-07-2016,16.1,16.37,15.87,16.09,222085
09-08-2016,16.03,16.23,15.76,16.14,222380
09-09-2016,15.07,16.01,15.04,15.79,252686
09-12-2016,15.68,15.77,15.03,15.03,213066
09-13-2016,15.85,16.25,15.3,15.58,533067
09-14-2016,16.53,16.88,15.73,15.94,407461
09-15-2016,16.99,17.4,16.3601,16.59,429320
09-16-2016,16.74,17.17,16.73,16.92,194573
09-19-2016,16.77,16.98,16.59,16.8,267527
09-20-2016,17.01,17.32,16.71,16.96,614702
09-21-2016,17.3,17.35,16.9364,17.11,368870
09-22-2016,15.14,17.46,12.22,17.4,8726839
09-23-2016,15.28,15.54,14.7801,15.49,1406992
09-26-2016,14.71,15.77,14.5,15.76,792445
09-27-2016,14.59,14.98,14.2801,14.64,621098
09-28-2016,14.05,14.66,13.995,14.62,964082
09-29-2016,14.3,14.51,13.74,14,925362
09-30-2016,14,14.43,13.99,14.33,347590
10-03-2016,13.94,14.08,13.71,14.08,209820
10-04-2016,13.8,14.01,13.75,13.89,365302
10-05-2016,14.01,14.15,13.75,13.76,184207
10-06-2016,13.46,13.89,13.4,13.89,273674
10-07-2016,13.47,13.57,13.24,13.44,262300
10-10-2016,13.82,14.13,13.59,13.59,211120
10-11-2016,13.4,13.74,13.25,13.67,201670
10-12-2016,13.09,13.45,13.02,13.44,181804
10-13-2016,13.31,13.44,12.85,13,242447
10-14-2016,13,13.41,12.99,13.41,272163
10-17-2016,12.98,13.06,12.81,12.97,164336
10-18-2016,13.13,13.19,12.87,13.15,170605
10-19-2016,13.1,13.1994,12.66,13.12,248378
10-20-2016,13.53,13.57,12.87,13.04,128061
10-21-2016,13.77,13.82,13.12,13.42,136660
10-24-2016,13.81,13.98,13.7,13.78,236690
10-25-2016,13.69,13.95,13.43,13.78,203032
10-26-2016,13.59,13.78,13.44,13.63,181204
10-27-2016,12.92,13.87,12.85,13.72,325916
10-28-2016,12.72,12.9,12.45,12.87,244407
10-31-2016,12.31,12.678,12.3,12.66,204589
11-01-2016,12.51,12.65,12.02,12.19,311934
11-02-2016,12.03,12.73,11.99,12.51,272380
11-03-2016,11.26,12.18,11.25,12.1,271670
11-04-2016,11.27,11.63,11.18,11.3,323044
11-07-2016,12.02,12.13,11.35,11.57,179908
11-08-2016,11.15,12.11,11.01,12.08,434614
11-09-2016,12.38,12.47,11.55,11.75,498807
11-10-2016,13.58,13.96,12.5,12.6,812638
11-11-2016,13.25,13.72,13.12,13.61,409690
11-14-2016,13.38,13.71,13.17,13.34,217858
11-15-2016,13.38,13.48,13.05,13.31,125123
11-16-2016,13.62,13.96,13.17,13.32,268666
11-17-2016,13.76,13.8393,13.45,13.73,168629
11-18-2016,13.44,13.87,13.25,13.79,165744
11-21-2016,13.48,13.55,13.31,13.49,140533
11-22-2016,13.45,13.53,13.1,13.53,257696
11-23-2016,14.12,14.24,12.428,12.75,381251
11-25-2016,14.19,14.56,13.96,14.25,92892
11-28-2016,14.01,14.17,13.8249,14.13,256960
11-29-2016,13.7,14.0258,13.62,14,231488
11-30-2016,13.53,13.795,13.4,13.76,273431
12-01-2016,13.42,13.73,13.13,13.62,320802
12-02-2016,13.52,13.9,13.27,13.47,146808
12-05-2016,14,14.19,13.501,13.74,162124
12-06-2016,14.31,14.44,13.69,14.07,150676
12-07-2016,14.32,14.78,13.96,14.5,247198
12-08-2016,14.33,14.34,13.68,14.31,301926
12-09-2016,14.25,14.79,13.98,14.48,319563
12-12-2016,13.64,14.5,13.27,14.37,469178
12-13-2016,13.1,13.85,12.97,13.72,243278
12-14-2016,12.55,13.33,12.5,13.04,214696
12-15-2016,12.69,12.71,12.24,12.65,362743
12-16-2016,12.87,13.32,12.7,12.8,397837
12-19-2016,12.62,13.44,12.53,12.82,421613
12-20-2016,12.72,13.4,12.55,13.1,610125
12-21-2016,12.27,12.77,12.19,12.68,191869
12-22-2016,12.15,12.29,11.775,12.26,176350
12-23-2016,12.72,12.75,12.07,12.18,286250
12-27-2016,12.42,12.88,12.36,12.71,213748
12-28-2016,12.26,12.39,12.09,12.35,181762
12-29-2016,12.32,12.4889,12.16,12.32,164954
12-30-2016,12.42,12.595,12.26,12.33,200070
01-03-2017,12.3,12.58,12.09,12.58,152777
01-04-2017,12.9,13.005,12.19,12.36,279410
01-05-2017,13.03,13.13,12.78,12.9,278484
01-06-2017,13.19,13.29,13.01,13.12,186342
01-09-2017,13.34,13.5,13.105,13.32,199753
01-10-2017,12.98,13.54,12.84,13.25,216330
01-11-2017,12.64,13.11,12.34,13.02,210082
01-12-2017,12.74,12.82,12.38,12.7,195070
01-13-2017,12.96,13.11,12.7,12.71,390243
01-17-2017,12.31,12.91,12.18,12.8,231888
01-18-2017,12.49,12.56,12.23,12.4,220739
01-19-2017,12.46,12.56,12.28,12.53,186183
01-20-2017,12.5,12.57,12.26,12.51,164046
01-23-2017,12.22,12.57,12.0818,12.46,173720
01-24-2017,12.26,12.33,11.82,12.26,194620
01-25-2017,12.5,12.61,12.3,12.4,191747
01-26-2017,12.18,12.53,12.11,12.49,157723
01-27-2017,12.02,12.26,12,12.21,110230
01-30-2017,11.82,12.1,11.59,12.02,188654
01-31-2017,12.25,12.3,11.605,11.76,627962
02-01-2017,12.26,12.45,12.19,12.34,195941
02-02-2017,11.96,12.3745,11.88,12.21,288758
02-03-2017,13.68,14.09,12.29,12.75,1451187
02-06-2017,12.97,13.62,12.9,13.6,463012
02-07-2017,12.91,13.24,12.83,13.06,287395
02-08-2017,12.89,13.18,12.55,12.79,556675
02-09-2017,12.83,13.15,12.81,12.974,236591
02-10-2017,12.67,12.96,12.47,12.83,315111
02-13-2017,11.85,12.8,11.01,12.8,1129863
02-14-2017,11.74,12.14,11.605,12.04,520517
02-15-2017,11.78,12.03,11.17,12.03,733371
02-16-2017,12.09,12.14,11.66,11.81,908232
02-17-2017,12.14,12.15,11.84,12.08,627448
02-21-2017,12.11,12.15,11.94,12.14,729319
02-22-2017,12.1,12.215,12.01,12.1,484778
02-23-2017,11.84,12.16,11.8,12.12,534250
02-24-2017,11.72,11.93,11.33,11.76,261509
02-27-2017,12.61,12.655,11.67,11.7,436242
02-28-2017,12.71,12.83,12.47,12.57,549544
03-01-2017,13,13.03,12.61,12.83,493064
03-02-2017,13.14,13.65,12.87,13,251860
03-03-2017,13.06,13.36,12.86,13.18,158292
03-06-2017,12.86,13.05,12.67,13.05,194902
03-07-2017,12.9,13.09,12.64,12.68,262550
03-08-2017,13.25,13.41,12.89,12.92,183717
03-09-2017,13.42,13.43,13.16,13.25,191973
03-10-2017,13.54,13.59,13.19,13.53,252959
03-13-2017,13.7,13.71,13.36,13.53,126127
03-14-2017,13.99,14.2,13.42,13.74,736444
03-15-2017,15.18,15.3,14.01,14.01,557132
03-16-2017,15.09,15.8,15.02,15.18,580539
03-17-2017,15.6,15.8,14.92,15.05,368098
03-20-2017,15.06,15.67,14.955,15.6,379128
03-21-2017,14.31,15.2563,14.3,15.16,296342
03-22-2017,14.23,14.67,13.99,14.39,220311
03-23-2017,14.75,14.82,14.17,14.22,185660
03-24-2017,14.91,14.99,14.61,14.73,205136
