03-28-2016,2.44,2.65,2.41,2.64,6915
03-29-2016,2.4605,2.512,2.4,2.505,4020
03-30-2016,2.662,2.72,2.48,2.68,24056
03-31-2016,2.46,2.58,2.44,2.4495,3989
04-01-2016,2.3601,2.6,2.3,2.41,16993
04-04-2016,2.22,2.52,2.2,2.35,25286
04-05-2016,2.14,2.59,2.13,2.2,35797
04-06-2016,2.29,2.3599,2.16,2.16,13660
04-07-2016,2.15,2.3099,2.13,2.26,6245
04-08-2016,2.22,2.269,2.17,2.25,2347
04-11-2016,2.19,2.27,2.19,2.21,9174
04-12-2016,2.25,2.41,2.16,2.19,23056
04-13-2016,2.18,2.32,2.18,2.26,8177
04-14-2016,2.31,2.35,2.2,2.2,3494
04-15-2016,2.21,2.31,2.12,2.31,9992
04-18-2016,2.26,2.27,2.15,2.2,8866
04-19-2016,2.25,2.3299,2.21,2.29,4670
04-20-2016,2.18,2.28,2.14,2.25,9793
04-21-2016,2.15,2.2,2.1301,2.16,8623
04-22-2016,2.13,2.283,2.12,2.16,12678
04-25-2016,2.17,2.2,2.13,2.15,4367
04-26-2016,2.2,2.2,2.18,2.19,7507
04-27-2016,2.17,2.17,2.13,2.13,2846
04-28-2016,2.05,2.17,2.04,2.13,23520
04-29-2016,1.97,2.11,1.97,2.11,13274
05-02-2016,2.02,2.055,2,2.0001,3464
05-03-2016,1.9999,2,1.91,2,8513
05-04-2016,2.02,2.05,1.88,2.05,30166
05-05-2016,1.81,2,1.7701,2,14130
05-06-2016,1.7286,1.8408,1.72,1.8,17356
05-09-2016,1.55,1.68,1.4,1.66,68900
05-10-2016,1.4,1.5124,1.34,1.5,45117
05-11-2016,1.21,1.35,1.2,1.3499,28345
05-12-2016,1.26,1.3248,1.21,1.21,14271
05-13-2016,1.27,1.35,1.25,1.3467,39484
05-16-2016,1.26,1.39,1.25,1.31,34106
05-17-2016,1.32,1.4,1.28,1.4,43462
05-18-2016,1.35,1.35,1.2487,1.2487,37565
05-19-2016,1.26,1.3548,1.21,1.2501,30298
05-20-2016,1.26,1.32,1.26,1.26,7338
05-23-2016,1.24,1.28,1.2,1.26,13317
05-24-2016,1.22,1.29,1.22,1.24,9771
05-25-2016,1.15,1.3,1.12,1.18,31662
05-26-2016,1.19,1.21,1.09,1.09,57838
05-27-2016,1.16,1.19,1.1,1.15,17581
05-31-2016,1.26,1.3,1.15,1.2,39896
06-01-2016,1.35,1.3899,1.21,1.3,30919
06-02-2016,1.4999,1.512,1.32,1.32,40093
06-03-2016,1.52,1.5799,1.39,1.5,23292
06-06-2016,1.54,1.55,1.49,1.52,6270
06-07-2016,1.499,1.53,1.48,1.53,14404
06-08-2016,1.97,1.98,1.53,1.53,219192
06-09-2016,3.01,4.58,2,2.03,6105011
06-10-2016,2.27,2.8799,2.1,2.75,811322
06-13-2016,2.17,2.2884,2.0601,2.27,141026
06-14-2016,2.15,2.35,2.01,2.07,214449
06-15-2016,2.08,2.226,2.04,2.15,67587
06-16-2016,1.98,2.2,1.9,2.15,188614
06-17-2016,1.94,2.13,1.91,2.04,130590
06-20-2016,1.96,2.05,1.9,1.9,43299
06-21-2016,1.84,2.02,1.8,1.96,102003
06-22-2016,1.87,1.96,1.85,1.9159,12446
06-23-2016,1.89,1.93,1.81,1.92,11643
06-24-2016,1.69,1.92,1.69,1.8,42706
06-27-2016,1.57,1.71,1.54,1.71,51417
06-28-2016,1.76,1.76,1.59,1.6,28880
06-29-2016,1.66,1.87,1.63,1.76,17087
06-30-2016,1.77,1.78,1.69,1.69,17028
07-01-2016,1.68,1.8267,1.67,1.79,23838
07-05-2016,1.65,1.74,1.64,1.69,16262
07-06-2016,1.64,1.69,1.63,1.64,75157
07-07-2016,1.75,1.76,1.62,1.62,48012
07-08-2016,1.71,1.84,1.7,1.7,112873
07-11-2016,1.83,1.8799,1.75,1.75,29910
07-12-2016,1.8,1.97,1.8,1.86,77871
07-13-2016,1.76,1.88,1.75,1.8,30757
07-14-2016,1.8,1.86,1.76,1.76,33004
07-15-2016,1.91,1.98,1.84,1.86,65757
07-18-2016,1.89,2.01,1.82,2.01,30966
07-19-2016,1.87,1.97,1.77,1.87,40956
07-20-2016,1.9,1.93,1.735,1.86,49973
07-21-2016,1.97,2.1,1.93,1.93,463441
07-22-2016,1.85,2.07,1.79,2.04,87416
07-25-2016,1.87,2.68,1.73,2.68,3041000
07-26-2016,1.76,1.95,1.68,1.95,403918
07-27-2016,1.66,1.744,1.57,1.74,194871
07-28-2016,1.59,1.653,1.52,1.62,128721
07-29-2016,1.62,1.62,1.53,1.59,84497
08-01-2016,1.67,1.7199,1.56,1.6,294476
08-02-2016,1.64,1.69,1.61,1.65,63698
08-03-2016,1.67,1.71,1.6,1.6,31200
08-04-2016,1.599,1.67,1.59,1.66,102706
08-05-2016,1.62,1.64,1.58,1.61,53587
08-08-2016,1.55,1.68,1.5,1.68,55412
08-09-2016,1.57,1.61,1.54,1.61,27260
08-10-2016,1.59,1.65,1.55,1.59,60480
08-11-2016,1.53,1.61,1.525,1.61,44456
08-12-2016,1.57,1.6,1.54,1.55,36373
08-15-2016,1.51,1.61,1.48,1.6,102869
08-16-2016,1.57,1.58,1.48,1.5,58141
08-17-2016,1.59,1.61,1.53,1.53,29289
08-18-2016,1.75,1.79,1.6,1.61,186956
08-19-2016,1.719,1.78,1.674,1.78,46919
08-22-2016,1.63,1.73,1.63,1.73,11470
08-23-2016,1.67,1.69,1.59,1.67,56291
08-24-2016,1.66,1.7,1.55,1.7,18072
08-25-2016,1.63,1.66,1.57,1.62,20916
08-26-2016,1.67,1.69,1.59,1.65,9323
08-29-2016,1.679,1.679,1.59,1.59,22897
08-30-2016,1.67,1.68,1.64,1.65,10788
08-31-2016,1.5235,1.68,1.52,1.6401,39733
09-01-2016,1.59,1.6,1.48,1.53,26585
09-02-2016,1.55,1.6,1.5,1.6,47436
09-06-2016,1.41,1.59,1.331,1.55,171474
09-07-2016,1.4,1.48,1.4,1.44,34434
09-08-2016,1.38,1.46,1.38,1.4515,40748
09-09-2016,1.38,1.45,1.36,1.45,29177
09-12-2016,1.39,1.43,1.37,1.38,35005
09-13-2016,1.41,1.46,1.24,1.4,134513
09-14-2016,1.37,1.449,1.3302,1.449,27283
09-15-2016,1.44,1.44,1.36,1.36,23060
09-16-2016,1.42,1.48,1.41,1.4267,33644
09-19-2016,1.45,1.5,1.39,1.45,24246
09-20-2016,1.42,1.49,1.4106,1.44,17887
09-21-2016,1.47,1.6,1.4028,1.44,9301
09-22-2016,1.4305,1.549,1.39,1.549,31813
09-23-2016,1.49,1.5,1.46,1.46,7599
09-26-2016,1.45,1.5,1.43,1.47,29195
09-27-2016,1.46,1.5,1.37,1.4898,13223
09-28-2016,1.44,1.45,1.4,1.45,16053
09-29-2016,1.45,1.48,1.4,1.42,14629
09-30-2016,1.4,1.45,1.26,1.45,68306
10-03-2016,1.39,1.4305,1.281,1.42,16351
10-04-2016,1.4,1.4,1.38,1.39,6308
10-05-2016,1.39,1.4413,1.3,1.43,35963
10-06-2016,1.41,1.45,1.354,1.38,18799
10-07-2016,1.42,1.44,1.3301,1.44,6500
10-10-2016,1.43,1.44,1.4225,1.43,1693
10-11-2016,1.38,1.44,1.38,1.44,8931
10-12-2016,1.36,1.43,1.33,1.43,10396
10-13-2016,1.44,1.44,1.25,1.36,95743
10-14-2016,1.36,1.44,1.3314,1.44,7966
10-17-2016,1.4,1.4199,1.361,1.38,9927
10-18-2016,1.41,1.43,1.39,1.39,13466
10-19-2016,1.44,1.44,1.36,1.42,50710
10-20-2016,1.42,1.44,1.41,1.44,473
10-21-2016,1.434,1.44,1.38,1.44,5647
10-24-2016,1.47,1.69,1.45,1.5,423581
10-25-2016,1.48,1.5168,1.39,1.45,96492
10-26-2016,1.26,1.35,1.2,1.3,146985
10-27-2016,1.25,1.35,1.24,1.33,37458
10-28-2016,1.15,1.24,1.09,1.2,71455
10-31-2016,1.17,1.2651,1.1,1.1,23883
11-01-2016,1.13,1.23,1.04,1.23,76012
11-02-2016,1.13,1.25,1.1,1.25,10072
11-03-2016,1.12,1.21,1,1.1331,118334
11-04-2016,1.08,1.2,1.02,1.15,137791
11-07-2016,1.02,1.18,0.9556,1.02,172226
11-08-2016,0.95,1.13,0.95,1.11,103322
11-09-2016,0.94,1.05,0.8806,0.95,81048
11-10-2016,0.86,0.945,0.86,0.912,41116
11-11-2016,0.98,1.02,0.87,0.88,178864
11-14-2016,1.0201,1.03,0.88,0.88,75944
11-15-2016,1,1.03,0.88,1.02,58760
11-16-2016,1.05,1.19,1,1.03,132756
11-17-2016,0.95,1.1,0.95,1.06,72122
11-18-2016,0.93,1.03,0.88,0.953,79040
11-21-2016,0.845,0.9,0.84,0.9,131332
11-22-2016,0.7501,0.9,0.75,0.84,374626
11-23-2016,0.5551,0.7,0.55,0.7,1698585
11-25-2016,0.5516,0.5881,0.52,0.5828,161251
11-28-2016,0.5,0.61,0.49,0.579,434151
11-29-2016,0.48,0.5394,0.45,0.52,255985
11-30-2016,0.47,0.49,0.433,0.49,231652
12-01-2016,0.6,0.61,0.44,0.47,1182099
12-02-2016,0.52,0.651,0.491,0.6,1517056
12-05-2016,0.54,0.56,0.5,0.55,313924
12-06-2016,0.5199,0.6,0.5,0.5439,396279
12-07-2016,0.49,0.56,0.49,0.55,147934
12-08-2016,0.5081,0.52,0.5,0.5145,207140
12-09-2016,0.5601,0.6299,0.505,0.56,1119380
12-12-2016,0.5383,0.5899,0.53,0.57,299347
12-13-2016,0.515,0.62,0.505,0.55,2773319
12-14-2016,0.5049,0.54,0.4921,0.5346,473756
12-15-2016,0.4897,0.511,0.48,0.51,247376
12-16-2016,0.5101,0.52,0.4898,0.49,291285
12-19-2016,0.5559,0.62,0.525,0.525,844418
12-20-2016,0.5315,0.555,0.52,0.5501,284561
12-21-2016,0.56,0.58,0.5233,0.533,329704
12-22-2016,0.5728,0.62,0.5404,0.5404,1055092
12-23-2016,0.544,0.59,0.53,0.5727,448999
12-27-2016,0.57,0.61,0.55,0.57,410583
12-28-2016,0.5678,0.6,0.563,0.563,274513
12-29-2016,0.5449,0.5861,0.531,0.5677,308161
12-30-2016,0.5202,0.5698,0.49,0.55,604892
01-03-2017,0.5411,0.56,0.5155,0.5155,105522
01-04-2017,0.63,0.7,0.553,0.6,4849201
01-05-2017,0.5985,0.65,0.5738,0.63,740861
01-06-2017,0.6094,0.64,0.5501,0.6021,772619
01-09-2017,0.61,0.6399,0.5949,0.6398,426705
01-10-2017,0.5907,0.61,0.571,0.61,292984
01-11-2017,0.585,0.6,0.57,0.57,210831
01-12-2017,0.581,0.59,0.57,0.5794,244420
01-13-2017,0.6875,0.6939,0.5901,0.6,1721502
01-17-2017,0.7845,0.8276,0.68,0.7,3114796
01-18-2017,0.68,0.7642,0.6435,0.7437,1513358
01-19-2017,0.635,0.6599,0.6057,0.659,611158
01-20-2017,0.67,0.78,0.66,0.77,1594328
01-23-2017,0.6891,0.777,0.6891,0.72,1205038
01-24-2017,0.72,0.77,0.6977,0.7284,1217049
01-25-2017,0.698,0.74,0.6526,0.72,1116813
01-26-2017,0.6501,0.714,0.6386,0.68,434998
01-27-2017,0.66,0.71,0.6501,0.7,306182
01-30-2017,0.6597,0.67,0.64,0.66,270047
01-31-2017,0.65,0.69,0.645,0.65,360897
02-01-2017,0.665,0.6799,0.65,0.6501,167520
02-02-2017,0.6348,0.665,0.625,0.6502,321015
02-03-2017,0.641,0.68,0.6324,0.65,353677
02-06-2017,0.66,0.68,0.64,0.64,156519
02-07-2017,0.678,0.698,0.65,0.66,534305
02-08-2017,0.6767,0.685,0.64,0.685,303968
02-09-2017,0.666,0.69,0.66,0.685,345415
02-10-2017,0.71,0.74,0.67,0.685,1791048
02-13-2017,0.74,0.758,0.71,0.7211,870988
02-14-2017,1.02,1.14,0.7406,0.75,8226143
02-15-2017,0.9,1.02,0.88,0.95,2097522
02-16-2017,0.9101,0.96,0.88,0.95,563163
02-17-2017,1.08,1.13,0.9,0.9,2187701
02-21-2017,1.49,1.62,1.14,1.2,11298498
02-22-2017,1.3,1.68,1.25,1.46,6539574
02-23-2017,1.2,1.42,1.12,1.41,2030441
02-24-2017,1.4,1.44,1.18,1.18,3091742
02-27-2017,1.29,1.55,1.28,1.37,2158800
02-28-2017,1.39,1.4,1.15,1.3,1671830
03-01-2017,1.3,1.35,1.26,1.35,1054495
03-02-2017,1.33,1.37,1.22,1.28,965241
03-03-2017,1.4,1.4,1.2501,1.3,651786
03-06-2017,1.77,1.8,1.35,1.4,7353443
03-07-2017,1.87,1.92,1.52,1.71,5052893
03-08-2017,1.69,1.98,1.69,1.84,2683874
03-09-2017,1.61,1.8,1.55,1.71,1976832
03-10-2017,1.7,1.75,1.55,1.59,1606752
03-13-2017,1.67,1.68,1.45,1.6,1537609
03-14-2017,1.49,1.64,1.4,1.6,1389093
03-15-2017,1.56,1.59,1.49,1.5,489622
03-16-2017,1.48,1.5843,1.45,1.57,502792
03-17-2017,1.03,1.47,0.95,1.46,2353844
03-20-2017,1.39,1.65,1.2,1.25,7922795
03-21-2017,1.41,1.41,1.26,1.32,1235294
03-22-2017,1.32,1.41,1.3,1.39,588887
03-23-2017,1.29,1.3299,1.26,1.31,312561
03-24-2017,1.38,1.39,1.2324,1.27,954476
