03-28-2016,1.1802,1.25,1.1699,1.25,771457
03-29-2016,1.08,1.24,0.98,1.24,3830573
03-30-2016,1.03,1.07,1,1.07,1135330
03-31-2016,1.02,1.06,1,1.03,597675
04-01-2016,0.9884,1.02,0.9504,1.02,453177
04-04-2016,0.99,1.05,0.971,1.04,702232
04-05-2016,0.96,1,0.95,1,353133
04-06-2016,0.9872,0.99,0.93,0.9608,229743
04-07-2016,1,1.03,0.9801,1.01,203761
04-08-2016,0.9749,1,0.96,1,180743
04-11-2016,0.975,1.01,0.9575,1.01,145388
04-12-2016,0.95,0.9933,0.95,0.976,145962
04-13-2016,0.9622,0.97,0.96,0.97,67377
04-14-2016,1,1.02,0.97,0.9701,261821
04-15-2016,1.015,1.02,1,1.02,176468
04-18-2016,1.02,1.04,0.99,1.01,469359
04-19-2016,1,1.04,0.952,1.04,248471
04-20-2016,0.97,1.03,0.961,1,214073
04-21-2016,0.991,0.991,0.9522,0.9829,163926
04-22-2016,1,1.01,0.96,0.9901,158791
04-25-2016,0.98,1.02,0.98,1,175081
04-26-2016,1,1.04,0.96,1,324008
04-27-2016,1.01,1.03,0.97,1,464968
04-28-2016,0.99,1.03,0.98,1,185570
04-29-2016,0.97,1.0199,0.97,0.9995,64285
05-02-2016,0.98,1,0.97,0.97,105682
05-03-2016,0.96,0.9957,0.92,0.99,135197
05-04-2016,0.92,0.9819,0.92,0.9601,142646
05-05-2016,0.95,0.95,0.92,0.9212,59281
05-06-2016,0.91,0.94,0.89,0.94,168114
05-09-2016,0.949,0.95,0.9,0.95,102271
05-10-2016,0.92,0.95,0.92,0.949,70288
05-11-2016,0.965,0.97,0.9099,0.91,187168
05-12-2016,0.9298,0.97,0.921,0.97,100320
05-13-2016,0.921,0.94,0.91,0.92,80344
05-16-2016,0.955,0.96,0.91,0.91,86579
05-17-2016,0.9599,0.9698,0.91,0.95,224172
05-18-2016,0.96,0.9798,0.91,0.9572,166605
05-19-2016,0.917,0.95,0.91,0.95,60510
05-20-2016,0.912,0.935,0.91,0.91,75357
05-23-2016,0.91,0.95,0.8801,0.8801,155814
05-24-2016,0.95,0.97,0.9,0.9,118726
05-25-2016,0.97,0.975,0.95,0.9633,61443
05-26-2016,0.92,0.97,0.91,0.95,159391
05-27-2016,0.9699,0.97,0.93,0.97,57300
05-31-2016,0.9509,0.97,0.92,0.92,129408
06-01-2016,0.9799,1.01,0.86,0.92,318995
06-02-2016,1,1.04,0.9241,0.9691,624598
06-03-2016,0.9999,1.0299,0.995,1.02,157709
06-06-2016,0.99,0.9997,0.941,0.99,124875
06-07-2016,0.932,0.979,0.93,0.97,300283
06-08-2016,0.9425,0.96,0.933,0.94,111026
06-09-2016,0.9399,0.95,0.92,0.9301,111927
06-10-2016,0.8999,0.94,0.89,0.94,349249
06-13-2016,0.875,0.91,0.8749,0.91,175093
06-14-2016,0.85,0.89,0.82,0.8757,258847
06-15-2016,0.86,0.89,0.8299,0.8326,157682
06-16-2016,0.8599,0.87,0.82,0.8654,210255
06-17-2016,0.81,0.8592,0.7661,0.85,166938
06-20-2016,0.836,0.858,0.8166,0.8166,98634
06-21-2016,0.79,0.8406,0.78,0.8406,375861
06-22-2016,0.79,0.83,0.79,0.8024,98290
06-23-2016,0.8201,0.83,0.8064,0.82,46317
06-24-2016,0.79,0.838,0.76,0.76,160154
06-27-2016,0.791,0.7997,0.71,0.79,235001
06-28-2016,0.79,0.833,0.79,0.833,210948
06-29-2016,0.8162,0.8199,0.8,0.8012,53975
06-30-2016,0.8,0.8199,0.78,0.79,43182
07-01-2016,0.8145,0.84,0.8,0.8,74289
07-05-2016,0.81,0.8389,0.8,0.8,24732
07-06-2016,0.7901,0.838,0.78,0.79,76597
07-07-2016,0.83,0.868,0.8182,0.8184,200575
07-08-2016,0.814,0.87,0.78,0.82,38073
07-11-2016,0.8,0.8492,0.795,0.81,33261
07-12-2016,0.8006,0.825,0.8,0.8,55370
07-13-2016,0.8,0.84,0.78,0.84,132715
07-14-2016,0.8099,0.8189,0.7921,0.8001,44931
07-15-2016,0.75,0.7999,0.75,0.79,81130
07-18-2016,0.78,0.8,0.75,0.7645,110546
07-19-2016,0.7798,0.8,0.75,0.8,130027
07-20-2016,0.77,0.78,0.7501,0.7799,55578
07-21-2016,0.7701,0.78,0.7519,0.7759,65824
07-22-2016,0.81,0.85,0.7502,0.76,349431
07-25-2016,0.79,0.8,0.761,0.7815,44070
07-26-2016,0.77,0.85,0.762,0.7799,231308
07-27-2016,0.79,0.8104,0.7511,0.78,80171
07-28-2016,0.764,0.7987,0.7511,0.78,106277
07-29-2016,0.7785,0.79,0.7612,0.79,43204
08-01-2016,0.765,0.81,0.761,0.8,131705
08-02-2016,0.755,0.8,0.755,0.765,93099
08-03-2016,0.761,0.7901,0.75,0.775,56643
08-04-2016,0.78,0.8,0.761,0.761,167182
08-05-2016,0.7849,0.785,0.75,0.78,156498
08-08-2016,0.8057,0.82,0.79,0.8,177705
08-09-2016,0.8,0.8299,0.7912,0.81,64108
08-10-2016,0.811,0.825,0.8,0.8,43873
08-11-2016,0.8764,0.89,0.8,0.8,216431
08-12-2016,0.85,0.8748,0.82,0.84,128600
08-15-2016,0.862,0.8789,0.82,0.84,109817
08-16-2016,0.8903,0.912,0.82,0.86,459013
08-17-2016,0.9274,0.95,0.8973,0.9,358820
08-18-2016,0.92,0.94,0.89,0.9,99006
08-19-2016,0.8854,0.93,0.8619,0.92,84058
08-22-2016,0.88,0.8999,0.87,0.8999,46738
08-23-2016,0.8611,0.89,0.86,0.8801,59077
08-24-2016,0.958,1.04,0.86,0.88,2112861
08-25-2016,0.905,1,0.9,1,462909
08-26-2016,0.9201,0.95,0.9,0.95,105978
08-29-2016,0.9199,0.9601,0.8807,0.96,166649
08-30-2016,0.9,0.9203,0.8808,0.9,46211
08-31-2016,0.8805,0.9299,0.88,0.8807,125553
09-01-2016,0.8801,0.9198,0.88,0.9053,97799
09-02-2016,0.86,0.9,0.85,0.9,138600
09-06-2016,0.901,0.95,0.8688,0.8688,177278
09-07-2016,0.9514,0.97,0.91,0.95,587285
09-08-2016,0.9765,1.01,0.91,1,859249
09-09-2016,0.9298,0.9591,0.91,0.955,198068
09-12-2016,0.925,0.935,0.88,0.9227,76907
09-13-2016,0.89,0.93,0.885,0.8954,77752
09-14-2016,0.9397,0.985,0.89,0.89,314116
09-15-2016,0.95,0.959,0.9101,0.9205,106396
09-16-2016,0.957,0.97,0.9173,0.959,129535
09-19-2016,0.9599,0.96,0.9268,0.96,81530
09-20-2016,1.04,1.09,0.96,0.9711,1726360
09-21-2016,1.02,1.06,0.975,1.05,426617
09-22-2016,1.01,1.03,1,1,135554
09-23-2016,1.28,1.42,1.1,1.1,9187109
09-26-2016,1.23,1.27,1.18,1.27,1342292
09-27-2016,1.2,1.239,1.17,1.2,595120
09-28-2016,1.16,1.2187,1.16,1.19,409163
09-29-2016,1.1,1.17,1.1,1.15,403169
09-30-2016,1.15,1.18,1.1,1.1,266293
10-03-2016,1.12,1.16,1.11,1.16,113641
10-04-2016,1.12,1.17,1.11,1.13,180743
10-05-2016,1.16,1.2,1.12,1.12,190013
10-06-2016,1.09,1.16,1.01,1.15,442841
10-07-2016,1.06,1.1,1.02,1.02,114478
10-10-2016,1.15,1.15,1.0785,1.08,249034
10-11-2016,1.1,1.16,1.085,1.15,89935
10-12-2016,1.07,1.12,1.07,1.1,163259
10-13-2016,1.04,1.08,1.02,1.07,158958
10-14-2016,1.01,1.07,0.98,1.05,191691
10-17-2016,1.08,1.08,1,1,112258
10-18-2016,1.06,1.09,1.04,1.08,30164
10-19-2016,1.07,1.1,1.02,1.05,99591
10-20-2016,1.06,1.07,1.02,1.07,50557
10-21-2016,1.04,1.0498,1.02,1.04,51335
10-24-2016,1.02,1.04,1.02,1.0201,76771
10-25-2016,1.03,1.0366,1.01,1.03,58936
10-26-2016,1.03,1.03,1.02,1.03,69137
10-27-2016,1.02,1.04,1.01,1.03,287924
10-28-2016,1.0201,1.03,1,1.02,171479
10-31-2016,1.03,1.04,1,1.0284,144501
11-01-2016,1.03,1.07,1.02,1.03,142482
11-02-2016,1.02,1.04,1.02,1.03,113236
11-03-2016,1.02,1.09,1.02,1.02,530105
11-04-2016,1.03,1.0428,1.02,1.039,137461
11-07-2016,1.001,1.04,0.9534,1.03,203164
11-08-2016,0.99,1.02,0.981,0.9921,121267
11-09-2016,1.05,1.08,0.96,0.979,232019
11-10-2016,1.0793,1.0793,1.0301,1.05,77310
11-11-2016,1.11,1.11,1.0719,1.09,240154
11-14-2016,1.1312,1.15,1.11,1.12,124635
11-15-2016,1.13,1.14,1.1,1.14,99565
11-16-2016,1.1,1.14,1.08,1.1,164484
11-17-2016,1.14,1.14,1.0626,1.1,133713
11-18-2016,1.14,1.14,1.12,1.14,58846
11-21-2016,1.06,1.15,1.05,1.12,263793
11-22-2016,1.1,1.1083,1.06,1.07,231364
11-23-2016,1.05,1.1,1.04,1.09,209947
11-25-2016,1.08,1.11,1.05,1.05,25775
11-28-2016,1.0489,1.07,1.02,1.07,123172
11-29-2016,1.01,1.06,1.01,1.03,73507
11-30-2016,1.01,1.03,1.01,1.0126,143226
12-01-2016,1.0055,1.02,1,1.02,138375
12-02-2016,0.98,1.0131,0.975,1,217428
12-05-2016,1.03,1.05,0.9884,1,212042
12-06-2016,0.99,1.05,0.99,1.01,160086
12-07-2016,1,1.0379,0.99,0.99,183509
12-08-2016,1.01,1.02,0.99,0.99,131854
12-09-2016,0.9999,1.03,0.975,1,158078
12-12-2016,0.96,0.98,0.95,0.975,138845
12-13-2016,0.9825,0.9899,0.945,0.945,91867
12-14-2016,0.9797,0.9953,0.95,0.9907,167497
12-15-2016,0.97,1,0.9601,0.98,91456
12-16-2016,0.98,0.9868,0.97,0.97,118145
12-19-2016,0.985,0.99,0.965,0.965,120725
12-20-2016,0.97,0.9899,0.945,0.945,123686
12-21-2016,0.9732,0.99,0.955,0.961,51117
12-22-2016,0.98,0.99,0.9557,0.9557,57472
12-23-2016,0.98,0.99,0.9701,0.971,52279
12-27-2016,0.95,0.99,0.9216,0.9501,117226
12-28-2016,0.93,0.95,0.92,0.92,101610
12-29-2016,0.94,0.94,0.92,0.92,55797
12-30-2016,0.92,0.95,0.92,0.93,106121
01-03-2017,0.9379,0.951,0.92,0.922,52688
01-04-2017,0.935,0.9599,0.9101,0.9436,136716
01-05-2017,0.89,0.949,0.8336,0.935,60411
01-06-2017,0.9111,0.9399,0.9,0.9,25505
01-09-2017,0.91,0.9203,0.9,0.9102,68679
01-10-2017,0.883,0.94,0.88,0.92,177682
01-11-2017,0.8975,0.918,0.89,0.8994,88622
01-12-2017,0.9,0.918,0.8806,0.91,67223
01-13-2017,0.905,0.928,0.9,0.9001,62184
01-17-2017,0.9498,0.97,0.9211,0.9211,288616
01-18-2017,0.92,0.95,0.92,0.95,61966
01-19-2017,0.9198,0.928,0.8859,0.928,73522
01-20-2017,0.928,0.9325,0.88,0.9325,56250
01-23-2017,0.917,0.917,0.8806,0.8912,65901
01-24-2017,0.9001,0.9258,0.8835,0.92,105035
01-25-2017,0.9399,0.94,0.89,0.8902,226000
01-26-2017,1.01,1.0632,0.9117,0.9201,1066992
01-27-2017,1.07,1.13,1,1.07,2064285
01-30-2017,1.05,1.06,1.01,1.05,411161
01-31-2017,1.02,1.05,1,1.04,365662
02-01-2017,1.02,1.04,1,1.01,375945
02-02-2017,1.04,1.04,1.02,1.03,108622
02-03-2017,1.04,1.09,1.03,1.03,237788
02-06-2017,1.05,1.07,1.04,1.05,51541
02-07-2017,1.03,1.05,1.02,1.05,65208
02-08-2017,1.07,1.07,1.01,1.06,319995
02-09-2017,1.09,1.16,1.05,1.06,1469318
02-10-2017,1.09,1.1,1.06,1.08,342252
02-13-2017,1.18,1.24,1.08,1.15,1823669
02-14-2017,1.125,1.19,1.06,1.19,820059
02-15-2017,1.19,1.24,1.12,1.14,831230
02-16-2017,1.2699,1.38,1.16,1.25,3043204
02-17-2017,1.2601,1.36,1.2,1.36,1058165
02-21-2017,1.2999,1.35,1.21,1.27,1114712
02-22-2017,1.29,1.31,1.25,1.31,387279
02-23-2017,1.21,1.28,1.19,1.28,468550
02-24-2017,1.1402,1.2253,1.13,1.22,377657
02-27-2017,1.16,1.19,1.11,1.14,380287
02-28-2017,1.1475,1.2,1.13,1.15,250506
03-01-2017,1.16,1.16,1.12,1.14,206683
03-02-2017,1.14,1.19,1.13,1.14,357238
03-03-2017,1.19,1.22,1.14,1.14,317319
03-06-2017,1.18,1.21,1.15,1.2,206188
03-07-2017,1.15,1.19,1.15,1.19,243400
03-08-2017,1.12,1.19,1.11,1.15,305879
03-09-2017,1.12,1.14,1.1,1.1,220720
03-10-2017,1.13,1.22,1.11,1.12,498139
03-13-2017,1.12,1.17,1.11,1.13,363154
03-14-2017,1.1,1.175,1.08,1.1,466113
03-15-2017,1.12,1.15,1.1,1.1,407416
03-16-2017,1.14,1.15,1.1,1.11,293817
03-17-2017,1.2,1.2,1.14,1.14,526594
03-20-2017,1.14,1.2899,1.09,1.25,1387990
03-21-2017,1.08,1.18,1.03,1.13,797034
03-22-2017,1.115,1.12,1.03,1.11,624765
03-23-2017,1.0999,1.1475,1.086,1.13,351112
03-24-2017,1.1099,1.11,1.06,1.1,406070
