03-28-2016,79,81.45,78.87,81.35,713321
03-29-2016,78.76,79.93,76.42,79.01,1455045
03-30-2016,78.1,81.4999,77.1,79.37,933981
03-31-2016,82.48,84.12,78.35,79.09,2162392
04-01-2016,84.66,86.72,81.03,81.46,1592730
04-04-2016,84.47,87.17,84.34,85.67,1040677
04-05-2016,83.02,84.7,82.48,83.99,808606
04-06-2016,89.34,89.435,82.95,83.01,1811032
04-07-2016,87.79,91.91,86.66,89,1806745
04-08-2016,85.21,89.35,84.02,88.77,1393039
04-11-2016,83.2,86.28,82.67,85.58,1145644
04-12-2016,85,85.39,82.26,83.03,1235718
04-13-2016,88.52,88.64,85,85,1732435
04-14-2016,88.85,89.98,88.02,89.93,1421029
04-15-2016,86.75,89.61,85.04,89.61,1550479
04-18-2016,87,87.16,83.9,86.09,1191687
04-19-2016,86.37,88.25,85.32,87.26,1709176
04-20-2016,89.31,92.81,88,92,3908451
04-21-2016,91.99,92.05,85.5,89.25,2120163
04-22-2016,93.8,94.08,89.68,91.98,2545533
04-25-2016,90.22,93.76,89.8023,93.76,1740975
04-26-2016,88.71,91,86.73,90.07,1225684
04-27-2016,87.72,88.61,86.22,87.01,1009814
04-28-2016,85.1,87.38,84.6028,86.95,1472049
04-29-2016,84.68,87.5,83.02,83.44,1704163
05-02-2016,86.9,86.98,83.92,85.71,1112123
05-03-2016,85.09,87.41,84.91,86,1009958
05-04-2016,82.14,84.74,81.72,84.15,1512358
05-05-2016,80.74,82.6299,79.316,82.16,1073214
05-06-2016,80.8,82.35,79.4,80.36,794303
05-09-2016,83.98,85.06,80.57,81.1,1035433
05-10-2016,87.37,87.62,82.73,84.55,1430851
05-11-2016,82.22,87.24,82.09,87.24,893823
05-12-2016,79.79,83.02,78.2,82.51,987658
05-13-2016,82.71,84.386,79.79,79.79,1359916
05-16-2016,86.47,86.8,82.82,82.82,1072121
05-17-2016,84.05,87.495,82.89,85.73,1565724
05-18-2016,87.16,87.51,83.21,83.54,1186155
05-19-2016,84.75,87.44,83.4,86.46,865197
05-20-2016,86.45,86.63,84.34,84.94,869066
05-23-2016,85.51,88.15,85.35,86.85,829064
05-24-2016,87.95,88.88,86.16,86.32,909118
05-25-2016,88.81,89.85,87.5,88.31,1062649
05-26-2016,87.26,88.39,86.21,88.04,856635
05-27-2016,89.09,89.225,86.41,87.57,846254
05-31-2016,89.65,91.255,88.94,89.35,1377237
06-01-2016,87.4,88.9,86.01,88.69,1286808
06-02-2016,91.52,92.48,87.17,89.04,1950583
06-03-2016,90,91.49,88.02,91.15,1107650
06-06-2016,89.52,90.05,87.21,89.14,722380
06-07-2016,85.5,89.3,85.23,88.64,1181620
06-08-2016,84.1,85.6399,83.04,85.36,1025995
06-09-2016,82.94,84.614,82.71,83.75,897295
06-10-2016,81.1,82.48,79.52,82.35,1080973
06-13-2016,80.11,83.9799,79.505,81.09,1253238
06-14-2016,81.05,82.66,79.55,80.22,1143132
06-15-2016,84.01,85.53,81.31,81.4,1912620
06-16-2016,80.8,84.5,78.1601,83.19,3146365
06-17-2016,83.86,84.97,82.0101,84.3,3994713
06-20-2016,84.06,85.8,82.76,82.77,1682707
06-21-2016,81.22,84.05,80.545,84.05,1427880
06-22-2016,82.18,83.98,80.34,80.81,1233487
06-23-2016,83.65,83.83,81.7,82.87,1398796
06-24-2016,77.01,83.4,76.7602,79.56,2572521
06-27-2016,74.61,77.01,73.45,75.87,2023293
06-28-2016,79.49,79.71,76.02,76.23,1585069
06-29-2016,78.37,81.08,78.2,80.52,2142117
06-30-2016,77.8,79.85,76.27,78.71,1853451
07-01-2016,81.38,81.67,77.04,77.59,1651570
07-05-2016,79.86,80.69,79.23,80.64,1353936
07-06-2016,80.81,81.13,77.98,80.34,1402516
07-07-2016,88.16,90.2,86.14,86.58,6732235
07-08-2016,91.49,93.04,87.5,87.81,3766690
07-11-2016,88.59,91.82,88.59,91.82,1884052
07-12-2016,87.48,89.98,87.43,88.83,1725473
07-13-2016,87.12,88.48,85.86,88.44,1943935
07-14-2016,89.03,89.643,86.16,88.19,1448512
07-15-2016,92.08,94.75,89.19,89.79,2916697
07-18-2016,92.86,94.38,89.57,92.23,2381621
07-19-2016,90.42,94,90.2,93.49,1150650
07-20-2016,93.76,94.015,90.66,91.57,1506427
07-21-2016,93.36,94.87,91.91,92,1859457
07-22-2016,93.58,95.485,93.36,93.78,1235183
07-25-2016,92.79,94.43,92.55,94.02,1162488
07-26-2016,92.02,93.43,91.21,93.27,2160802
07-27-2016,98.09,98.71,90.52,91.58,5832323
07-28-2016,98.2,99.5,96.64,98.8,2503207
07-29-2016,99.42,99.62,96.17,98.18,1448311
08-01-2016,100.25,101.3,98.51,99.33,2102667
08-02-2016,99.07,100.9,97.4,99.96,1926746
08-03-2016,101.46,101.698,98.76,99.03,1684809
08-04-2016,99.62,102.49,99.14,102.41,1458037
08-05-2016,98.94,101.67,98.5,100.88,2088914
08-08-2016,99.02,99.62,97.704,99.29,1442198
08-09-2016,95.15,95.94,93.74,94.62,5180259
08-10-2016,91.45,95.1,90.92,94.89,2209815
08-11-2016,92.01,92.81,90.66,91.93,1342818
08-12-2016,92.44,92.49,91.02,91.49,1346784
08-15-2016,93.11,94.22,92.3,92.9,1835337
08-16-2016,91.74,93.23,90.91,92.75,1481008
08-17-2016,93.3,94.06,91,92.14,1499346
08-18-2016,93.52,93.88,92.02,92.85,965548
08-19-2016,91.99,93.4,91.76,93.07,698638
08-22-2016,98.17,98.5,95.18,95.67,3985359
08-23-2016,99.43,99.95,97.44,99.11,1696076
08-24-2016,95.13,102.06,94.5,99.22,2482655
08-25-2016,94.97,96.97,92.35,95.75,1633078
08-26-2016,96.22,96.36,94.415,95.09,1294891
08-29-2016,95.74,96.7899,94.88,96.26,800206
08-30-2016,94.95,96.61,94.84,95.75,712516
08-31-2016,93.89,95.95,93.02,95.29,1275966
09-01-2016,95.19,95.49,92.79,93.7,1012496
09-02-2016,95.73,96.49,93.86,95.3,801788
09-06-2016,95.59,97.65,94.92,95.96,1083017
09-07-2016,96.14,96.23,93.6,94.95,1475689
09-08-2016,97.44,98.22,95.04,96.08,1177885
09-09-2016,94.03,97.5,94.02,96.21,1295300
09-12-2016,96.24,96.53,93,93.33,1100492
09-13-2016,93.88,95.716,92.85,95.6,1222448
09-14-2016,95.3,96.74,93.79,94.5,1256470
09-15-2016,95.38,96.9389,94.01,95.23,1018446
09-16-2016,96.86,97.22,94.02,94.82,2261637
09-19-2016,98.11,101.2699,95.23,96.62,2106637
09-20-2016,97.95,99.4,97.52,98.97,926973
09-21-2016,97.57,99.97,95,97.97,1307825
09-22-2016,97.45,98.94,95.69,98,1053706
09-23-2016,97.4,99.705,96.63,96.63,812600
09-26-2016,95.87,97.52,95.43,96.86,823786
09-27-2016,97.05,97.19,94.249,95.43,1183690
09-28-2016,96.03,98.19,94.42,98.19,1194396
09-29-2016,92.78,96.17,92.43,96.02,1046414
09-30-2016,92.52,93.325,91.2,93.08,1476016
10-03-2016,94.34,94.49,91.19,91.98,1130534
10-04-2016,95.13,95.265,94.04,94.59,799730
10-05-2016,95.92,96.55,94.32,94.69,873100
10-06-2016,92.63,95.765,92.12,95.13,1239380
10-07-2016,93.51,93.915,91.55,93.19,863707
10-10-2016,93.55,94.98,92.42,94.07,673013
10-11-2016,91.67,93.66,90.72,93.09,1157051
10-12-2016,87.95,92.2,87.73,91.46,1013483
10-13-2016,86.87,88.46,86,86.31,1914815
10-14-2016,85.04,88.67,84.58,87.58,1238159
10-17-2016,85.45,85.6,82.19,84.83,1399434
10-18-2016,85.4,87.34,85.2,86.15,1036394
10-19-2016,84.32,86.43,83.65,85.35,749430
10-20-2016,84.2,85.62,83.71,84.41,1172382
10-21-2016,82.28,84.02,81.85,84,1037604
10-24-2016,82.14,82.89,81.44,82.67,895833
10-25-2016,80.96,82.28,80.54,82.28,779681
10-26-2016,81.75,82.6,81,81.26,951271
10-27-2016,81.02,83.39,80.3,82.29,1293675
10-28-2016,81.13,83.32,78.56,79.73,1923009
10-31-2016,80.52,81.26,80,81.26,1139332
11-01-2016,82.71,82.88,79.31,80.3,1182177
11-02-2016,80.9,82.71,80.77,82.38,1224216
11-03-2016,78.62,81.43,78.42,81.43,1471786
11-04-2016,82,84.585,78.745,79.65,2098975
11-07-2016,83.54,84.07,81.64,82.64,1882700
11-08-2016,83.43,84.46,82.12,82.79,1240213
11-09-2016,91.83,98.34,88.52,89,3871635
11-10-2016,93.54,95.555,91.46,92.8,2166262
11-11-2016,91.46,93.28,90.115,93.28,1243367
11-14-2016,92.91,93.85,90.13,91.78,1620357
11-15-2016,92.21,92.65,89.395,91.93,1167121
11-16-2016,89.395,92.31,89.31,91.61,935140
11-17-2016,90.74,92.3,88.7,89.15,1114066
11-18-2016,89,91.21,88.92,90.42,824650
11-21-2016,87.5,89.99,86.74,89.13,1132414
11-22-2016,85.43,88.3,84.42,87.51,1047011
11-23-2016,88.1,88.39,83.62,84.59,1299103
11-25-2016,89,89.1,86.52,88.06,647620
11-28-2016,88.36,89.1,87.01,89,1388567
11-29-2016,86.7,88,85.86,87.46,1116323
11-30-2016,85.63,87.9,85.53,86.64,1471535
12-01-2016,83.33,86.455,82.51,85.97,1194580
12-02-2016,82.21,84.02,81.89,83.39,1142525
12-05-2016,82.45,84.59,81.86,82.51,1702139
12-06-2016,82.99,83.48,81.89,82.99,1393595
12-07-2016,81.02,82.34,79.5,81.36,1814489
12-08-2016,83.51,83.72,80.5,81.7,1135169
12-09-2016,82.68,87.52,82.581,84.67,1843346
12-12-2016,82.01,82.75,80.67,82.37,1284268
12-13-2016,83.44,84.36,82.4,82.44,1136684
12-14-2016,85.585,85.61,82.72,83.26,1410288
12-15-2016,85.35,86.1,84.41,85.72,1300513
12-16-2016,85.36,86.4,84.75,85.32,2014946
12-19-2016,84.38,85.91,83.97,85.15,925325
12-20-2016,84.98,85.42,83.64,84.41,660177
12-21-2016,85.05,86.68,82.84,85.09,1712427
12-22-2016,83.54,85.21,82.89,84.91,987954
12-23-2016,85.66,86,83.06,83.06,715975
12-27-2016,85.08,87.61,85.01,86,655513
12-28-2016,84.15,86.5938,83.741,85.08,927558
12-29-2016,83.35,84.71,82.97,83.84,811445
12-30-2016,82.84,83.74,81.5,83.35,1267233
01-03-2017,85.84,86.57,83,83.3,1298938
01-04-2017,86.87,87.52,85.51,86.96,1340560
01-05-2017,86.29,87.67,84.93,87,1083846
01-06-2017,86.85,87.97,86.13,87.19,776503
01-09-2017,91.03,92.2,87.51,89.79,2091598
01-10-2017,90.4,92,88.51,91.31,1146553
01-11-2017,86.07,90.37,84.66,89.84,2063706
01-12-2017,86.16,87.569,84.445,85.47,1309558
01-13-2017,86.92,88.1299,85.91,86.16,1037735
01-17-2017,85.21,86.545,84.43,86.34,1167409
01-18-2017,87.16,87.25,85.69,86.19,944658
01-19-2017,86.15,87.34,85.88,86.9,875623
01-20-2017,84.62,87.5,84.36,86.7,1030818
01-23-2017,83.3,85.41,82.99,84.62,750495
01-24-2017,84.34,84.42,82.57,83.27,838504
01-25-2017,83.85,84.98,83.46,84.44,1116101
01-26-2017,85.28,85.48,83.88,84,1198818
01-27-2017,86.56,87,85.31,85.99,964701
01-30-2017,85.54,86.89,84.38,86.49,868872
01-31-2017,87.63,88.1,84,84.9,1129571
02-01-2017,88.59,89.1467,87.445,87.79,1267894
02-02-2017,88.38,89.01,87.375,88.5,1008783
02-03-2017,88.81,89.81,88.32,89.23,954550
02-06-2017,88.74,88.94,87.98,88.57,893323
02-07-2017,88.91,90.2,88.12,90,857292
02-08-2017,90.9,91.23,87.8305,88.7,1050754
02-09-2017,91.15,92.19,90.62,90.89,810037
02-10-2017,90.13,91.27,89.37,91.23,617451
02-13-2017,90.89,90.94,90.03,90.33,486325
02-14-2017,91.19,91.6,90.09,90.46,787167
02-15-2017,91.48,91.74,90.15,91.39,1037528
02-16-2017,90.53,92.42,89.87,91.77,1706495
02-17-2017,89.87,91.29,89.2,90.5,1290223
02-21-2017,90.24,90.4512,89.42,90.24,1344772
02-22-2017,89.79,90.96,89.69,90.46,960492
02-23-2017,89.29,90.62,88.87,89.76,1175190
02-24-2017,87.51,88.82,85.88,87.99,2390386
02-27-2017,91.62,91.74,87.26,87.26,1340772
02-28-2017,93.93,94.05,91.21,91.6,2354269
03-01-2017,93.81,95.48,92.84,94.5,1974119
03-02-2017,93.42,95.79,93.02,93.5,1229117
03-03-2017,93.95,94.28,91.82,93.19,927901
03-06-2017,91.9,93.91,91.76,93.32,926075
03-07-2017,89.23,91.6934,89.04,90.56,1070413
03-08-2017,90.4,90.7,89,89.24,940949
03-09-2017,90.96,91.16,89.79,90.18,537230
03-10-2017,92.53,92.6,90.57,91.09,874656
03-13-2017,93.12,93.4599,91.9,92.68,759471
03-14-2017,91.65,92.77,90.7,92.77,710356
03-15-2017,92.5,92.6,90.93,91.42,893480
03-16-2017,90.96,93.16,90.18,92.77,1798659
03-17-2017,90.9,91.4,89.8,91.07,1003472
03-20-2017,90,91.05,89.44,90.97,890847
03-21-2017,87.03,90.4999,86.86,90.19,1120126
03-22-2017,87.42,88,86.28,87.28,991890
03-23-2017,86.84,87.9,86.69,87.31,792355
03-24-2017,87.37,87.93,86.82,87.52,1121370
