03-28-2016,2.53,2.57,2.41,2.52,121934
03-29-2016,2.67,2.7,2.4354,2.53,153135
03-30-2016,2.77,2.83,2.65,2.7,238878
03-31-2016,2.87,2.9,2.76,2.83,276317
04-01-2016,2.92,3.02,2.84,2.9,281598
04-04-2016,3.15,3.25,2.93,2.95,380834
04-05-2016,3.22,3.25,3.14,3.17,243880
04-06-2016,3.25,3.35,3.21,3.25,241981
04-07-2016,3.16,3.3,3.06,3.3,249960
04-08-2016,3.02,3.2,2.9501,3.2,242502
04-11-2016,2.96,3.15,2.96,3.03,130853
04-12-2016,3,3.04,2.88,2.95,188400
04-13-2016,3.05,3.08,2.92,3.01,153548
04-14-2016,2.97,3.08,2.9,3.08,187322
04-15-2016,3.01,3.07,2.92,2.97,139358
04-18-2016,3.13,3.15,3.04,3.11,160701
04-19-2016,3.11,3.15,3.03,3.15,101722
04-20-2016,3.09,3.15,3.01,3.15,68887
04-21-2016,3.14,3.17,3.04,3.17,112804
04-22-2016,3.15,3.18,3.09,3.13,78005
04-25-2016,3.05,3.16,3.05,3.15,77501
04-26-2016,3.02,3.094,2.96,3.07,132125
04-27-2016,3.02,3.08,2.95,3.01,131002
04-28-2016,2.89,3.03,2.89,2.95,108857
04-29-2016,2.92,2.97,2.88,2.89,81742
05-02-2016,3.1,3.11,2.89,2.89,167939
05-03-2016,2.98,3.1099,2.9,3.05,149672
05-04-2016,2.88,2.99,2.88,2.93,99142
05-05-2016,2.82,2.94,2.82,2.94,99830
05-06-2016,2.68,2.811,2.53,2.8,209777
05-09-2016,2.81,2.8498,2.74,2.75,82423
05-10-2016,2.88,2.92,2.75,2.9,94043
05-11-2016,2.68,2.86,2.67,2.84,60923
05-12-2016,2.59,2.67,2.58,2.67,156937
05-13-2016,2.58,2.69,2.58,2.59,164218
05-16-2016,2.58,2.6,2.5,2.58,142483
05-17-2016,2.52,2.65,2.41,2.5,315467
05-18-2016,2.6,2.67,2.5,2.5,165726
05-19-2016,2.51,2.58,2.42,2.54,183362
05-20-2016,2.75,2.8,2.45,2.45,187456
05-23-2016,2.82,2.86,2.74,2.8,92544
05-24-2016,2.89,2.9,2.8,2.81,130267
05-25-2016,2.84,2.89,2.8,2.89,100700
05-26-2016,2.77,2.81,2.75,2.81,50679
05-27-2016,2.88,2.88,2.75,2.78,78634
05-31-2016,2.86,2.89,2.79,2.83,202766
06-01-2016,2.86,2.89,2.77,2.77,85316
06-02-2016,2.87,2.89,2.81,2.82,96848
06-03-2016,2.79,2.84,2.74,2.83,106650
06-06-2016,2.82,2.87,2.7,2.76,181142
06-07-2016,2.82,2.9,2.73,2.78,155776
06-08-2016,2.88,2.92,2.76,2.79,226128
06-09-2016,2.77,2.86,2.74,2.8,173476
06-10-2016,2.74,2.77,2.59,2.75,143717
06-13-2016,2.69,2.865,2.65,2.65,91883
06-14-2016,2.62,2.69,2.58,2.65,254298
06-15-2016,2.6,2.66,2.56,2.56,229072
06-16-2016,2.4,2.49,2.38,2.39,732125
06-17-2016,2.44,2.59,2.35,2.43,971322
06-20-2016,2.47,2.51,2.39,2.39,286545
06-21-2016,2.4,2.48,2.39,2.45,213979
06-22-2016,2.4,2.49,2.39,2.43,205350
06-23-2016,2.45,2.46,2.4099,2.43,190628
06-24-2016,2.35,2.48,2.29,2.36,978545
06-27-2016,2.29,2.35,2.255,2.29,275780
06-28-2016,2.39,2.4,2.3,2.3,238956
06-29-2016,2.5,2.52,2.4,2.45,407849
06-30-2016,2.61,2.63,2.5,2.52,339934
07-01-2016,2.72,2.74,2.59,2.64,302893
07-05-2016,2.7,2.71,2.6,2.66,189605
07-06-2016,2.72,2.8,2.67,2.67,219236
07-07-2016,2.76,2.78,2.69,2.71,170187
07-08-2016,2.89,2.9,2.74,2.75,284801
07-11-2016,2.86,2.92,2.84,2.92,127558
07-12-2016,2.88,2.92,2.84,2.87,182978
07-13-2016,2.88,2.92,2.855,2.88,107568
07-14-2016,2.88,2.914,2.84,2.87,106038
07-15-2016,2.91,2.92,2.82,2.91,104225
07-18-2016,2.92,2.97,2.84,2.92,110730
07-19-2016,2.91,2.95,2.85,2.9,73157
07-20-2016,3,3.05,2.87,2.89,218979
07-21-2016,2.93,3.06,2.9,3.02,248017
07-22-2016,3,3.02,2.92,2.94,64043
07-25-2016,3.02,3.04,2.96,3.03,172330
07-26-2016,3,3.03,2.94,3.02,116413
07-27-2016,3.1,3.14,2.98,2.98,418394
07-28-2016,3.15,3.175,3,3.16,257445
07-29-2016,3.12,3.18,3.03,3.12,876222
08-01-2016,3.19,3.205,3.09,3.09,166068
08-02-2016,3.11,3.2,3.06,3.2,157759
08-03-2016,3.15,3.19,3.1,3.14,111080
08-04-2016,3.18,3.2,3.1,3.19,146591
08-05-2016,3.29,3.355,3.15,3.15,425266
08-08-2016,3.32,3.35,3.26,3.35,152644
08-09-2016,3.28,3.3,3.15,3.25,293813
08-10-2016,3.14,3.31,3.11,3.25,193295
08-11-2016,3.17,3.17,3.0301,3.17,207509
08-12-2016,3.12,3.17,3.0801,3.15,100243
08-15-2016,3.18,3.18,3.09,3.1,184177
08-16-2016,3.17,3.19,3.0801,3.13,119171
08-17-2016,3.14,3.19,3.07,3.13,93136
08-18-2016,3.2,3.2,3.12,3.12,97183
08-19-2016,3.15,3.2,3.05,3.2,151044
08-22-2016,3.2,3.25,3.11,3.11,159785
08-23-2016,3.14,3.22,3.12,3.2,126640
08-24-2016,3.04,3.13,3.0375,3.08,174089
08-25-2016,2.98,3.06,2.93,3.06,98010
08-26-2016,3,3.05,2.95,2.96,92908
08-29-2016,2.9,2.98,2.89,2.98,56477
08-30-2016,2.95,2.99,2.9201,2.95,150249
08-31-2016,2.94,2.98,2.88,2.92,205945
09-01-2016,2.84,2.9,2.8,2.88,194287
09-02-2016,2.85,2.88,2.81,2.83,71513
09-06-2016,2.8,2.86,2.671,2.79,193419
09-07-2016,3.03,3.07,2.8,2.8,281313
09-08-2016,3.49,3.63,3.18,3.21,3013823
09-09-2016,3.35,3.55,3.33,3.55,511271
09-12-2016,3.32,3.35,3.26,3.33,430209
09-13-2016,3.18,3.32,3.12,3.27,320045
09-14-2016,3.23,3.28,3.16,3.19,349830
09-15-2016,3.46,3.52,3.2,3.2,500359
09-16-2016,3.4,3.51,3.31,3.5,561427
09-19-2016,3.4,3.4499,3.335,3.41,245902
09-20-2016,3.47,3.51,3.44,3.45,360908
09-21-2016,3.48,3.4931,3.31,3.48,227792
09-22-2016,3.59,3.6,3.43,3.43,370988
09-23-2016,3.8,4,3.6,3.67,1439808
09-26-2016,3.97,4.005,3.8301,3.9,651280
09-27-2016,3.83,4,3.76,3.96,387205
09-28-2016,3.8,3.81,3.7101,3.76,183885
09-29-2016,3.67,3.76,3.6101,3.72,213630
09-30-2016,3.9,3.92,3.62,3.66,406186
10-03-2016,3.89,3.97,3.81,3.97,181945
10-04-2016,3.78,3.945,3.77,3.89,116198
10-05-2016,3.85,3.9193,3.79,3.79,127793
10-06-2016,3.86,3.9,3.75,3.87,151278
10-07-2016,3.75,3.88,3.69,3.85,130327
10-10-2016,3.8,3.89,3.72,3.72,218280
10-11-2016,3.66,3.8363,3.53,3.81,260637
10-12-2016,3.54,3.7,3.52,3.61,177466
10-13-2016,3.6,3.64,3.5101,3.55,167258
10-14-2016,3.54,3.6446,3.51,3.64,117071
10-17-2016,3.51,3.55,3.45,3.5,166701
10-18-2016,3.54,3.59,3.51,3.55,97293
10-19-2016,3.49,3.55,3.48,3.51,139729
10-20-2016,3.58,3.65,3.46,3.48,140053
10-21-2016,3.57,3.6299,3.53,3.54,59223
10-24-2016,3.51,3.65,3.5,3.57,66430
10-25-2016,3.5,3.579,3.48,3.52,82256
10-26-2016,3.38,3.57,3.36,3.55,168390
10-27-2016,3.33,3.48,3.33,3.45,92436
10-28-2016,3.35,3.3907,3.23,3.33,92696
10-31-2016,3.22,3.4,3.16,3.39,205002
11-01-2016,3.21,3.26,3.18,3.26,122487
11-02-2016,3.14,3.32,3.14,3.24,208553
11-03-2016,2.89,3.13,2.89,3.09,322009
11-04-2016,3.15,3.3,2.8,2.84,350758
11-07-2016,3.19,3.21,3.1,3.15,232597
11-08-2016,3.15,3.22,3.12,3.14,194554
11-09-2016,3.51,3.51,3.13,3.17,526014
11-10-2016,3.5,3.55,3.29,3.41,356870
11-11-2016,3.6,3.6,3.36,3.43,555237
11-14-2016,3.59,3.61,3.5,3.6,193393
11-15-2016,3.58,3.6,3.43,3.5,202778
11-16-2016,3.55,3.59,3.51,3.56,155465
11-17-2016,3.6,3.6,3.51,3.58,207473
11-18-2016,3.65,3.6779,3.58,3.6,329349
11-21-2016,3.66,3.66,3.62,3.64,172825
11-22-2016,3.7,3.7,3.61,3.66,284470
11-23-2016,3.65,3.68,3.56,3.68,204685
11-25-2016,3.62,3.66,3.555,3.61,111432
11-28-2016,3.26,3.56,3.26,3.56,378194
11-29-2016,3.22,3.3,3.2,3.25,201881
11-30-2016,3.15,3.25,3.07,3.2,328004
12-01-2016,3.24,3.26,3.11,3.14,386914
12-02-2016,3.18,3.252,3.15,3.2,128820
12-05-2016,3.19,3.285,3.14,3.2,330901
12-06-2016,3.3,3.32,3.12,3.26,278138
12-07-2016,3.21,3.25,3.18,3.22,213196
12-08-2016,3.39,3.4025,3.15,3.16,484128
12-09-2016,3.32,3.425,3.23,3.39,236288
12-12-2016,3.39,3.42,3.26,3.3,240589
12-13-2016,3.56,3.59,3.36,3.43,197551
12-14-2016,3.41,3.56,3.36,3.54,228983
12-15-2016,3.57,3.6,3.3501,3.39,229446
12-16-2016,3.78,3.79,3.55,3.58,658026
12-19-2016,3.73,3.85,3.66,3.78,291011
12-20-2016,3.88,3.89,3.71,3.77,314339
12-21-2016,3.8,3.885,3.77,3.8,184944
12-22-2016,3.74,3.88,3.71,3.83,351255
12-23-2016,3.8,3.86,3.7,3.76,302390
12-27-2016,3.89,3.965,3.73,3.74,412488
12-28-2016,3.69,3.91,3.65,3.91,302263
12-29-2016,3.64,3.77,3.59,3.74,140948
12-30-2016,3.61,3.65,3.56,3.65,142884
01-03-2017,3.64,3.77,3.55,3.58,206847
01-04-2017,3.72,3.8,3.59,3.59,282163
01-05-2017,3.73,3.79,3.63,3.68,154465
01-06-2017,3.72,3.8,3.7,3.78,141643
01-09-2017,3.63,3.7,3.6,3.65,104810
01-10-2017,3.62,3.66,3.45,3.6,301750
01-11-2017,3.5,3.59,3.48,3.55,178679
01-12-2017,3.41,3.5,3.3544,3.42,219479
01-13-2017,3.46,3.57,3.4105,3.44,225678
01-17-2017,3.3,3.42,3.28,3.38,364973
01-18-2017,3.33,3.44,3.25,3.27,161766
01-19-2017,3.21,3.3,3.2,3.3,280885
01-20-2017,3.32,3.37,3.21,3.21,249240
01-23-2017,3.27,3.35,3.21,3.23,248319
01-24-2017,3.3,3.38,3.23,3.3,313874
01-25-2017,3.29,3.36,3.24,3.28,182729
01-26-2017,3.1,3.26,3.1,3.26,366914
01-27-2017,3.18,3.22,3.11,3.13,174867
01-30-2017,3.02,3.2,3.01,3.18,384220
01-31-2017,3.13,3.19,3.01,3.16,172681
02-01-2017,3.06,3.21,3,3.21,191849
02-02-2017,3.03,3.06,2.96,3,244067
02-03-2017,3.12,3.15,3,3.07,147231
02-06-2017,3.05,3.1388,3.02,3.09,160419
02-07-2017,3.06,3.17,3.01,3.06,299157
02-08-2017,3.01,3.12,3,3.08,190563
02-09-2017,3.01,3.11,2.94,2.94,423265
02-10-2017,2.88,2.91,2.7,2.75,2154805
02-13-2017,2.92,2.96,2.88,2.93,376633
02-14-2017,2.91,2.93,2.85,2.9,251759
02-15-2017,2.9,2.91,2.84,2.91,383289
02-16-2017,2.97,3.05,2.89,2.9397,586279
02-17-2017,2.97,3.04,2.93,3.04,348477
02-21-2017,3.18,3.22,3.04,3.05,907014
02-22-2017,3.2,3.31,3.18,3.2,625092
02-23-2017,3.42,3.48,3.22,3.22,719244
02-24-2017,3.3,3.45,3.23,3.45,976336
02-27-2017,3.41,3.43,3.31,3.31,389237
02-28-2017,3.25,3.41,3.12,3.41,948190
03-01-2017,3.35,3.4,3.25,3.29,398577
03-02-2017,3.45,3.52,3.31,3.37,730079
03-03-2017,3.36,3.46,3.3,3.43,230092
03-06-2017,3.25,3.37,3.22,3.34,302117
03-07-2017,3.21,3.25,3.15,3.24,327557
03-08-2017,3.14,3.27,3.13,3.22,208822
03-09-2017,3.01,3.16,3,3.15,255337
03-10-2017,3.13,3.1558,3.01,3.05,259377
03-13-2017,3.16,3.17,3.05,3.16,242258
03-14-2017,3.01,3.16,3.005,3.15,238546
03-15-2017,3.08,3.11,3.01,3.02,251086
03-16-2017,3.1,3.1,3.03,3.04,182712
03-17-2017,3.59,3.62,3.07,3.07,1506410
03-20-2017,3.46,3.54,3.4,3.51,407905
03-21-2017,3.25,3.57,3.24,3.54,387842
03-22-2017,3.15,3.235,3.1,3.22,308023
03-23-2017,3.23,3.32,3.1,3.11,435884
03-24-2017,3.19,3.35,3.12,3.27,303325
