03-28-2016,5.16,5.2,4.86,5.05,10072
03-29-2016,4.71,4.92,4.66,4.92,40551
03-30-2016,4.55,4.76,4.45,4.69,28572
03-31-2016,5.04,5.18,4.44,4.44,60700
04-01-2016,5.16,5.4,4.68,5.17,44233
04-04-2016,5.19,5.3,4.95,5,41978
04-05-2016,4.8,5.13,4.77,5.07,34455
04-06-2016,4.86,4.99,4.77,4.77,17800
04-07-2016,4.82,4.9,4.81,4.81,19563
04-08-2016,4.95,5.54,4.87,5.4,26062
04-11-2016,5.15,5.19,4.85,5.13,19843
04-12-2016,5.05,5.3899,4.94,5.08,27882
04-13-2016,5.13,5.39,5.02,5.13,63672
04-14-2016,5.18,5.4,4.84,5.17,63563
04-15-2016,5.25,5.45,5.16,5.17,15048
04-18-2016,5.67,5.85,5.0896,5.34,29171
04-19-2016,5.33,5.79,5.32,5.74,25874
04-20-2016,5.13,5.52,5.11,5.28,29685
04-21-2016,5.05,5.29,4.99,5.05,30642
04-22-2016,5,5.17,4.98,4.98,8940
04-25-2016,4.96,5,4.84,4.98,37543
04-26-2016,5,5.08,4.94,5.08,32294
04-27-2016,4.52,5.06,4.52,5.06,38048
04-28-2016,4.61,5.088,4.55,4.57,10152
04-29-2016,4.41,4.6799,4.22,4.65,36659
05-02-2016,4.9,4.9113,4.21,4.45,21313
05-03-2016,4.48,4.82,4.38,4.82,14386
05-04-2016,4.26,4.41,4.25,4.41,17912
05-05-2016,4.09,4.3699,4.05,4.23,14134
05-06-2016,4.33,4.4,4.03,4.15,18858
05-09-2016,4.64,4.7,4.34,4.4,22568
05-10-2016,4.74,4.95,4.2101,4.85,25870
05-11-2016,4.63,4.886,4.55,4.8856,10850
05-12-2016,4.45,4.625,4.16,4.33,33519
05-13-2016,4.91,4.96,4.19,4.19,51300
05-16-2016,5,5.31,4.83,4.91,55097
05-17-2016,5.06,5.4299,4.71,4.71,45219
05-18-2016,4.96,5.28,4.87,5,13116
05-19-2016,5.14,5.23,4.76,4.76,9833
05-20-2016,5.56,5.6,5.19,5.19,19899
05-23-2016,6.45,6.88,5.61,5.61,43672
05-24-2016,6.23,6.7599,5.83,6.4501,34867
05-25-2016,6.91,6.9399,5.98,5.98,30709
05-26-2016,6.94,7.047,6.56,6.62,34642
05-27-2016,6.47,6.975,6.19,6.88,12472
05-31-2016,6.75,7.04,6.55,6.7478,23117
06-01-2016,6.86,6.97,6.1401,6.58,18705
06-02-2016,6.85,6.97,6.5821,6.84,15089
06-03-2016,6.82,6.92,6.79,6.87,5978
06-06-2016,7.12,7.14,6.5764,6.5883,13829
06-07-2016,6.85,7.23,6.65,7.23,22622
06-08-2016,5.05,5.6,4.78,5.6,198118
06-09-2016,4.89,5.32,4.5501,5.08,44443
06-10-2016,4.52,4.78,4.45,4.78,42361
06-13-2016,4.2,4.6099,4.12,4.47,60234
06-14-2016,4.17,4.3,4.12,4.12,11419
06-15-2016,4.05,4.2,4,4.2,23545
06-16-2016,4.1,4.14,3.93,4,23632
06-17-2016,4.07,4.13,4,4.13,23902
06-20-2016,4.12,4.3,3.97,4.18,17386
06-21-2016,4.06,4.2199,3.97,4.16,11523
06-22-2016,3.88,4.2399,3.8,4.2399,21097
06-23-2016,4,4.1699,3.67,3.87,28592
06-24-2016,4.08,4.16,3.53,3.985,302924
06-27-2016,3.89,4.4,3.69,4.11,52354
06-28-2016,4.08,4.135,3.73,3.93,13469
06-29-2016,4.01,4.16,3.79,4.16,63585
06-30-2016,3.7,4.02,3.7,4.02,24294
07-01-2016,3.79,3.88,3.68,3.733,8232
07-05-2016,3.54,3.78,3.5,3.78,14795
07-06-2016,3.48,3.58,3.31,3.5,9461
07-07-2016,3.53,3.69,3.4334,3.61,9895
07-08-2016,3.69,3.74,3.5119,3.69,27400
07-11-2016,3.76,3.98,3.63,3.63,17350
07-12-2016,3.7,3.951,3.56,3.82,20564
07-13-2016,3.47,3.91,3.47,3.68,30801
07-14-2016,3.86,3.86,3.44,3.55,23187
07-15-2016,3.71,3.859,3.661,3.81,6631
07-18-2016,3.66,3.84,3.595,3.6799,22021
07-19-2016,3.55,3.79,3.54,3.7128,10810
07-20-2016,3.46,3.64,3.43,3.6,15137
07-21-2016,3.5,3.699,3.48,3.55,9620
07-22-2016,3.55,3.78,3.4,3.43,76762
07-25-2016,3.645,3.7,3.52,3.59,63174
07-26-2016,3.48,3.85,3.45,3.84,92767
07-27-2016,3.62,3.68,3.48,3.53,40973
07-28-2016,3.75,3.838,3.64,3.64,20089
07-29-2016,3.87,3.87,3.713,3.79,33566
08-01-2016,4.08,4.1565,3.87,3.87,28482
08-02-2016,4.06,4.24,4.05,4.14,11803
08-03-2016,4.55,4.6299,4.02,4.08,83425
08-04-2016,5.45,5.66,4.55,4.55,258102
08-05-2016,5.07,5.596,5.02,5.51,87154
08-08-2016,4.7401,5,4.55,5,57348
08-09-2016,4.83,4.89,4.6,4.78,16134
08-10-2016,5.19,5.21,4.67,4.79,42851
08-11-2016,5.34,5.47,5.14,5.22,88094
08-12-2016,5.05,5.2499,4.01,4.18,155226
08-15-2016,5.06,5.2499,5.05,5.14,57868
08-16-2016,4.94,5.25,4.9,5.18,24380
08-17-2016,5,5.13,4.94,4.94,21193
08-18-2016,5.09,5.1199,4.931,5.05,19406
08-19-2016,4.96,4.9842,4.9,4.9,9261
08-22-2016,5,5.04,4.9,4.98,16563
08-23-2016,4.98,5.3906,4.95,5.06,34706
08-24-2016,4.91,5.17,4.9,5,23981
08-25-2016,4.97,5.25,4.961,4.97,15640
08-26-2016,4.95,5.18,4.93,5.1791,10743
08-29-2016,4.95,5.01,4.9,5.01,55362
08-30-2016,5,5.05,4.9,4.92,33358
08-31-2016,4.99,5.03,4.9,4.95,25988
09-01-2016,4.75,4.93,4.69,4.93,26033
09-02-2016,4.82,4.98,4.798,4.98,9167
09-06-2016,4.87,4.94,4.81,4.87,18045
09-07-2016,4.3,4.882,4.1601,4.85,114152
09-08-2016,4.307,4.3599,4,4.25,46673
09-09-2016,4.24,4.409,4.15,4.35,22589
09-12-2016,3.88,4.25,3.55,4.25,64445
09-13-2016,3.94,3.98,3.81,3.92,9225
09-14-2016,4.1,4.12,3.945,3.96,41678
09-15-2016,4.13,4.24,3.9273,4.04,38243
09-16-2016,3.99,4.19,3.99,4.166,15352
09-19-2016,3.96,4.0106,3.9,3.99,15801
09-20-2016,4.14,4.35,3.99,4.02,477971
09-21-2016,4.4801,4.7399,4.15,4.2101,60975
09-22-2016,5,5,4.5,4.5,48050
09-23-2016,4.36,4.74,4.25,4.74,623900
09-26-2016,4.64,4.652,4.38,4.46,87626
09-27-2016,4.48,4.69,4.46,4.6,57695
09-28-2016,4.48,4.5,4.33,4.43,56790
09-29-2016,6.25,7.89,5.11,5.62,16638162
09-30-2016,6.16,6.63,5.75,6.5,1972345
10-03-2016,5.79,6.25,5.4501,6.21,529046
10-04-2016,5.4,6.0665,5.25,5.96,458035
10-05-2016,5.43,5.6999,5.25,5.35,277289
10-06-2016,5.44,5.7388,5.316,5.62,224399
10-07-2016,5.09,5.45,4.92,5.4,296770
10-10-2016,5.23,5.29,4.8,5.05,125559
10-11-2016,4.99,5.29,4.98,5.16,88349
10-12-2016,4.71,5.03,4.62,5,158451
10-13-2016,4.86,4.92,4.69,4.74,152966
10-14-2016,4.87,5.0053,4.67,4.83,88273
10-17-2016,4.76,4.98,4.6601,4.85,128918
10-18-2016,4.78,4.9301,4.62,4.73,116325
10-19-2016,4.75,4.89,4.71,4.74,78841
10-20-2016,4.84,4.94,4.69,4.69,99696
10-21-2016,4.88,4.9018,4.73,4.88,54839
10-24-2016,4.7,4.9,4.68,4.84,108232
10-25-2016,4.35,4.7695,4.301,4.74,140630
10-26-2016,4.13,4.32,4.13,4.31,48982
10-27-2016,3.58,4.2,3.56,4.14,166510
10-28-2016,3.57,3.9765,3.52,3.53,90689
10-31-2016,3.45,3.62,3.45,3.62,63416
11-01-2016,3.5199,3.55,3.42,3.48,30528
11-02-2016,3.42,3.6085,3.39,3.5,48935
11-03-2016,3.25,3.45,3.22,3.42,73841
11-04-2016,3.33,3.34,3.24,3.25,36533
11-07-2016,3.51,3.6995,3.33,3.34,96820
11-08-2016,3.5,3.7239,3.41,3.51,39622
11-09-2016,3.891,3.91,3.42,3.42,68484
11-10-2016,4.22,4.32,3.93,4,88098
11-11-2016,4.45,5.16,4.4045,4.77,186212
11-14-2016,4.46,4.5348,4.2,4.42,48985
11-15-2016,4.52,4.55,4.39,4.43,85037
11-16-2016,4.38,4.97,4.21,4.75,226664
11-17-2016,4.31,4.55,4.12,4.3,89606
11-18-2016,4.48,4.51,4.25,4.33,49569
11-21-2016,4.2,4.5,4.13,4.48,46019
11-22-2016,4,4.3599,3.95,4.2,49212
11-23-2016,3.8,4,3.78,4,66076
11-25-2016,3.85,3.985,3.75,3.8,41491
11-28-2016,3.85,3.989,3.78,3.9,43057
11-29-2016,3.79,3.85,3.75,3.85,29796
11-30-2016,3.57,3.79,3.36,3.79,173331
12-01-2016,3.45,3.61,3.38,3.57,33667
12-02-2016,3.46,3.53,3.22,3.45,133591
12-05-2016,3.41,3.52,3.31,3.44,123324
12-06-2016,3.71,3.74,3.3,3.4,254649
12-07-2016,3.56,3.76,3.52,3.75,136079
12-08-2016,3.52,3.5946,3.45,3.54,135137
12-09-2016,3.61,3.69,3.5,3.6,101874
12-12-2016,3.5,3.6,3.42,3.6,72609
12-13-2016,3.47,3.63,3.37,3.5,74684
12-14-2016,3.38,3.49,3.31,3.41,88962
12-15-2016,3.35,3.41,3.3,3.37,36078
12-16-2016,3.62,3.65,3.3134,3.3134,289499
12-19-2016,3.72,3.84,3.44,3.74,234212
12-20-2016,3.721,3.85,3.62,3.69,178037
12-21-2016,3.59,3.74,3.52,3.74,79086
12-22-2016,3.85,4.19,3.6705,3.8,467482
12-23-2016,3.75,3.96,3.6201,3.94,119099
12-27-2016,3.8,3.9099,3.7674,3.85,75715
12-28-2016,3.65,3.85,3.63,3.7546,124698
12-29-2016,3.31,3.68,3.3,3.68,174477
12-30-2016,3.61,3.8,3.34,3.34,258896
01-03-2017,3.7,3.79,3.6,3.72,129121
01-04-2017,4.08,4.2,3.7358,3.8,190141
01-05-2017,4.45,4.4955,4.2,4.29,239361
01-06-2017,4.24,4.5325,4.07,4.42,197537
01-09-2017,4.13,4.3014,4.11,4.24,130075
01-10-2017,4.41,4.469,4.01,4.15,183134
01-11-2017,4.36,4.6721,4.2,4.44,140442
01-12-2017,4.24,4.4546,4.2,4.39,89583
01-13-2017,4.29,4.48,4.21,4.21,77449
01-17-2017,4.29,4.4,4.15,4.3,104566
01-18-2017,4.15,4.369,4.12,4.35,68165
01-19-2017,4.97,5.51,4.41,4.54,4000245
01-20-2017,4.5,5,4.47,5,531431
01-23-2017,4.16,4.53,4.0645,4.5,257986
01-24-2017,4.56,4.6,4.22,4.22,213559
01-25-2017,4.5,5,4.46,4.54,228228
01-26-2017,4.27,4.649,4.25,4.46,178443
01-27-2017,4.04,4.3,3.8,4.3,279845
01-30-2017,3.93,4.0524,3.8468,4.01,102302
01-31-2017,4.04,4.05,3.81,3.9,1037416
02-01-2017,1.18,1.3,1.08,1.28,7640980
02-02-2017,1.2,1.33,1.17,1.25,3330680
02-03-2017,1.24,1.29,1.15,1.29,1139553
02-06-2017,1.23,1.25,1.2,1.24,594254
02-07-2017,1.22,1.25,1.19,1.25,488978
02-08-2017,1.24,1.24,1.16,1.23,572435
02-09-2017,1.23,1.399,1.18,1.23,2644843
02-10-2017,1.22,1.27,1.19,1.24,605610
02-13-2017,1.25,1.26,1.2,1.24,436686
02-14-2017,1.24,1.25,1.18,1.24,483168
02-15-2017,1.23,1.25,1.1967,1.24,441986
02-16-2017,1.25,1.26,1.2,1.22,244218
02-17-2017,1.25,1.25,1.21,1.24,283528
02-21-2017,1.23,1.27,1.2,1.24,484309
02-22-2017,1.21,1.25,1.19,1.22,451704
02-23-2017,1.19,1.22,1.16,1.21,524810
02-24-2017,1.22,1.22,1.16,1.19,249243
02-27-2017,1.24,1.27,1.18,1.25,661259
02-28-2017,1.2,1.23,1.19,1.23,196637
03-01-2017,1.19,1.23,1.17,1.23,185739
03-02-2017,1.17,1.22,1.15,1.17,362711
03-03-2017,1.13,1.17,1.1101,1.17,547938
03-06-2017,1.18,1.189,1.1401,1.15,244397
03-07-2017,1.15,1.19,1.14,1.18,160151
03-08-2017,1.16,1.17,1.14,1.16,127053
03-09-2017,1.33,1.33,1.14,1.16,3672012
03-10-2017,2.04,2.76,1.58,1.69,59565706
03-13-2017,1.67,1.95,1.6,1.9,6177829
03-14-2017,1.61,1.85,1.55,1.61,4130540
03-15-2017,1.75,1.75,1.52,1.66,2195620
03-16-2017,1.7,1.8,1.63,1.75,2379807
03-17-2017,1.55,1.75,1.55,1.75,1418712
03-20-2017,1.45,1.61,1.41,1.61,1244376
03-21-2017,1.51,1.58,1.41,1.56,785445
03-22-2017,1.405,1.51,1.31,1.51,767948
03-23-2017,1.32,1.4,1.3,1.4,1054131
03-24-2017,1.47,1.5,1.3,1.32,1416127
