03-28-2016,2.57,2.7733,2.55,2.7,167736
03-29-2016,2.6,2.67,2.5,2.55,147277
03-30-2016,2.67,2.834,2.59,2.59,91710
03-31-2016,2.71,2.76,2.67,2.7,72695
04-01-2016,2.94,3.07,2.6811,2.7,634061
04-04-2016,2.99,3.09,2.97,2.97,512585
04-05-2016,3.09,3.11,3,3.01,166030
04-06-2016,3.2,3.23,3.1,3.12,549030
04-07-2016,3.17,3.25,3,3.19,414993
04-08-2016,3.1799,3.23,3.07,3.2,116868
04-11-2016,3.2,3.3,3.15,3.17,224595
04-12-2016,3.18,3.3,3.16,3.26,94607
04-13-2016,3.22,3.27,3.12,3.16,81014
04-14-2016,3.29,3.36,3.15,3.19,208847
04-15-2016,3.3,3.3899,3.25,3.3,126180
04-18-2016,3.31,3.4,3.16,3.3,151770
04-19-2016,3.61,3.74,3.35,3.4,758782
04-20-2016,3.97,3.97,3.72,3.75,444683
04-21-2016,4.05,4.33,3.917,4,416036
04-22-2016,3.97,4.1499,3.5,4.02,493990
04-25-2016,3.85,4.03,3.8,4.03,150797
04-26-2016,3.64,3.865,3.52,3.85,373807
04-27-2016,3.58,3.68,3.52,3.61,118882
04-28-2016,3.55,3.65,3.51,3.59,115434
04-29-2016,3.28,3.5618,3.18,3.52,272073
05-02-2016,3.1,3.2501,3.005,3.25,175317
05-03-2016,2.67,3.19,2.63,3.06,406342
05-04-2016,2.5,2.7166,2.5,2.65,180937
05-05-2016,2.4,2.54,2.31,2.54,188066
05-06-2016,2.34,2.5,2.31,2.35,86396
05-09-2016,2.42,2.5007,2.35,2.36,75252
05-10-2016,2.44,2.5099,2.4,2.4,74627
05-11-2016,2.35,2.6,2.31,2.45,149907
05-12-2016,2.07,2.38,2.07,2.38,100280
05-13-2016,2.19,2.2464,2.05,2.08,94930
05-16-2016,2.29,2.39,2.2,2.2,96860
05-17-2016,2.3,2.3799,2.25,2.3,36925
05-18-2016,2.36,2.41,2.25,2.29,49013
05-19-2016,2.36,2.55,2.3001,2.41,106229
05-20-2016,2.3,2.4799,2.25,2.37,126687
05-23-2016,2.34,2.44,2.21,2.29,87652
05-24-2016,2.4,2.45,2.33,2.37,114373
05-25-2016,2.4,2.45,2.3601,2.4,39640
05-26-2016,2.37,2.45,2.35,2.37,21376
05-27-2016,2.37,2.39,2.32,2.39,50486
05-31-2016,2.42,2.43,2.32,2.37,112603
06-01-2016,2.53,2.55,2.39,2.44,100576
06-02-2016,2.51,2.6,2.4905,2.54,53081
06-03-2016,2.43,2.65,2.395,2.54,97559
06-06-2016,2.34,2.54,2.22,2.43,155942
06-07-2016,2.32,2.41,2.22,2.34,42023
06-08-2016,2.35,2.41,2.32,2.32,67262
06-09-2016,2.3,2.38,2.25,2.34,84962
06-10-2016,2.32,2.34,2.29,2.3,88977
06-13-2016,2.25,2.4,2.22,2.32,183553
06-14-2016,2.16,2.67,2.12,2.28,269794
06-15-2016,2.17,2.225,2.09,2.18,31609
06-16-2016,2.1,2.17,2.0404,2.17,67783
06-17-2016,2.1,2.17,2.05,2.05,65067
06-20-2016,2.12,2.22,2.08,2.15,46098
06-21-2016,2.07,2.18,2.04,2.14,130036
06-22-2016,2.08,2.135,2.04,2.08,36176
06-23-2016,2.14,2.16,2.0484,2.07,38077
06-24-2016,2.07,2.09,2.04,2.04,23294
06-27-2016,2.02,2.07,1.94,2.02,97988
06-28-2016,2.13,2.32,2.05,2.12,146789
06-29-2016,2.09,2.24,2.05,2.15,71486
06-30-2016,2.12,2.18,2.0641,2.09,43605
07-01-2016,2.18,2.295,2.1,2.15,46554
07-05-2016,2.15,2.2,2.12,2.15,50868
07-06-2016,2.23,2.27,2.15,2.15,37789
07-07-2016,2.23,2.403,2.19,2.2,63910
07-08-2016,2.25,2.32,2.24,2.24,22273
07-11-2016,2.1751,2.31,2.15,2.28,73014
07-12-2016,2.15,2.2199,2.1,2.1,118555
07-13-2016,2.13,2.2,2.08,2.16,128670
07-14-2016,2.09,2.18,2.08,2.18,36030
07-15-2016,2.28,2.52,2.09,2.1,436741
07-18-2016,2.28,2.429,2.256,2.28,79506
07-19-2016,2.96,3.09,2.52,2.58,3395794
07-20-2016,3.21,3.37,2.9,3.16,2510484
07-21-2016,2.86,3.25,2.76,3.24,773065
07-22-2016,2.95,3.07,2.801,2.86,202788
07-25-2016,2.74,2.96,2.6899,2.96,295410
07-26-2016,2.72,2.79,2.53,2.7,271057
07-27-2016,2.85,2.91,2.67,2.75,151588
07-28-2016,2.75,2.95,2.66,2.83,113750
07-29-2016,2.89,2.97,2.67,2.81,139460
08-01-2016,2.89,2.97,2.8608,2.92,79808
08-02-2016,2.82,2.9,2.58,2.89,382131
08-03-2016,2.88,2.92,2.7664,2.84,110507
08-04-2016,2.91,3.12,2.88,2.89,224150
08-05-2016,2.8,3.1011,2.8,3.06,238036
08-08-2016,2.8,2.85,2.74,2.83,84133
08-09-2016,2.86,2.89,2.78,2.81,98868
08-10-2016,2.8499,2.95,2.79,2.83,113735
08-11-2016,2.91,2.94,2.8,2.85,109146
08-12-2016,2.99,3.07,2.9147,2.93,183753
08-15-2016,2.88,3.07,2.8,2.99,253133
08-16-2016,2.86,2.89,2.82,2.89,41935
08-17-2016,2.74,2.85,2.62,2.85,481859
08-18-2016,1.2,1.38,0.95,1.02,13471230
08-19-2016,1.15,1.23,1.12,1.18,2160256
08-22-2016,1.14,1.2,1.12,1.16,937353
08-23-2016,1.12,1.18,1.1,1.13,907102
08-24-2016,1.12,1.13,1.0999,1.11,993556
08-25-2016,1.11,1.14,1.09,1.12,495605
08-26-2016,1.05,1.14,1.05,1.12,495108
08-29-2016,1.03,1.0799,1.02,1.04,338786
08-30-2016,1.01,1.07,1.01,1.01,217609
08-31-2016,1.02,1.05,1.01,1.02,460407
09-01-2016,1.02,1.04,1.01,1.02,335059
09-02-2016,1.02,1.03,1.01,1.02,133332
09-06-2016,1.08,1.08,1.02,1.03,274169
09-07-2016,1.04,1.12,1.02,1.12,275003
09-08-2016,1.07,1.09,1.03,1.04,216195
09-09-2016,1.03,1.08,1.02,1.07,249663
09-12-2016,1.05,1.06,1.02,1.02,139491
09-13-2016,1.02,1.06,1.02,1.05,135599
09-14-2016,1,1.03,0.98,1.03,264482
09-15-2016,0.9902,1.01,0.9865,1,145004
09-16-2016,0.97,1.0082,0.9503,1,382821
09-19-2016,0.95,0.99,0.9306,0.98,672268
09-20-2016,0.95,0.9629,0.92,0.94,152969
09-21-2016,0.9499,0.9508,0.9392,0.95,107319
09-22-2016,0.9403,0.9688,0.93,0.94,203202
09-23-2016,0.95,0.95,0.94,0.95,125506
09-26-2016,1.06,1.14,0.945,0.98,1835603
09-27-2016,1.04,1.14,1.02,1.14,775926
09-28-2016,1.04,1.08,1.011,1.03,280811
09-29-2016,1.01,1.0652,1,1.04,407007
09-30-2016,1.047,1.05,0.97,1.01,250252
10-03-2016,1.02,1.08,1.01,1.05,232667
10-04-2016,1,1.07,1,1.03,732117
10-05-2016,1,1.05,0.99,1.02,368889
10-06-2016,0.9997,1.05,0.9701,1.05,448211
10-07-2016,0.9826,1.02,0.97,1.01,462107
10-10-2016,0.9086,1,0.843,0.98,708855
10-11-2016,0.829,0.8899,0.77,0.86,858961
10-12-2016,0.8293,0.8912,0.815,0.83,251721
10-13-2016,0.7801,0.8294,0.75,0.8293,198040
10-14-2016,0.7559,0.8,0.75,0.77,175392
10-17-2016,0.6976,0.76,0.68,0.7592,475025
10-18-2016,0.6808,0.7,0.67,0.695,316626
10-19-2016,0.95,1.2,0.9015,1.19,16442113
10-20-2016,0.9151,1.02,0.91,0.9997,1780058
10-21-2016,0.9444,0.965,0.911,0.965,937620
10-24-2016,0.91,1,0.88,1,983878
10-25-2016,0.8754,0.92,0.85,0.92,502357
10-26-2016,0.8604,0.88,0.8329,0.8739,224016
10-27-2016,0.838,0.8654,0.838,0.86,186775
10-28-2016,0.8,0.8557,0.8,0.8247,314695
10-31-2016,0.7974,0.8549,0.78,0.8,208203
11-01-2016,0.7459,0.8099,0.74,0.8,435125
11-02-2016,0.7303,0.7515,0.7058,0.7058,435430
11-03-2016,0.685,0.75,0.68,0.7498,319812
11-04-2016,0.6607,0.72,0.66,0.69,340048
11-07-2016,0.6981,0.7101,0.6534,0.7,280490
11-08-2016,0.7,0.72,0.6303,0.7,845170
11-09-2016,0.7299,0.73,0.68,0.7,314211
11-10-2016,0.81,0.8153,0.7414,0.77,528851
11-11-2016,0.83,0.85,0.78,0.84,214369
11-14-2016,0.83,0.88,0.802,0.8458,125513
11-15-2016,0.81,0.8309,0.77,0.8309,186835
11-16-2016,0.79,0.8199,0.7601,0.8093,247642
11-17-2016,0.7729,0.84,0.732,0.79,361187
11-18-2016,0.7493,0.792,0.73,0.74,151801
11-21-2016,0.79,0.7918,0.75,0.75,261230
11-22-2016,0.7561,0.8,0.75,0.76,134726
11-23-2016,0.7467,0.7899,0.705,0.78,148542
11-25-2016,0.73,0.7523,0.71,0.72,95510
11-28-2016,0.7,0.75,0.6428,0.7236,214988
11-29-2016,0.7063,0.7239,0.6722,0.7041,148939
11-30-2016,0.6768,0.71,0.6666,0.6944,259956
12-01-2016,0.68,0.7357,0.6766,0.68,152621
12-02-2016,0.7069,0.7295,0.6802,0.6802,135761
12-05-2016,0.76,0.775,0.71,0.72,363857
12-06-2016,0.7679,0.774,0.7491,0.774,160092
12-07-2016,0.81,0.82,0.76,0.7727,262448
12-08-2016,0.75,0.82,0.72,0.8163,159933
12-09-2016,0.78,0.7969,0.735,0.735,276776
12-12-2016,0.7595,0.787,0.741,0.787,148402
12-13-2016,0.78,0.787,0.74,0.7614,284073
12-14-2016,0.7599,0.78,0.7401,0.78,117069
12-15-2016,0.7498,0.7672,0.73,0.7672,239340
12-16-2016,0.76,0.78,0.743545,0.75,127147
12-19-2016,0.7831,0.797,0.763,0.77,242661
12-20-2016,0.76,0.787,0.76,0.78,149374
12-21-2016,0.7898,0.85,0.73,0.76,937859
12-22-2016,0.7701,0.8,0.7527,0.7839,185316
12-23-2016,0.7541,0.7998,0.75,0.7657,155154
12-27-2016,0.8303,0.85,0.74,0.76,986359
12-28-2016,0.785,0.842,0.7618,0.84,321298
12-29-2016,0.7495,0.7953,0.743,0.7904,290595
12-30-2016,0.7082,0.75,0.7,0.75,346913
01-03-2017,0.77,0.78,0.719,0.7248,154196
01-04-2017,0.8,0.827,0.77,0.7736,426054
01-05-2017,0.82,0.8261,0.8,0.8,218388
01-06-2017,0.82,0.92,0.8107,0.82,2088812
01-09-2017,0.8262,0.8816,0.82,0.8459,370624
01-10-2017,0.833,0.845,0.79,0.82,396693
01-11-2017,0.8,0.84,0.79,0.8395,183594
01-12-2017,0.839,0.845,0.78,0.83,220526
01-13-2017,0.845,0.849,0.83,0.8455,117929
01-17-2017,0.8286,0.85,0.8145,0.8445,138412
01-18-2017,0.8015,0.8292,0.8,0.8128,113135
01-19-2017,0.78,0.8199,0.766,0.81,313601
01-20-2017,0.7659,0.79,0.751,0.79,185843
01-23-2017,0.7678,0.8,0.76,0.7677,156297
01-24-2017,0.7905,0.8,0.7659,0.7696,176339
01-25-2017,0.788,0.7995,0.77,0.7938,154167
01-26-2017,0.7897,0.7898,0.7611,0.788,147028
01-27-2017,0.8,0.8238,0.7803,0.81,128022
01-30-2017,0.7897,0.81,0.7701,0.804,122585
01-31-2017,0.81,0.81,0.768,0.78,181070
02-01-2017,0.838,0.923,0.8001,0.913,1188335
02-02-2017,0.931,0.931,0.84,0.84,2035005
02-03-2017,1.3,1.68,1.11,1.11,34274998
02-06-2017,1.21,1.49,1.12,1.44,8655062
02-07-2017,1.16,1.22,1.07,1.14,2475963
02-08-2017,1.33,1.35,1.05,1.13,3425317
02-09-2017,1.23,1.31,1.19,1.25,1393245
02-10-2017,1.3,1.34,1.23,1.23,1561959
02-13-2017,1.54,1.56,1.27,1.33,5547032
02-14-2017,1.44,1.59,1.37,1.47,3191089
02-15-2017,1.41,1.43,1.32,1.4,1111991
02-16-2017,1.41,1.43,1.36,1.42,1065771
02-17-2017,1.41,1.44,1.35,1.37,751604
02-21-2017,1.35,1.4,1.3,1.4,807298
02-22-2017,1.27,1.355,1.24,1.33,1035633
02-23-2017,1.22,1.24,1.17,1.24,725044
02-24-2017,1.25,1.28,1.19,1.19,761890
02-27-2017,1.36,1.4,1.25,1.25,822363
02-28-2017,1.31,1.39,1.29,1.39,529491
03-01-2017,1.33,1.38,1.29,1.36,594801
03-02-2017,1.34,1.37,1.31,1.33,625774
03-03-2017,1.38,1.48,1.32,1.35,998886
03-06-2017,1.38,1.43,1.32,1.43,694613
03-07-2017,1.35,1.38,1.33,1.36,452713
03-08-2017,1.39,1.465,1.35,1.43,984691
03-09-2017,1.4,1.42,1.36,1.42,508711
03-10-2017,1.52,1.57,1.37,1.37,2169373
03-13-2017,2.49,2.65,1.85,1.99,31754431
03-14-2017,2.24,2.38,2.095,2.2,3549390
03-15-2017,2.98,3.47,2.33,2.5,31563402
03-16-2017,3.08,3.48,2.95,3.28,17222851
03-17-2017,3.32,3.58,2.8,3,10117588
03-20-2017,1.25,1.45,1.06,1.3,24567104
03-21-2017,1.22,1.34,1.21,1.22,8860109
03-22-2017,1.12,1.23,1.06,1.18,7116039
03-23-2017,0.74,0.9,0.7,0.8701,10445076
03-24-2017,0.7249,0.84,0.67,0.68,4766381
