03-28-2016,6,6.44,6,6.44,12305
03-29-2016,6.1,6.25,5.97,5.97,2670
03-30-2016,6.22,6.26,6.08,6.17,3117
03-31-2016,6.2,6.42,6.2,6.32,5521
04-01-2016,6.83,6.98,6.2342,6.2342,19785
04-04-2016,6.97,7.22,6.61,6.86,17520
04-05-2016,7.38,7.549,6.99,6.99,12777
04-06-2016,7.27,7.74,7.25,7.44,14915
04-07-2016,6.92,7.368,6.83,7.368,11363
04-08-2016,6.83,7.2,6.57,6.93,20450
04-11-2016,6.74,6.95,6.6,6.76,8858
04-12-2016,6.8,6.86,6.65,6.83,17086
04-13-2016,6.73,6.8999,6.48,6.8999,7604
04-14-2016,6.81,6.95,6.66,6.66,11418
04-15-2016,6.57,6.83,6.57,6.83,5725
04-18-2016,6.57,6.94,6.57,6.64,4725
04-19-2016,6.59,6.66,6.57,6.66,5057
04-20-2016,6.64,6.78,6.56,6.65,3295
04-21-2016,6.66,6.79,6.64,6.65,4119
04-22-2016,6.73,6.85,6.65,6.71,10794
04-25-2016,6.95,7,6.76,6.76,29513
04-26-2016,7,7,6.92,7,4538
04-27-2016,7.07,7.1,7,7.04,4257
04-28-2016,7.24,7.38,6.95,7.09,155478
04-29-2016,6.75,7.21,6.75,7.21,6146
05-02-2016,6.94,7.15,6.8,7.09,10206
05-03-2016,6.84,6.9,6.78,6.82,2222
05-04-2016,6.56,6.85,6.56,6.76,12420
05-05-2016,6.49,7.08,6.47,6.58,4300
05-06-2016,6.51,6.536,6.1,6.52,7716
05-09-2016,6.34,6.96,5.2558,6.49,7305
05-10-2016,6.24,6.44,6.11,6.34,5496
05-11-2016,6.28,6.54,6.01,6.23,11793
05-12-2016,6.13,6.49,6.13,6.35,7133
05-13-2016,6.31,6.43,6.11,6.11,2286
05-16-2016,6.31,6.35,5.86,6.25,19821
05-17-2016,6.11,6.32,5.93,5.93,12895
05-18-2016,5.99,6.27,5.9301,6.02,11713
05-19-2016,5.54,5.8798,5.54,5.76,4459
05-20-2016,5.88,6.16,5.6,5.6,91315
05-23-2016,5.9,5.98,5.9,5.93,5179
05-24-2016,6.01,6.14,5.9878,6,17713
05-25-2016,6.17,6.45,6.09,6.09,10981
05-26-2016,6.23,7,6.07,7,19517
05-27-2016,6.3,6.68,6.17,6.23,7674
05-31-2016,7,7.45,6.33,6.39,27880
06-01-2016,7.13,7.71,6.63,7.01,31447
06-02-2016,7.23,7.3299,6.85,6.85,29575
06-03-2016,7.28,7.33,7.2,7.25,16103
06-06-2016,7.74,7.7799,7.15,7.26,12967
06-07-2016,7.16,7.7601,7.16,7.7601,11554
06-08-2016,7.08,7.52,6.9,7.2,22083
06-09-2016,6.8,7.38,6.65,6.98,11871
06-10-2016,6.87,6.95,6.52,6.6,11726
06-13-2016,6.8201,7,6.8201,6.99,917
06-14-2016,6.86,6.94,6.61,6.61,24533
06-15-2016,6.93,7.19,6.65,6.69,34578
06-16-2016,7,7.1227,6.9,7,17633
06-17-2016,6.94,7.13,6.93,7,16570
06-20-2016,6.99,7.18,6.95,6.95,33997
06-21-2016,6.9,7.03,6.9,7,36323
06-22-2016,6.7799,6.97,6.72,6.89,24628
06-23-2016,6.72,7.01,6.66,6.71,27348
06-24-2016,6.43,6.93,6.26,6.65,40192
06-27-2016,6.0901,6.74,6.08,6.4,25876
06-28-2016,6.66,6.67,6.13,6.3899,16011
06-29-2016,7.09,7.1899,6.49,6.49,24788
06-30-2016,8.17,8.3,6.82,7,47011
07-01-2016,9.62,10.04,7.85,8.28,107771
07-05-2016,9.12,9.8,7.89,9.8,89977
07-06-2016,9.02,9.0972,8.75,8.84,19085
07-07-2016,9.02,9.27,8.8,8.97,34301
07-08-2016,9.03,9.25,9,9.08,27438
07-11-2016,9,9.26,8.73,9.1,33501
07-12-2016,9.15,9.32,8.95,9.01,16247
07-13-2016,9.07,9.57,9.05,9.13,8988
07-14-2016,9.09,9.24,9.05,9.1,9598
07-15-2016,9.1,9.45,9.011,9.19,14032
07-18-2016,9.02,9.27,8.93,9.27,36908
07-19-2016,9.03,9.24,8.92,9.01,7962
07-20-2016,9,9.15,8.77,8.97,33623
07-21-2016,8.85,9.01,8.7534,9.01,6602
07-22-2016,9.08,9.25,8.82,8.82,8472
07-25-2016,9.28,9.39,9.19,9.27,7767
07-26-2016,9.4,9.5,9.2546,9.38,11543
07-27-2016,9.29,9.48,8.7066,8.7066,10681
07-28-2016,9.31,9.73,9.25,9.44,22569
07-29-2016,8.7,9.29,8.65,9.27,28458
08-01-2016,8.63,8.95,8.63,8.7,64454
08-02-2016,8.62,8.86,8.59,8.68,34249
08-03-2016,8.04,8.8,7.92,8.76,123076
08-04-2016,8.37,8.51,7.59,7.86,33154
08-05-2016,8.24,9.3,8.195,8.31,19339
08-08-2016,8.3,9.2,7.4087,7.4087,8407
08-09-2016,8.37,8.7786,8.1,8.44,18843
08-10-2016,8.48,8.49,8,8.28,15596
08-11-2016,8.95,9.276,8.48,8.48,33727
08-12-2016,8.99,9.35,8.9,9.18,13624
08-15-2016,8.765,9.05,8.605,8.76,13547
08-16-2016,8.61,8.76,8.6,8.73,3192
08-17-2016,8.69,8.84,8.23,8.52,5764
08-18-2016,8.55,8.7991,8.39,8.75,77308
08-19-2016,8.54,8.7499,8.41,8.41,21302
08-22-2016,8.71,9.06,8.565,8.825,55565
08-23-2016,8.5,8.81,8.18,8.74,39946
08-24-2016,8.2,8.8,8.16,8.47,33701
08-25-2016,8.65,8.91,7.62,7.95,73878
08-26-2016,8.6,8.82,8.48,8.598,33280
08-29-2016,9.49,9.9,8.65,8.65,122436
08-30-2016,10.6355,10.8261,9.44,9.5,123435
08-31-2016,10.27,10.86,9.4,10.86,60628
09-01-2016,10.25,10.67,10.038,10.22,43488
09-02-2016,10.66,11,9.23,10.17,148016
09-06-2016,23.83,24.65,17.45,19.5,14021630
09-07-2016,20.43,25.75,19.87,24.58,3286846
09-08-2016,20.64,21.5,19.02,20,1137140
09-09-2016,21.86,23.37,21.5,21.74,4805921
09-12-2016,21.68,22.37,20.64,21.5,1062943
09-13-2016,22.23,22.71,21.33,21.63,1042660
09-14-2016,23.28,24.09,22.32,22.44,1324280
09-15-2016,26.72,27.57,23.65,24.33,1695532
09-16-2016,28.13,28.44,26.15,26.77,1132699
09-19-2016,30.2,31.669,28.48,28.86,1616894
09-20-2016,34,35.48,29.99,30.88,1659891
09-21-2016,33.21,34.438,30.75,34.34,1489903
09-22-2016,31.06,33.93,29.77,33.65,878543
09-23-2016,31.36,33.0781,29.556,30.65,784921
09-26-2016,32.48,34,30.8364,31.29,563601
09-27-2016,32.88,34.21,31.63,32.5,449498
09-28-2016,34.91,35.35,32.89,33,527939
09-29-2016,34.74,36.67,33.821,34.95,465484
09-30-2016,38.15,39.05,33.25,34.99,768567
10-03-2016,36.26,39.27,34.45,37.74,597396
10-04-2016,37.12,37.5,34.84,36.41,344907
10-05-2016,36.96,38.5,34.35,37.08,843164
10-06-2016,36.26,37.03,35.42,36.5,223400
10-07-2016,36.23,37.44,35.51,36.46,356979
10-10-2016,36.91,38.15,36.43,36.43,315990
10-11-2016,36.23,37.479,36.01,36.68,160706
10-12-2016,36.31,36.71,34.98,36.2,441140
10-13-2016,36.64,38.12,35.87,36.05,458625
10-14-2016,36.55,38.29,36.5,36.96,574770
10-17-2016,34.07,36.8893,33.58,36.49,501514
10-18-2016,34.89,35.41,32.6326,34.16,393590
10-19-2016,34.59,35.59,33.69,34.94,279576
10-20-2016,35.12,35.25,34.26,34.59,122574
10-21-2016,34.8,35.45,34.41,34.96,170545
10-24-2016,34.05,35.55,33.91,35.55,234598
10-25-2016,33.58,34.3,32.58,33.9,189878
10-26-2016,32.65,33.7,32.14,33.36,187379
10-27-2016,31.98,33.35,31.6101,32.69,113556
10-28-2016,31.59,32.11,30.81,31.76,139051
10-31-2016,30.4,31.45,29.8,31.45,148979
11-01-2016,31.75,32.9,29.655,30,246632
11-02-2016,30.7,32,30.6,31.55,207221
11-03-2016,29.15,31.1,28.7,30.7,217552
11-04-2016,28.8,29.59,28.5,28.95,218957
11-07-2016,29.15,29.5,28.3,28.65,127886
11-08-2016,29.25,29.85,28.85,28.95,113088
11-09-2016,32.25,32.3,28.25,28.3,324160
11-10-2016,36.65,38.02,32.7,32.8,458744
11-11-2016,35.2,37.4933,34.1,36.75,270415
11-14-2016,37.75,38.5,34.8,35.75,259966
11-15-2016,38.65,40.5,36.2,37.65,456094
11-16-2016,38.15,40.65,38,39,539013
11-17-2016,37.45,38.84,37,38.5,246008
11-18-2016,36.45,38.5,35.5317,37.4,160342
11-21-2016,34.9,37.25,34.4,36.5,201605
11-22-2016,32.4,35.4,32.3,34.9,239526
11-23-2016,34.5,34.75,31.4,31.9,354440
11-25-2016,36,36.59,34.5,34.5,120066
11-28-2016,33.9,36.65,33.7,36.3,174410
11-29-2016,36.25,36.3,32.65,33.95,416529
11-30-2016,35.35,36.65,33.8,36.65,270529
12-01-2016,36.2,36.25,34.8,35.4,234560
12-02-2016,38.5,38.5,35.2,36.05,322660
12-05-2016,40.1,40.2,38.65,38.75,254698
12-06-2016,40.35,40.8,39.45,40,170853
12-07-2016,39.65,39.9,37.61,39.5,203831
12-08-2016,39.7,40.2,38.655,39.45,173756
12-09-2016,36,40.3,35.85,39.85,311342
12-12-2016,37.3,37.85,35.25,35.8,209038
12-13-2016,36.5,38.15,36.2,37.6,173867
12-14-2016,35.05,37.375,35,36.4,283374
12-15-2016,37.05,38.15,34.697,35.35,550688
12-16-2016,36.15,37.13,35.75,36.85,778179
12-19-2016,35.6,36.7,35.39,36.15,157705
12-20-2016,36.3,36.3,35.35,35.85,125170
12-21-2016,36.15,36.55,35.25,36.25,200578
12-22-2016,36.25,37,35.8,37,148510
12-23-2016,37.9,38.7,36.3,36.3,380090
12-27-2016,37.05,38.5,36.95,37.95,152997
12-28-2016,36.05,37.3344,35.95,37.1,113887
12-29-2016,36.85,37,36,36.05,159135
12-30-2016,36.4,37.05,35.9,36.85,121243
01-03-2017,36.2,36.75,35.4,36.25,139245
01-04-2017,35.7,36.7,35,36.4,370210
01-05-2017,32.95,35.65,32.2,35.6,345629
01-06-2017,31.95,33.7,31.25,33.05,174251
01-09-2017,33.45,33.75,31.85,32.25,176086
01-10-2017,35,35,33.4,33.45,171804
01-11-2017,33.55,35.1,32.85,35,145049
01-12-2017,33.95,35.35,32.8,33.7,256791
01-13-2017,34.3,34.8,33.7,34,371135
01-17-2017,34.9,35,33,34.1,156314
01-18-2017,46.25,46.3,46.2,46.25,10905722
01-19-2017,46.3,46.3,46.2,46.25,2173109
01-20-2017,46.25,46.3,46.2,46.25,2271836
01-23-2017,46.25,46.3,46.2,46.25,1321278
01-24-2017,46.2,46.3,46.2,46.225,1177543
01-25-2017,46.25,46.25,46.2,46.25,812267
01-26-2017,46.2,46.25,46.2,46.2,913185
01-27-2017,46.25,46.25,46.2,46.25,398931
01-30-2017,46.3,46.35,46.2,46.2,435568
01-31-2017,46.35,46.35,46.25,46.25,527253
02-01-2017,46.35,46.35,46.25,46.35,542393
02-02-2017,46.4,46.4,46.3,46.35,392467
02-03-2017,46.45,46.45,46.35,46.4,321535
02-06-2017,46.4,46.45,46.375,46.45,557065
02-07-2017,46.45,46.45,46.375,46.4,460268
02-08-2017,46.4,46.65,46.35,46.4,523042
02-09-2017,46.45,46.475,46.4,46.45,143480
02-10-2017,46.4,46.5,46.4,46.4,187351
02-13-2017,46.4,46.5,46.4,46.5,143650
02-14-2017,46.45,46.45,46.4,46.4,128727
02-15-2017,46.425,46.45,46.4,46.4,83187
02-16-2017,46.5,46.5,46.4,46.4,105322
02-17-2017,46.4,46.5,46.4,46.4,293794
02-21-2017,46.5,46.5,46.4,46.45,171661
02-22-2017,46.5,46.5,46.45,46.45,59580
02-23-2017,46.45,46.5,46.45,46.5,25052
02-24-2017,46.5,46.5,46.45,46.45,59478
02-27-2017,46.5,46.5,46.45,46.5,64402
02-28-2017,46.525,46.55,46.45,46.5,127085
