03-28-2016,3.47,3.62,3.41,3.56,1359751
03-29-2016,3.71,3.73,3.3,3.46,2285018
03-30-2016,3.6,3.97,3.59,3.72,2841499
03-31-2016,3.78,3.87,3.51,3.57,2918641
04-01-2016,3.95,3.96,3.63,3.71,2675848
04-04-2016,4.37,4.52,3.95,3.97,5387627
04-05-2016,4.38,4.65,4.25,4.33,3793785
04-06-2016,4.89,4.89,4.39,4.39,4505499
04-07-2016,4.71,4.96,4.5,4.87,5060129
04-08-2016,4.67,4.8499,4.46,4.79,3012436
04-11-2016,4.49,4.77,4.4,4.66,3112368
04-12-2016,4.56,4.6,4.32,4.48,3809806
04-13-2016,4.57,4.82,4.52,4.65,3999199
04-14-2016,4.6,4.79,4.5,4.59,2751595
04-15-2016,4.64,4.69,4.45,4.6,6352825
04-18-2016,4.4,4.97,4.38,4.97,5560199
04-19-2016,4,4.4826,3.99,4.45,5009242
04-20-2016,4,4.1,3.95,4.03,3186344
04-21-2016,4.13,4.19,3.95,4,4017293
04-22-2016,4.07,4.2,3.99,4.11,3523651
04-25-2016,4.03,4.21,4.02,4.08,2285551
04-26-2016,3.96,4.145,3.91,4.05,4138553
04-27-2016,4.08,4.19,3.84,4.02,3209287
04-28-2016,4.19,4.46,3.95,3.96,4250750
04-29-2016,4,4.38,3.97,4.2,3254867
05-02-2016,4.15,4.21,3.95,4.09,2906695
05-03-2016,4.07,4.38,4.025,4.13,3577525
05-04-2016,3.83,4.21,3.82,4.08,3676660
05-05-2016,3.49,3.96,3.48,3.9,4714143
05-06-2016,3.49,3.5765,3.4,3.51,2671933
05-09-2016,3.92,3.96,3.43,3.49,3972636
05-10-2016,3.82,4,3.7,3.93,2211317
05-11-2016,3.57,3.85,3.54,3.8,2363821
05-12-2016,3.46,3.66,3.41,3.59,2817627
05-13-2016,3.74,3.82,3.45,3.45,2722213
05-16-2016,3.85,3.87,3.65,3.72,2784706
05-17-2016,3.74,3.94,3.715,3.82,2714176
05-18-2016,3.93,3.94,3.71,3.71,2032067
05-19-2016,3.88,4.12,3.85,3.91,2731124
05-20-2016,4.03,4.03,3.84,3.9,3030051
05-23-2016,4.27,4.5,4.03,4.05,4252656
05-24-2016,4.21,4.37,4.06,4.32,3612187
05-25-2016,4.22,4.38,4.17,4.23,2735664
05-26-2016,4.17,4.2999,4.1399,4.25,1785672
05-27-2016,4.33,4.34,4.09,4.17,1446898
05-31-2016,4.58,4.59,4.38,4.4,2868356
06-01-2016,4.55,4.62,4.405,4.55,3047129
06-02-2016,5,5,4.51,4.55,4434674
06-03-2016,4.56,5.13,4.55,5.02,5053496
06-06-2016,4.86,4.9,4.56,4.71,3767147
06-07-2016,4.66,4.89,4.63,4.86,2635149
06-08-2016,4.72,4.78,4.6,4.67,2009597
06-09-2016,4.32,4.79,4.31,4.68,2783127
06-10-2016,4.12,4.3099,4.07,4.26,2368447
06-13-2016,4.05,4.16,3.97,4.12,2529578
06-14-2016,4.15,4.2,4.005,4.03,2467418
06-15-2016,4.25,4.3,4.11,4.17,2265488
06-16-2016,4.41,4.43,4.12,4.23,1908548
06-17-2016,4.27,4.45,4.25,4.42,7266403
06-20-2016,4.41,4.455,4.25,4.34,1812982
06-21-2016,4.46,4.47,4.3,4.41,2354681
06-22-2016,4.45,4.68,4.345,4.45,2237607
06-23-2016,4.57,4.58,4.41,4.52,2202495
06-24-2016,4.36,4.49,4.15,4.16,5531378
06-27-2016,4.09,4.395,4.09,4.27,2983793
06-28-2016,4.35,4.36,4.17,4.17,2811164
06-29-2016,4.42,4.44,4.23,4.44,2379425
06-30-2016,4.39,4.47,4.31,4.4,1710093
07-01-2016,4.59,4.65,4.37,4.4,2205916
07-05-2016,4.52,4.59,4.47,4.55,1242912
07-06-2016,4.63,4.67,4.45,4.5,1729987
07-07-2016,4.65,4.69,4.535,4.56,912752
07-08-2016,4.64,4.73,4.59,4.66,1490201
07-11-2016,4.57,4.72,4.56,4.7,1281782
07-12-2016,4.61,4.7,4.56,4.65,1608249
07-13-2016,4.42,4.64,4.395,4.63,2467336
07-14-2016,4.48,4.52,4.4,4.46,1583850
07-15-2016,4.7,4.7,4.41,4.49,1563678
07-18-2016,4.71,4.77,4.625,4.68,1363969
07-19-2016,4.48,4.74,4.47,4.7,1980572
07-20-2016,4.66,4.67,4.5,4.5,1882025
07-21-2016,4.74,4.81,4.655,4.71,2435119
07-22-2016,4.74,4.8,4.7,4.76,1381792
07-25-2016,4.715,4.78,4.64,4.75,698845
07-26-2016,4.66,4.77,4.59,4.69,1625609
07-27-2016,4.77,4.78,4.66,4.69,1485417
07-28-2016,4.72,4.8299,4.64,4.79,1466449
07-29-2016,4.62,4.69,4.58,4.69,1266158
08-01-2016,4.67,4.75,4.61,4.65,1823054
08-02-2016,4.55,4.72,4.49,4.62,1460393
08-03-2016,4.66,4.66,4.5,4.54,1273624
08-04-2016,4.51,4.71,4.49,4.68,1362913
08-05-2016,4.66,4.71,4.51,4.51,1781171
08-08-2016,4.52,4.68,4.45,4.67,2412347
08-09-2016,4.68,4.76,4.46,4.53,1938963
08-10-2016,4.5,4.6916,4.47,4.68,1484289
08-11-2016,4.36,4.592,4.34,4.54,2655909
08-12-2016,4.46,4.5,4.32,4.35,1303416
08-15-2016,4.46,4.56,4.45,4.46,1419123
08-16-2016,4.42,4.53,4.39,4.45,1669943
08-17-2016,4.27,4.42,4.27,4.4,1308056
08-18-2016,4.16,4.35,4.14,4.28,2523178
08-19-2016,3.95,4.15,3.84,4.15,9054269
08-22-2016,3.9,4.07,3.86,3.95,5649079
08-23-2016,3.78,4.01,3.78,3.92,2893592
08-24-2016,3.5,3.88,3.5,3.78,2800978
08-25-2016,3.47,3.64,3.36,3.55,2197647
08-26-2016,3.49,3.52,3.39,3.52,2013629
08-29-2016,3.48,3.7,3.41,3.7,847759
08-30-2016,3.43,3.53,3.36,3.47,1481141
08-31-2016,3.32,3.4176,3.29,3.41,1726038
09-01-2016,3.36,3.37,3.26,3.31,1200020
09-02-2016,3.35,3.38,3.23,3.35,1214495
09-06-2016,3.53,3.56,3.32,3.37,3960836
09-07-2016,3.66,3.69,3.53,3.53,1808168
09-08-2016,3.71,3.73,3.57,3.69,1888577
09-09-2016,3.45,3.72,3.45,3.69,1875417
09-12-2016,3.71,3.725,3.44,3.44,3234496
09-13-2016,3.58,3.66,3.46,3.66,1888246
09-14-2016,3.69,3.705,3.61,3.62,1718600
09-15-2016,3.7,3.72,3.6,3.7,1074599
09-16-2016,3.65,3.72,3.6,3.63,2826488
09-19-2016,3.67,3.72,3.63,3.68,1774257
09-20-2016,3.69,3.75,3.64,3.71,1927695
09-21-2016,3.72,3.76,3.58,3.72,2039654
09-22-2016,3.72,3.76,3.62,3.74,1598491
09-23-2016,3.83,3.87,3.69,3.71,1934509
09-26-2016,3.8,3.85,3.77,3.81,1085797
09-27-2016,4.23,4.24,3.78,3.8,4900550
09-28-2016,3.99,4.45,3.86,4.36,5430072
09-29-2016,3.8,4.01,3.8,4,2362340
09-30-2016,4.04,4.04,3.781,3.83,2570522
10-03-2016,4,4.095,3.92,4.01,1271198
10-04-2016,4.27,4.49,4.21,4.33,5473918
10-05-2016,4.39,4.43,4.27,4.34,2192167
10-06-2016,4.2,4.4,4.18,4.39,2551394
10-07-2016,4.14,4.25,4.09,4.21,1597213
10-10-2016,4.24,4.34,4.15,4.26,2184816
10-11-2016,3.86,4.23,3.83,4.2,2703035
10-12-2016,3.78,3.92,3.77,3.9,2239176
10-13-2016,3.61,3.82,3.61,3.71,1968906
10-14-2016,3.44,3.72,3.44,3.67,2218032
10-17-2016,3.37,3.57,3.35,3.45,1449776
10-18-2016,3.46,3.51,3.41,3.45,1308745
10-19-2016,3.31,3.62,3.31,3.62,1486263
10-20-2016,3.44,3.44,3.3,3.32,1455250
10-21-2016,3.34,3.43,3.3,3.43,1219344
10-24-2016,3.36,3.4,3.3,3.35,1069339
10-25-2016,3.26,3.36,3.25,3.36,1806670
10-26-2016,3.23,3.33,3.14,3.26,1896713
10-27-2016,3.23,3.33,3.2,3.29,1564338
10-28-2016,3.18,3.295,3.13,3.22,2210104
10-31-2016,3.15,3.21,3.14,3.17,1494819
11-01-2016,3.12,3.185,3.07,3.15,1717888
11-02-2016,3.15,3.2112,3.125,3.14,2448171
11-03-2016,2.87,3.17,2.85,3.16,3206771
11-04-2016,3.09,3.13,2.9,2.9,2689629
11-07-2016,3.29,3.36,3.11,3.2,1844035
11-08-2016,3.78,3.97,3.2899,3.33,7180606
11-09-2016,4.03,4.14,3.79,3.91,5302773
11-10-2016,4.17,4.2,3.9062,4.1,3808063
11-11-2016,4.32,4.34,4.08,4.16,3231130
11-14-2016,4.92,4.94,4.27,4.35,5799307
11-15-2016,4.77,5.02,4.535,5.01,3678489
11-16-2016,4.38,4.789,4.36,4.69,2899127
11-17-2016,4.43,4.59,4.36,4.37,2190257
11-18-2016,4.43,4.54,4.38,4.43,1713172
11-21-2016,4.68,4.74,4.45,4.5,1852122
11-22-2016,4.53,4.91,4.52,4.74,2545286
11-23-2016,4.38,4.545,4.285,4.42,2846605
11-25-2016,4.43,4.46,4.28,4.41,892790
11-28-2016,3.91,4.48,3.9,4.43,3277865
11-29-2016,4.02,4.12,3.84,3.94,1960543
11-30-2016,3.81,4.115,3.76,4.02,2144013
12-01-2016,3.57,3.848,3.52,3.84,3450524
12-02-2016,3.55,3.735,3.51,3.54,1834829
12-05-2016,3.79,3.86,3.5501,3.62,2041074
12-06-2016,3.95,3.97,3.7,3.85,1955631
12-07-2016,3.76,3.91,3.63,3.86,2446133
12-08-2016,3.74,3.78,3.61,3.7,1906949
12-09-2016,3.75,3.89,3.7199,3.78,1606563
12-12-2016,3.74,3.78,3.63,3.7,1649691
12-13-2016,3.75,3.79,3.615,3.69,1622866
12-14-2016,3.72,3.7762,3.64,3.77,1705180
12-15-2016,3.745,3.78,3.6837,3.76,1826957
12-16-2016,3.83,3.9,3.72,3.75,2701782
12-19-2016,3.9,4.07,3.82,3.84,2262832
12-20-2016,3.89,4.02,3.84,3.92,1089439
12-21-2016,3.79,3.91,3.77,3.87,1031129
12-22-2016,3.61,3.8,3.57,3.8,1433669
12-23-2016,3.76,3.77,3.61,3.61,1546939
12-27-2016,3.62,3.8,3.61,3.74,1518282
12-28-2016,3.58,3.66,3.53,3.6,1527662
12-29-2016,3.56,3.64,3.52,3.58,1181153
12-30-2016,3.54,3.6064,3.5,3.55,1417431
01-03-2017,3.61,3.62,3.43,3.55,2219086
01-04-2017,3.76,3.84,3.58,3.61,2798730
01-05-2017,3.77,3.81,3.64,3.76,1776187
01-06-2017,3.85,3.91,3.785,3.79,1542051
01-09-2017,3.93,4.02,3.81,3.92,2035127
01-10-2017,3.96,3.98,3.82,3.93,2045127
01-11-2017,3.71,3.97,3.65,3.94,2789147
01-12-2017,3.62,3.68,3.58,3.68,1792387
01-13-2017,3.64,3.75,3.61,3.61,1522890
01-17-2017,3.52,3.64,3.48,3.62,2365393
01-18-2017,3.5,3.54,3.43,3.52,1762349
01-19-2017,3.34,3.52,3.32,3.5,1361167
01-20-2017,3.41,3.45,3.25,3.35,1690199
01-23-2017,3.36,3.49,3.3,3.42,1355358
01-24-2017,3.33,3.41,3.23,3.37,1899545
01-25-2017,3.34,3.45,3.3,3.36,1247674
01-26-2017,3.36,3.52,3.35,3.35,1617608
01-27-2017,3.38,3.39,3.28,3.35,992359
01-30-2017,3.25,3.4,3.17,3.37,1683614
01-31-2017,3.26,3.355,3.16,3.24,5124408
02-01-2017,3.22,3.29,3.18,3.27,1937852
02-02-2017,3.36,3.45,3.165,3.24,4206639
02-03-2017,3.43,3.44,3.3,3.39,1332558
02-06-2017,3.46,3.51,3.4,3.44,1296903
02-07-2017,3.34,3.52,3.33,3.48,1318509
02-08-2017,3.42,3.44,3.26,3.35,1434868
02-09-2017,3.5,3.52,3.41,3.41,1734329
02-10-2017,3.36,3.505,3.36,3.49,1151297
02-13-2017,3.38,3.44,3.31,3.4,849347
02-14-2017,3.49,3.5,3.38,3.42,1751215
02-15-2017,3.56,3.56,3.46,3.5,1557204
02-16-2017,3.52,3.6,3.45,3.55,1280480
02-17-2017,3.49,3.545,3.45,3.49,934770
02-21-2017,3.38,3.59,3.37,3.52,1862822
02-22-2017,3.27,3.42,3.265,3.39,1645075
02-23-2017,3.26,3.36,3.26,3.31,1167341
02-24-2017,3.26,3.305,3.21,3.26,1170450
02-27-2017,3.58,3.64,3.25,3.25,3394160
02-28-2017,3.54,3.58,3.45,3.57,1975305
03-01-2017,3.56,3.72,3.53,3.6,2776994
03-02-2017,3.54,3.69,3.51,3.57,1875493
03-03-2017,3.64,3.67,3.55,3.55,1380183
03-06-2017,3.81,3.94,3.6,3.65,3599290
03-07-2017,3.46,3.78,3.42,3.75,3760061
03-08-2017,3.5,3.6,3.46,3.46,1424689
03-09-2017,3.45,3.57,3.41,3.51,1353479
03-10-2017,3.47,3.51,3.36,3.5,1405294
03-13-2017,3.35,3.48,3.33,3.46,1584594
03-14-2017,3.3,3.37,3.26,3.33,1656250
03-15-2017,3.41,3.41,3.18,3.36,4107885
03-16-2017,3.54,3.55,3.38,3.45,2213402
03-17-2017,3.42,3.52,3.41,3.51,2359829
03-20-2017,3.37,3.45,3.34,3.41,1309123
03-21-2017,3.17,3.42,3.135,3.38,3327480
03-22-2017,3.24,3.25,3.0538,3.17,2682518
03-23-2017,3.27,3.36,3.17,3.24,1520702
03-24-2017,3.33,3.33,3.22,3.29,1281042
