03-28-2016,18.58,19.44,18.42,19.21,654635
03-29-2016,19.84,19.86,17.76,18.59,1195040
03-30-2016,19.24,20.99,18.96,19.97,822017
03-31-2016,19.2,19.787,18.85,19.27,788456
04-01-2016,19.37,19.55,18.51,19.02,1589099
04-04-2016,17.26,19.3142,17.25,19.22,2651617
04-05-2016,17.51,18.07,16.69,17.5,2185570
04-06-2016,18.56,18.6,17.3,17.72,2587613
04-07-2016,19.17,20.58,18.6,18.7,3460958
04-08-2016,15.77,20.9,15.75,20.14,8300007
04-11-2016,15.06,16.05,14.375,15.97,4742508
04-12-2016,14.24,14.25,12.25,12.91,5350391
04-13-2016,13.49,13.74,12.29,13.66,5527250
04-14-2016,14.21,14.51,13.34,13.51,2604876
04-15-2016,13.84,14.32,13.54,13.77,1777793
04-18-2016,14.3,14.83,13.26,14,1794139
04-19-2016,14.19,14.35,13.505,14.21,1193258
04-20-2016,14.06,14.65,13.73,14.32,1017751
04-21-2016,14.73,14.93,14.01,14.03,1045129
04-22-2016,14.99,15.06,14.48,14.78,519579
04-25-2016,14.6,15.145,14.56,15,847506
04-26-2016,14.39,14.65,13.76,14.59,942986
04-27-2016,14.16,14.48,13.86,14.33,658905
04-28-2016,14.48,14.95,13.79,14.17,941799
04-29-2016,13.91,14.82,13.67,14.5,1594468
05-02-2016,14.54,14.55,13.71,13.98,1110869
05-03-2016,13.95,14.57,13.9,14.26,559819
05-04-2016,13.19,14.01,12.94,13.78,1050864
05-05-2016,12.66,13.6599,12.575,13.19,1077301
05-06-2016,13.11,14.69,12.57,12.74,2396995
05-09-2016,13.74,13.85,13.15,13.15,757966
05-10-2016,13.09,13.8799,13.02,13.85,690932
05-11-2016,12.39,13.06,12.33,13.01,541697
05-12-2016,12.17,12.57,11.58,12.51,933823
05-13-2016,12.5,12.73,12.01,12.09,669834
05-16-2016,13.09,13.34,12.21,12.66,1050052
05-17-2016,12.78,13.21,12.66,12.97,658849
05-18-2016,13.75,13.8,12.7301,12.77,765026
05-19-2016,13.65,14.1,13.19,13.74,1052087
05-20-2016,14.5,14.65,13.67,13.76,930902
05-23-2016,14.91,15.2999,14.32,14.35,1134454
05-24-2016,15.58,15.85,14.81,15.11,1387234
05-25-2016,16,16.11,15.51,15.65,1434846
05-26-2016,16.44,16.8,15.97,16,1283054
05-27-2016,16.7,16.75,15.72,16.45,956458
05-31-2016,16.83,17.21,16.32,16.8,689164
06-01-2016,17.05,17.22,16.6811,16.93,950390
06-02-2016,17.27,17.44,16.93,17.05,906436
06-03-2016,16.3,17.48,16.26,17.3,1396236
06-06-2016,17.34,17.38,16.11,16.42,970373
06-07-2016,16.39,17.335,16.37,17.19,1029250
06-08-2016,15.87,16.43,15.67,16.32,828578
06-09-2016,15.23,15.89,15.01,15.74,649044
06-10-2016,14.11,15.1,14.05,14.9,1053772
06-13-2016,13.57,14.4,13.55,14,712762
06-14-2016,13.83,13.9,13.34,13.55,790974
06-15-2016,13.54,14.07,13.5,13.88,607256
06-16-2016,13.77,13.88,13.08,13.41,647355
06-17-2016,13.46,14.2,13.37,13.71,1062123
06-20-2016,13.81,14.2599,13.47,13.68,547825
06-21-2016,13.18,13.958,12.78,13.84,890075
06-22-2016,13.28,13.83,12.75,13.16,613049
06-23-2016,13.93,13.96,13.27,13.43,591586
06-24-2016,13.01,13.86,12.99,13.23,972019
06-27-2016,11.57,13.0099,11.57,12.9,1156129
06-28-2016,12.355,12.49,11.7301,11.89,1157827
06-29-2016,15.06,15.36,13.89,14.27,5117467
06-30-2016,13.72,14.8799,13.1,14.64,3729397
07-01-2016,14.69,15.12,13.47,13.65,1512502
07-05-2016,14.24,14.65,14.1,14.45,895541
07-06-2016,15.02,15.23,14.09,14.13,1636345
07-07-2016,14.7,15.3499,14.37,15.23,1077301
07-08-2016,14.73,14.98,14.29,14.67,680795
07-11-2016,14.7,15.115,14.48,14.87,556882
07-12-2016,14.71,15.02,14.48,15.02,682102
07-13-2016,13.71,14.93,13.68,14.82,619169
07-14-2016,13.89,14.17,13.52,13.99,386315
07-15-2016,14.39,14.48,13.64,13.93,583955
07-18-2016,14.54,14.58,14.07,14.39,460332
07-19-2016,14.12,14.52,14.03,14.44,416582
07-20-2016,14.55,14.57,13.97,14.24,693861
07-21-2016,14.54,15.12,14.35,14.62,799981
07-22-2016,14.19,14.97,14.12,14.65,508254
07-25-2016,13.91,14.37,13.88,14.23,545218
07-26-2016,13.96,14,13.43,13.82,635441
07-27-2016,14.49,14.54,13.94,14.04,593416
07-28-2016,14.03,14.69,13.92,14.54,445204
07-29-2016,14.28,14.5,13.71,13.96,401029
08-01-2016,15.04,15.1,14.36,14.4,806086
08-02-2016,14.67,15.05,13.98,14.98,840015
08-03-2016,15.23,15.35,14.62,14.62,788699
08-04-2016,15.44,15.74,15.04,15.3,975430
08-05-2016,17.41,17.799,15.6,15.9,2868947
08-08-2016,15.69,17.75,15.55,17.49,1477834
08-09-2016,16.55,16.96,15.21,15.85,1373820
08-10-2016,15.9,16.65,15.8,16.52,661526
08-11-2016,16.21,16.245,15.41,15.99,771033
08-12-2016,16.87,16.925,15.87,16.12,862937
08-15-2016,17.67,17.79,16.72,16.94,1088097
08-16-2016,17.46,17.73,17.1014,17.65,765097
08-17-2016,17.2,17.69,16.58,17.52,1016679
08-18-2016,17.25,17.49,16.81,17.13,620504
08-19-2016,17.25,17.29,16.74,17.22,760851
08-22-2016,18.1,18.45,17.61,18,2388099
08-23-2016,23.03,24.9695,16.61,18.3,17497413
08-24-2016,22.36,24.9,21.85,24.22,13918420
08-25-2016,22.73,23.4,21.25,22.64,3673269
08-26-2016,23.15,24.45,22.5601,23.01,3441189
08-29-2016,23.39,23.91,22.85,23.27,1190274
08-30-2016,24.22,24.57,23.29,23.41,1740473
08-31-2016,24.77,26.24,24.26,24.68,4560891
09-01-2016,23.59,25.3,23.138,25.01,2716679
09-02-2016,23.4,23.83,22.73,23.19,1128108
09-06-2016,23.71,24.24,23.28,23.5,976588
09-07-2016,24.35,24.35,23.65,23.75,1021171
09-08-2016,28.01,29.75,25.35,25.5,12711122
09-09-2016,27.65,28.4,26.37,27.29,4627354
09-12-2016,28.05,28.91,27.25,27.83,2892657
09-13-2016,29.01,29.47,27.581,27.83,3180534
09-14-2016,29.1,30.95,28.561,29.42,4206615
09-15-2016,30.63,30.67,29,29.29,3169507
09-16-2016,32.45,32.63,30.14,30.49,4654488
09-19-2016,30.91,33.16,30.57,32.6,3748519
09-20-2016,34.83,35.75,30.76,31.44,7847227
09-21-2016,35.68,37.6,33.62,37.28,12816132
09-22-2016,38.36,38.69,35.51,36.43,6706139
09-23-2016,37.14,40.29,36.84,39.4,8169572
09-26-2016,36.82,37.49,36.06,36.88,2626852
09-27-2016,37.44,38.1399,36.5,36.8,2241657
09-28-2016,36.34,37.94,35.63,37.61,3469390
09-29-2016,34.64,36.545,34.21,36.12,2606369
09-30-2016,36.05,36.15,33.88,34.65,2246205
10-03-2016,35.35,36.2,34.5,36.2,2267082
10-04-2016,34.76,36.97,34.72,35.76,2389963
10-05-2016,37.28,38.46,34.02,34.61,5099413
10-06-2016,35.77,37.48,35.02,37.07,2278632
10-07-2016,29.41,31.49,25.5,27.56,19537046
10-10-2016,32.44,32.98,27.84,28.01,6674949
10-11-2016,32.58,33.19,31.62,32.08,2989537
10-12-2016,32.68,33.9272,32.05,32.53,2959270
10-13-2016,33.12,33.39,31.61,31.97,2297788
10-14-2016,31.81,33.49,31.735,33.2,1421466
10-17-2016,31.85,32.27,30.73,31.32,2148558
10-18-2016,32.93,33.3699,31.86,32.25,1322299
10-19-2016,32.6,33.28,32.5,32.92,1181181
10-20-2016,34.47,34.93,32.12,32.3,2102494
10-21-2016,34.24,34.58,33.63,34.18,1103290
10-24-2016,32.31,34.21,31.88,34.01,1470317
10-25-2016,30.4,31.99,29.89,30,3405323
10-26-2016,30.62,32.16,30.43,31,1812763
10-27-2016,30.87,32.07,30.56,30.78,1883129
10-28-2016,30.58,31.16,29.06,30.68,1692180
10-31-2016,29.08,30.41,28.63,30.41,1460259
11-01-2016,28.53,29.32,27.308,29.2,2001224
11-02-2016,27.96,28.51,27.55,28.51,1306860
11-03-2016,25.9,28.53,25.81,27.99,2520594
11-04-2016,27.1,27.3,25.81,26.26,1645058
11-07-2016,27.38,27.83,26.96,27.75,1514245
11-08-2016,27.36,27.79,26.58,27.09,1870146
11-09-2016,32.2,33.31,28.17,28.75,3852481
11-10-2016,32.5,33.5,31.23,33,2391209
11-11-2016,33.98,34.07,31.64,32.34,1924190
11-14-2016,35.5,35.85,34.02,34.07,1727601
11-15-2016,35.66,36,34.301,34.9,1314307
11-16-2016,34.9,36.09,34.73,35.26,885681
11-17-2016,36.3,36.83,34.21,35.06,1886664
11-18-2016,35.73,36.73,35.23,36.36,1117633
11-21-2016,36.31,37.1499,35.41,35.73,984423
11-22-2016,34.78,36.65,34.47,36.3,1105904
11-23-2016,36.79,36.87,33.23,33.97,1217541
11-25-2016,37.38,37.47,36.08,36.94,522538
11-28-2016,34.39,37.19,34.04,37.15,1840050
11-29-2016,35.62,36.45,34.16,34.54,2050341
11-30-2016,34.27,36.69,34.11,35.74,1778863
12-01-2016,35.56,36.53,34.27,34.32,1739869
12-02-2016,36.03,36.879,35.345,35.51,958803
12-05-2016,37.24,37.35,35.7868,36.5,939231
12-06-2016,39.48,40.3,36.51,36.93,2219174
12-07-2016,38.41,39.4,35.65,38.77,1886473
12-08-2016,37.34,38.82,36.58,38.82,1097848
12-09-2016,36.46,37.75,36.03,37.5,1133656
12-12-2016,37.31,37.5,35.81,36.03,1022773
12-13-2016,36.48,38.1,36.35,37.63,765399
12-14-2016,36.08,37.075,35.38,36.03,999010
12-15-2016,36.72,37.36,35.82,36.1,841934
12-16-2016,37.2,37.55,36.56,36.71,3120352
12-19-2016,40.48,46.97,36.4,36.95,10626781
12-20-2016,42.52,43,39.9,40.42,4009572
12-21-2016,46.2,46.58,42.07,42.4,4423086
12-22-2016,45.03,46.85,44.04,46.68,2462761
12-23-2016,45.35,45.79,44.5392,45.34,1492297
12-27-2016,45.05,45.68,44.26,45.65,1255483
12-28-2016,44.37,45.49,43.635,45.09,1439412
12-29-2016,43.92,44.57,43.38,44.28,945218
12-30-2016,44.42,44.96,43.65,43.89,1186983
01-03-2017,42.95,43.7,39.83,43.7,5010138
01-04-2017,44.67,44.93,41.31,42.3,6479785
01-05-2017,46.33,46.78,43.52,44.61,2690171
01-06-2017,46.03,46.75,45.89,46.35,1631223
01-09-2017,50.86,51.2,47,47,4145823
01-10-2017,50.38,51.72,47.81,51.02,2988070
01-11-2017,49.33,52.29,47.9,50.48,2842109
01-12-2017,53.49,54.38,48.25,48.88,3468629
01-13-2017,55.46,57.93,53.5,54.15,4494787
01-17-2017,56.26,56.55,52.95,54,3032975
01-18-2017,56.62,57.48,55.55,56.3,2115626
01-19-2017,57.11,59.74,56.33,56.76,2494865
01-20-2017,58.29,58.43,55.43,56.97,2219065
01-23-2017,58.83,61,57.97,60,2244831
01-24-2017,59.49,59.99,58.322,58.91,1366766
01-25-2017,58.42,60.6438,58.15,59.88,1648974
01-26-2017,61.69,62.99,56.9,60.2,4409159
01-27-2017,62.5,64.65,61.6,63.25,2830797
01-30-2017,61.83,63.13,60,62.24,1972941
01-31-2017,64.8,64.9,60.36,61.61,2311855
02-01-2017,65.18,67.16,63.35,65,2332009
02-02-2017,65.36,66.38,64.7501,65.55,1319405
02-03-2017,64.29,64.48,61.5,62.64,2813363
02-06-2017,61.04,65.44,60.75,64.16,2268294
02-07-2017,60,61.53,58.61,61,2093067
02-08-2017,63.41,65.1199,58.72,59.64,4467314
02-09-2017,65.13,66.53,62.52,63.41,1946752
02-10-2017,63.13,64.99,63.13,64.89,1379436
02-13-2017,62.09,63.7899,61.77,63.51,1011384
02-14-2017,62.6,62.79,61.4,61.85,959234
02-15-2017,62.39,63.4,62.17,62.27,759532
02-16-2017,61.37,63.49,60.81,62.19,1634896
02-17-2017,65.8,66.06,61.5,61.86,2950242
02-21-2017,62.99,65.59,62.9,65.38,1572682
02-22-2017,61.19,63.665,61.04,63.07,1930400
02-23-2017,57.71,63.83,56.808,62.41,3280618
02-24-2017,57.9,59.33,56.56,57.51,1690426
02-27-2017,60.92,61.24,57.5123,57.69,1571897
02-28-2017,57.81,60.5,57.5,60.4,1951869
03-01-2017,59.27,59.85,58.315,58.5,1604588
03-02-2017,59.89,61.04,58.86,58.95,1439359
03-03-2017,62.17,62.29,60,60,1115833
03-06-2017,61.2,61.7,60.13,61.67,812636
03-07-2017,60.06,61.2399,59.65,60.43,786132
03-08-2017,59.08,61.43,58.76,59.27,1350430
03-09-2017,60.32,62.05,58.255,59.2,1422207
03-10-2017,62.4,62.49,60.07,60.6,1334160
03-13-2017,60.6,63.01,60.35,62.8,1547052
03-14-2017,66.95,68.58,59.13,60.1,5842783
03-15-2017,71.93,73.81,66.7933,66.95,5616714
03-16-2017,71.27,74.94,70.39,71.5,2455723
03-17-2017,71.32,73.34,70.02,70.62,2903784
03-20-2017,70.05,71.8717,68.92,71.45,1571538
03-21-2017,64.6,71.1,64.46,70.14,2104437
03-22-2017,67.18,69.21,64.34,64.88,1971950
03-23-2017,68.53,70.8,66.2,67.16,1897348
03-24-2017,70.32,70.98,68.54,68.58,1327294
