03-28-2016,1.8,1.86,1.75,1.85,36933
03-29-2016,1.79,1.83,1.79,1.8,16299
03-30-2016,1.8,1.88,1.79,1.8434,30733
03-31-2016,1.81,1.8699,1.76,1.76,31030
04-01-2016,1.8,1.86,1.8,1.81,42193
04-04-2016,1.84,1.84,1.78,1.78,34190
04-05-2016,1.91,1.91,1.82,1.85,57236
04-06-2016,2,2.01,1.91,1.93,155470
04-07-2016,2,2.01,1.9101,2.01,61752
04-08-2016,2.14,2.18,1.9845,1.997,320535
04-11-2016,2.37,2.39,2.15,2.18,355317
04-12-2016,2.59,2.73,2.45,2.49,557097
04-13-2016,2.36,2.6683,2.33,2.63,333242
04-14-2016,2.35,2.4359,2.3,2.41,93959
04-15-2016,2.23,2.37,2.1301,2.37,128742
04-18-2016,2.26,2.3,2.0803,2.25,77993
04-19-2016,2.21,2.32,2.2,2.32,91777
04-20-2016,2.24,2.25,2.14,2.25,52106
04-21-2016,2.36,2.37,2.2499,2.26,135496
04-22-2016,2.38,2.44,2.36,2.36,95187
04-25-2016,2.25,2.41,2.21,2.41,86973
04-26-2016,2.25,2.25,2.22,2.25,46297
04-27-2016,2.27,2.36,2.224,2.25,102716
04-28-2016,2.32,2.43,2.2386,2.25,125298
04-29-2016,2.24,2.34,2.24,2.31,77048
05-02-2016,2.22,2.28,2.2,2.23,51151
05-03-2016,2.16,2.29,2.16,2.2,23133
05-04-2016,2.13,2.2,2.13,2.17,44877
05-05-2016,2.15,2.19,2.1,2.13,73842
05-06-2016,2.26,2.3,2.1,2.12,88490
05-09-2016,2.49,2.5,2.2899,2.3,199452
05-10-2016,2.45,2.5,2.31,2.5,158187
05-11-2016,2.43,2.49,2.27,2.49,81944
05-12-2016,2.4,2.5,2.36,2.42,204720
05-13-2016,2.31,2.479,2.245,2.44,81495
05-16-2016,2.34,2.43,2.26,2.2885,74958
05-17-2016,2.41,2.41,2.29,2.35,117146
05-18-2016,2.4,2.41,2.33,2.4,132836
05-19-2016,2.55,2.6,2.33,2.4,621733
05-20-2016,2.71,2.8,2.5128,2.55,613416
05-23-2016,2.51,2.71,2.48,2.62,160574
05-24-2016,2.54,2.59,2.38,2.55,128915
05-25-2016,2.63,2.63,2.51,2.58,123723
05-26-2016,3,3.01,2.6601,2.7,602580
05-27-2016,3,3.12,2.91,3.01,247936
05-31-2016,3.26,3.3,2.92,2.94,396538
06-01-2016,3.64,3.68,3.21,3.26,869831
06-02-2016,3.78,3.82,3.43,3.7,555191
06-03-2016,3.75,3.85,3.55,3.75,414227
06-06-2016,3.28,3.75,2.92,3.75,1061907
06-07-2016,3.2,3.28,2.98,3.28,439741
06-08-2016,3.16,3.21,3.1,3.2,207757
06-09-2016,2.95,3.21,2.88,3.21,396203
06-10-2016,2.98,3.15,2.7,2.71,428669
06-13-2016,3.05,3.14,2.84,2.95,237656
06-14-2016,2.99,3.05,2.94,3.01,114922
06-15-2016,3,3.06,2.965,3,128746
06-16-2016,2.98,3,2.87,3,78211
06-17-2016,2.93,2.99,2.89,2.98,104761
06-20-2016,2.98,2.98,2.6201,2.93,343134
06-21-2016,2.97,2.98,2.85,2.97,122306
06-22-2016,3.02,3.11,2.9,2.99,179919
06-23-2016,3.01,3.01,2.9,3,109430
06-24-2016,2.99,3.01,2.85,2.86,247929
06-27-2016,2.9,2.95,2.83,2.95,146704
06-28-2016,3,3.01,2.92,2.94,131399
06-29-2016,3,3,2.95,3,115195
06-30-2016,2.99,3,2.96,2.98,68909
07-01-2016,3.11,3.11,2.9328,3,347441
07-05-2016,2.92,3,2.91,3,83948
07-06-2016,2.99,3,2.85,2.9,128464
07-07-2016,2.92,2.98,2.9,2.97,82402
07-08-2016,2.99,3,2.9001,2.97,145783
07-11-2016,3.26,3.319,2.97,2.99,1051642
07-12-2016,3.2,3.36,3.12,3.26,206544
07-13-2016,2.92,3.23,2.85,3.23,352154
07-14-2016,2.93,2.99,2.91,2.97,97349
07-15-2016,2.88,2.959,2.85,2.95,91324
07-18-2016,2.79,2.93,2.68,2.9,182051
07-19-2016,2.72,2.79,2.68,2.76,104491
07-20-2016,2.84,2.84,2.7001,2.75,128921
07-21-2016,2.83,2.89,2.77,2.86,115421
07-22-2016,2.85,2.87,2.76,2.87,68338
07-25-2016,2.84,2.94,2.8,2.88,96983
07-26-2016,2.89,2.919,2.83,2.89,88159
07-27-2016,2.8,2.88,2.7729,2.87,101229
07-28-2016,2.85,2.87,2.81,2.83,69078
07-29-2016,2.77,2.879,2.77,2.85,56363
08-01-2016,2.8,2.84,2.78,2.78,37888
08-02-2016,2.81,3.2,2.76,2.81,98425
08-03-2016,2.88,2.9654,2.77,2.82,90352
08-04-2016,2.83,2.91,2.78,2.89,65395
08-05-2016,2.9,2.91,2.8,2.8,83422
08-08-2016,2.99,3.01,2.86,2.86,175491
08-09-2016,3.01,3.07,2.92,2.99,572471
08-10-2016,3.1,3.11,3,3.01,200660
08-11-2016,3.11,3.11,3.03,3.11,339109
08-12-2016,3.22,3.23,3.07,3.11,271641
08-15-2016,3.08,3.26,3.06,3.22,258661
08-16-2016,3.03,3.18,2.95,3.07,170995
08-17-2016,3.28,3.28,3.01,3.05,518916
08-18-2016,3.61,3.66,3.2601,3.34,1429486
08-19-2016,3.7,3.98,3.5501,3.59,1521895
08-22-2016,3.94,3.94,3.5601,3.74,540437
08-23-2016,3.88,4.19,3.82,3.99,832861
08-24-2016,3.66,3.91,3.5,3.91,602056
08-25-2016,3.82,3.99,3.635,3.77,413915
08-26-2016,4.29,4.33,3.73,3.79,1099229
08-29-2016,4.17,4.28,4.09,4.25,581581
08-30-2016,4.11,4.19,4.04,4.14,220297
08-31-2016,4.09,4.1599,4,4.07,416635
09-01-2016,4.2,4.34,4.09,4.13,297614
09-02-2016,4.27,4.3,4.2,4.21,215672
09-06-2016,4.75,4.82,4.25,4.25,608846
09-07-2016,4.94,5.25,4.71,4.75,1384744
09-08-2016,5.2,5.49,4.86,4.99,805744
09-09-2016,5.2,5.5,5.111,5.2,753026
09-12-2016,5.4,5.46,5.03,5.25,665138
09-13-2016,5.95,6.39,5.3,5.42,1914266
09-14-2016,6.48,7.04,6.0515,6.09,3577607
09-15-2016,7.02,7.04,6.08,6.48,2886163
09-16-2016,7.14,7.88,6.77,7.1,4258403
09-19-2016,7.57,7.72,6.73,7.22,2159261
09-20-2016,6.97,7.85,6.78,7.4,1964425
09-21-2016,7.42,7.44,6.84,6.95,1236716
09-22-2016,6.98,7.69,6.75,7.49,1337686
09-23-2016,6.25,6.96,6.2113,6.92,1372532
09-26-2016,6.37,6.7,6.2,6.2,667969
09-27-2016,6.53,6.56,5.9,6.42,1133090
09-28-2016,6.86,6.95,6.39,6.79,1137157
09-29-2016,6.52,7.18,6.38,6.92,743272
09-30-2016,6.79,6.8,6.41,6.52,424173
10-03-2016,6.87,6.91,6.57,6.75,399879
10-04-2016,7.02,7.03,6.76,7,537690
10-05-2016,8.87,9.78,7.5,7.69,13433632
10-06-2016,8.71,9.73,8.37,8.67,3449132
10-07-2016,9.79,9.95,8.61,8.9,2203710
10-10-2016,9.57,10.78,9.3,9.95,3492624
10-11-2016,9.68,10.1199,9.34,9.45,1515949
10-12-2016,9.5,10.15,9.3888,9.68,1195104
10-13-2016,9.34,10,8.771,9.96,1372143
10-14-2016,8.93,9.5,8.211,9.36,1580616
10-17-2016,6.95,9,6.85,8.85,2191349
10-18-2016,6.95,7.45,6.8,7.1,1848481
10-19-2016,7.75,8,6.6,7,3017801
10-20-2016,7.3,7.9,7,7.9,1792893
10-21-2016,8.95,9,7.246,7.4,2153346
10-24-2016,8.9,9.3999,8.5,9.1,1877728
10-25-2016,7.25,7.5,6,6.9,5151038
10-26-2016,6.45,7.4,6.125,7.25,1556474
10-27-2016,5.9,6.7,5.75,6.4,1992093
10-28-2016,5.25,6.1,5.075,5.9,1841983
10-31-2016,5.6,5.8,4.65,5.1,2533533
11-01-2016,5.275,5.7,5.25,5.7,596223
11-02-2016,5.05,5.4921,4.75,5.35,898180
11-03-2016,4.8,5.25,4.75,5,849436
11-04-2016,4.8,5.05,4.75,4.85,619031
11-07-2016,5.45,5.6,4.965,5,1198404
11-08-2016,5.7,5.75,5.45,5.5,745897
11-09-2016,6.45,6.85,5.7,5.8,1172527
11-10-2016,6.05,6.75,5.9,6.6,888771
11-11-2016,5.85,6.4,5.3,5.85,744536
11-14-2016,8.85,10.3,7.7,9.85,12714232
11-15-2016,8.15,9.25,7.65,8,2324259
11-16-2016,7.8,8.7,7.45,8.25,1320348
11-17-2016,7,7.9,6.75,7.7,1724595
11-18-2016,6.95,7.2,6.8035,7.05,824896
11-21-2016,7.85,8.3,6.8,6.8,1862768
11-22-2016,7.95,8.15,7.3,8,2666875
11-23-2016,8,8.15,7.5,8.15,1470270
11-25-2016,7.8,8,7.7,7.8,666708
11-28-2016,8.25,8.5,7.25,7.8,1386368
11-29-2016,8,8.3382,7.85,8.25,622201
11-30-2016,7.6,8.1,7.5,7.9,887156
12-01-2016,7.3,7.8,7.25,7.8,673701
12-02-2016,7.2,7.45,7.1,7.2,791999
12-05-2016,7.4,7.6,7.25,7.3,307267
12-06-2016,7.85,7.9,7.3,7.55,528847
12-07-2016,7.75,7.95,7.55,7.95,383631
12-08-2016,7.85,7.9,7.55,7.8,342811
12-09-2016,7.8,7.95,7.65,7.9,243594
12-12-2016,7.8,7.85,7.65,7.8,338944
12-13-2016,8.15,8.2,7.75,7.8,705305
12-14-2016,8.6,8.85,8.1,8.15,1187554
12-15-2016,8.75,8.85,8.5,8.75,747392
12-16-2016,8.2,8.9,8.15,8.75,968126
12-19-2016,8.65,8.7,8.2,8.2,630187
12-20-2016,8.8,8.9246,8.55,8.65,490832
12-21-2016,8.45,8.95,8.45,8.8,329113
12-22-2016,8.35,8.5,8.25,8.45,293674
12-23-2016,8.55,8.6,8.3,8.35,255289
12-27-2016,8.85,9.1785,8.55,8.6,698605
12-28-2016,8.85,9,8.65,8.95,370459
12-29-2016,8.6,9,8.55,9,466130
12-30-2016,8.45,8.7067,8.4,8.5,397994
01-03-2017,8.45,8.75,8.25,8.6,350338
01-04-2017,8.45,8.6,8.4,8.5,446696
01-05-2017,8.3,8.425,8.2,8.4,489332
01-06-2017,8.3,8.45,8.2,8.3,684513
01-09-2017,8.3,8.4,8.2,8.35,257095
01-10-2017,8.5,8.5,8.2,8.35,473191
01-11-2017,8.05,8.5,8.05,8.5,680174
01-12-2017,7.65,8.1,7.25,8.05,1071108
01-13-2017,7.5,7.9,7.45,7.7,489253
01-17-2017,7.35,7.6995,7.3,7.6,483334
01-18-2017,7.25,7.45,7.15,7.35,389251
01-19-2017,7,7.35,6.8,7.25,878625
01-20-2017,6.9,7.05,6.8,7,554345
01-23-2017,6.6,7.021,6.5,6.95,602908
01-24-2017,7.05,7.1,6.4,6.55,675528
01-25-2017,7.05,7.55,7.05,7.05,578737
01-26-2017,7.15,7.45,7.05,7.05,389076
01-27-2017,6.75,7.3,6.65,7.2,710875
01-30-2017,6.55,6.85,6.55,6.75,281979
01-31-2017,6.7,6.9,6.4,6.55,559386
02-01-2017,6.4,6.85,6.25,6.8,595197
02-02-2017,6.6,6.65,6.3,6.35,397634
02-03-2017,6.85,6.85,6.5,6.65,659039
02-06-2017,6.5,6.9,6.4,6.8,366176
02-07-2017,6.25,6.45,6.225,6.3,587405
02-08-2017,6.4,6.5,6.2,6.25,479644
02-09-2017,6.25,6.599,6.2,6.4,603581
02-10-2017,7.1,7.55,6.15,6.35,3499802
02-13-2017,7.5,7.8,7.2,7.35,1762657
02-14-2017,8.4,8.45,7.4,7.6,1576977
02-15-2017,8.3,9.2,8.2,8.45,2223479
02-16-2017,8.3,8.75,8.05,8.4,814347
02-17-2017,8.85,9.1,8.183,8.4,1959227
02-21-2017,8.75,9.35,8.45,9.05,1365264
02-22-2017,8.6,8.9,8.425,8.85,901839
02-23-2017,8.25,9.0865,8.151,9.05,899737
02-24-2017,8.5,8.55,8.05,8.25,616070
02-27-2017,9.1,9.25,8.55,8.7,1303466
02-28-2017,8.55,9.149,8,8.05,1880233
03-01-2017,9.05,9.2,8.7,8.8,1207028
03-02-2017,9.375,10.15,8.9,9.1,2308063
03-03-2017,9.3,9.85,8.95,9.4,1109580
03-06-2017,9.2,9.55,9,9.5,1096327
03-07-2017,9.1,9.25,9,9.1,527243
03-08-2017,9.15,9.45,9,9.1,1374607
03-09-2017,9.25,9.35,9.05,9.15,1024186
03-10-2017,9.5,9.55,9.25,9.45,1221183
03-13-2017,9.5,9.75,9.3,9.6,1062588
03-14-2017,9.2,9.5849,8.85,9.4,876599
03-15-2017,9.45,9.5,9.05,9.25,498193
03-16-2017,9.4,9.5347,9.25,9.45,394884
03-17-2017,9.6,9.85,9.3,9.4,1151876
03-20-2017,10.35,10.5,9.6,9.75,2724309
03-21-2017,9.25,10.5,9.15,10.5,2934801
03-22-2017,9.1,9.6393,9.1,9.5,704705
03-23-2017,9,9.35,8.85,9.15,800340
03-24-2017,9.1,9.25,8.5,8.95,1483910
