03-28-2016,2.35,2.5,2.29,2.4,100242
03-29-2016,2.5,2.5,2.29,2.37,111489
03-30-2016,2.43,2.62,2.42,2.5,258885
03-31-2016,2.65,2.834,2.42,2.43,649835
04-01-2016,3.26,3.4,2.62,2.62,1111777
04-04-2016,3.24,3.46,3.15,3.15,456317
04-05-2016,3.09,3.36,3.06,3.21,155754
04-06-2016,3.27,3.37,2.94,3.09,406168
04-07-2016,3.17,3.3,3.05,3.2,290898
04-08-2016,3.14,3.24,2.99,3.24,219787
04-11-2016,3.11,3.28,3.01,3.17,171993
04-12-2016,3.73,3.75,3.07,3.19,600130
04-13-2016,3.96,4.17,3.56,3.75,577354
04-14-2016,3.97,4.0599,3.77,3.96,249248
04-15-2016,4.05,4.17,3.83,3.93,282753
04-18-2016,4.23,4.26,3.88,4.1,295881
04-19-2016,4.23,4.33,3.99,4.2,257764
04-20-2016,4.12,4.32,3.86,4.32,466206
04-21-2016,4.2,4.3,4,4.3,365611
04-22-2016,4.1,4.2,4,4.05,170296
04-25-2016,4.02,4.1,3.99,4.03,87988
04-26-2016,4.5,4.54,4.1,4.1,802162
04-27-2016,4.4,4.5,4.1,4.5,397081
04-28-2016,4.28,4.37,4.12,4.27,212421
04-29-2016,4.18,4.5,4.11,4.26,220307
05-02-2016,4.29,4.3,4.11,4.18,233624
05-03-2016,4,4.209,4,4.2,273148
05-04-2016,3.98,4.16,3.76,4,431375
05-05-2016,3.29,3.98,3.2,3.91,466921
05-06-2016,3.3,3.89,3.29,3.29,380000
05-09-2016,3.26,3.37,3.22,3.32,157015
05-10-2016,3.11,3.24,2.95,3.21,414850
05-11-2016,2.88,3.23,2.78,3.12,490922
05-12-2016,2.6,2.97,2.58,2.9,195892
05-13-2016,2.71,2.75,2.55,2.55,291051
05-16-2016,2.86,2.87,2.6,2.7,176953
05-17-2016,2.92,3.2,2.845,2.86,362755
05-18-2016,2.96,3.24,2.92,2.93,414579
05-19-2016,2.7,2.97,2.6,2.92,327703
05-20-2016,2.85,3.04,2.6501,2.72,249507
05-23-2016,2.73,3.08,2.68,2.85,290450
05-24-2016,2.8,2.83,2.64,2.75,284632
05-25-2016,2.93,2.94,2.78,2.85,213498
05-26-2016,3.02,3.15,2.8997,2.97,268552
05-27-2016,2.83,3.1,2.71,3.1,396351
05-31-2016,2.83,2.89,2.77,2.79,360178
06-01-2016,2.75,2.81,2.64,2.81,304477
06-02-2016,2.71,2.78,2.68,2.73,200404
06-03-2016,2.72,2.79,2.57,2.72,321698
06-06-2016,2.75,2.79,2.6,2.72,233287
06-07-2016,2.68,2.76,2.66,2.71,185245
06-08-2016,2.6,2.72,2.6,2.68,159723
06-09-2016,2.32,2.6,2.29,2.6,551123
06-10-2016,2.22,2.52,2.15,2.27,396084
06-13-2016,2.16,2.27,2.08,2.21,190182
06-14-2016,2.12,2.21,2.1,2.16,159158
06-15-2016,2.17,2.24,2.12,2.12,124205
06-16-2016,2.15,2.17,2.05,2.17,318800
06-17-2016,2.15,2.21,2.12,2.17,216008
06-20-2016,2.25,2.27,2.1285,2.21,184281
06-21-2016,2.15,2.2899,2.08,2.25,254716
06-22-2016,2.08,2.16,2.03,2.16,266909
06-23-2016,2.06,2.08,2.03,2.05,426276
06-24-2016,1.91,2.03,1.85,1.9,3480583
06-27-2016,2,2.02,1.83,1.87,356297
06-28-2016,1.9,2.15,1.825,2.04,534366
06-29-2016,1.98,2.09,1.96,1.97,494577
06-30-2016,1.99,2.03,1.98,2.01,225087
07-01-2016,2.04,2.04,1.99,2.01,164077
07-05-2016,1.88,2.0699,1.83,2.02,241355
07-06-2016,1.8,1.93,1.8,1.85,145678
07-07-2016,1.86,2,1.82,1.84,360306
07-08-2016,1.8,1.88,1.72,1.86,359684
07-11-2016,1.78,1.8403,1.76,1.8,155523
07-12-2016,1.81,1.82,1.77,1.8,126449
07-13-2016,1.68,1.8599,1.655,1.82,189048
07-14-2016,1.74,1.78,1.65,1.72,314759
07-15-2016,1.76,1.7999,1.74,1.76,54103
07-18-2016,1.67,1.79,1.67,1.73,131828
07-19-2016,1.62,1.7011,1.46,1.65,219354
07-20-2016,1.61,1.64,1.58,1.64,114882
07-21-2016,1.59,1.64,1.57,1.6,164358
07-22-2016,1.54,1.5828,1.54,1.58,103832
07-25-2016,1.4,1.559,1.385,1.52,432511
07-26-2016,1.45,1.5,1.41,1.41,227394
07-27-2016,1.5,1.5499,1.47,1.47,589742
07-28-2016,1.46,1.515,1.355,1.5,290144
07-29-2016,1.49,1.51,1.43,1.44,250302
08-01-2016,1.49,1.52,1.46,1.49,198046
08-02-2016,1.47,1.52,1.44,1.52,48139
08-03-2016,1.51,1.53,1.41,1.45,110981
08-04-2016,1.54,1.6,1.51,1.52,548537
08-05-2016,1.52,1.66,1.51,1.6,281285
08-08-2016,1.43,1.53,1.43,1.53,139309
08-09-2016,1.38,1.46,1.35,1.44,166378
08-10-2016,1.41,1.43,1.36,1.42,160363
08-11-2016,1.76,1.83,1.42,1.44,1642224
08-12-2016,1.73,1.8,1.63,1.8,592667
08-15-2016,1.79,1.82,1.72,1.75,329832
08-16-2016,1.79,1.84,1.78,1.83,272426
08-17-2016,1.74,1.84,1.65,1.82,335684
08-18-2016,1.66,1.76,1.62,1.76,268690
08-19-2016,1.72,1.77,1.62,1.65,283833
08-22-2016,1.69,1.75,1.65,1.7,183561
08-23-2016,1.6,1.69,1.6,1.69,126256
08-24-2016,1.61,1.7,1.61,1.65,135632
08-25-2016,1.58,1.68,1.55,1.6,136168
08-26-2016,1.6,1.64,1.58,1.58,43280
08-29-2016,1.64,1.65,1.55,1.58,79461
08-30-2016,1.77,1.82,1.666,1.67,534213
08-31-2016,1.97,2.06,1.73,1.75,582566
09-01-2016,1.91,2.02,1.8,2,234582
09-02-2016,1.83,1.93,1.81,1.93,141155
09-06-2016,1.77,1.84,1.71,1.82,372052
09-07-2016,1.75,1.8917,1.75,1.78,236484
09-08-2016,1.82,1.97,1.79,1.8,689426
09-09-2016,1.78,1.8,1.67,1.8,518869
09-12-2016,1.93,1.93,1.78,1.79,204441
09-13-2016,2.22,2.5,1.86,1.91,2189398
09-14-2016,2.13,2.37,2.06,2.22,1148824
09-15-2016,2.16,2.26,2.1,2.11,442263
09-16-2016,2.25,2.29,2.12,2.17,523958
09-19-2016,2.64,2.77,2.2701,2.3,2097082
09-20-2016,2.89,3.09,2.758,2.76,2475669
09-21-2016,2.98,2.98,2.77,2.86,403034
09-22-2016,2.88,3.12,2.79,2.99,961048
09-23-2016,2.76,2.9,2.73,2.85,714686
09-26-2016,2.72,2.78,2.57,2.73,583531
09-27-2016,2.68,2.739,2.63,2.73,242076
09-28-2016,2.64,2.71,2.62,2.7,130041
09-29-2016,2.505,2.67,2.45,2.66,217655
09-30-2016,2.52,2.72,2.51,2.53,286667
10-03-2016,2.53,2.6,2.51,2.54,79254
10-04-2016,2.805,2.8799,2.51,2.51,591392
10-05-2016,3.25,3.26,2.7951,2.8,1060571
10-06-2016,3.02,3.22,3.02,3.2,522442
10-07-2016,2.91,3.12,2.77,3,459066
10-10-2016,2.89,2.95,2.75,2.92,234143
10-11-2016,2.91,3.24,2.88,2.91,649482
10-12-2016,2.75,2.91,2.75,2.91,262647
10-13-2016,2.54,2.84,2.49,2.75,394847
10-14-2016,2.3,2.6,2.21,2.58,597138
10-17-2016,2.21,2.2801,2.1521,2.27,344636
10-18-2016,2.3,2.32,2.16,2.24,153310
10-19-2016,2.19,2.35,2.19,2.3,168747
10-20-2016,2.26,2.3,2.2,2.2,126893
10-21-2016,2.23,2.3,2.21,2.25,130310
10-24-2016,2.2,2.25,2.18,2.24,64261
10-25-2016,2.12,2.27,2.02,2.25,145170
10-26-2016,2.21,2.3,2.13,2.13,108548
10-27-2016,2.11,2.27,2.1,2.22,166337
10-28-2016,2.15,2.17,2.05,2.12,195195
10-31-2016,2.09,2.15,2.08,2.14,80532
11-01-2016,2.11,2.13,2.05,2.09,57570
11-02-2016,2.07,2.13,2.02,2.1,106249
11-03-2016,2.04,2.13,2.04,2.1,121059
11-04-2016,2.06,2.27,2.02,2.02,144767
11-07-2016,2.2,2.25,2.09,2.09,87048
11-08-2016,2.18,2.25,2.11,2.2,70033
11-09-2016,2.26,2.41,2.14,2.29,386108
11-10-2016,1.85,2.11,1.6011,2.11,1094491
11-11-2016,1.84,1.85,1.46,1.65,758149
11-14-2016,1.81,1.9393,1.795,1.86,259395
11-15-2016,1.76,1.8423,1.65,1.83,192953
11-16-2016,1.71,1.76,1.65,1.76,138161
11-17-2016,1.71,1.82,1.66,1.7,152424
11-18-2016,1.84,1.92,1.67,1.72,348493
11-21-2016,1.72,1.87,1.7,1.87,118009
11-22-2016,1.68,1.73,1.61,1.7,203657
11-23-2016,1.8,1.84,1.65,1.66,124433
11-25-2016,1.79,1.8,1.75,1.8,55426
11-28-2016,1.81,1.84,1.68,1.83,102548
11-29-2016,1.76,1.81,1.72,1.8,23767
11-30-2016,1.69,1.91,1.68,1.79,208820
12-01-2016,1.71,1.9,1.68,1.7,132314
12-02-2016,1.75,1.81,1.68,1.71,99456
12-05-2016,1.78,1.8,1.72,1.75,73680
12-06-2016,1.83,1.88,1.76,1.8,92765
12-07-2016,1.81,1.86,1.8,1.84,104790
12-08-2016,1.81,1.85,1.78,1.8,57992
12-09-2016,1.74,1.83,1.71,1.8,92284
12-12-2016,1.66,1.84,1.61,1.72,168322
12-13-2016,1.65,1.69,1.61,1.651,68712
12-14-2016,1.57,1.68,1.52,1.65,258025
12-15-2016,1.61,1.65,1.52,1.58,343008
12-16-2016,1.62,1.77,1.55,1.61,495996
12-19-2016,1.66,1.73,1.61,1.63,387530
12-20-2016,1.72,1.72,1.6,1.67,91952
12-21-2016,1.83,1.98,1.6501,1.71,378955
12-22-2016,1.77,1.86,1.72,1.83,216265
12-23-2016,1.77,1.95,1.7301,1.78,215961
12-27-2016,1.78,1.83,1.76,1.79,143291
12-28-2016,1.61,1.82,1.6,1.78,328623
12-29-2016,1.6,1.6873,1.6,1.6,161403
12-30-2016,1.53,1.69,1.4699,1.6,606056
01-03-2017,1.71,1.8,1.54,1.54,353873
01-04-2017,1.71,1.83,1.64,1.75,271581
01-05-2017,1.69,1.77,1.67,1.72,42103
01-06-2017,1.75,1.81,1.69,1.72,228498
01-09-2017,1.78,1.79,1.71,1.74,61728
01-10-2017,1.81,1.8195,1.77,1.79,126736
01-11-2017,1.76,1.81,1.71,1.81,103989
01-12-2017,1.78,1.78,1.67,1.77,142795
01-13-2017,1.8,1.81,1.77,1.8,99930
01-17-2017,1.74,1.79,1.66,1.79,73607
01-18-2017,1.69,1.74,1.68,1.7058,30479
01-19-2017,1.6,1.69,1.58,1.69,102019
01-20-2017,1.62,1.65,1.55,1.64,129882
01-23-2017,1.68,1.69,1.58,1.62,84631
01-24-2017,1.7,1.75,1.62,1.67,159856
01-25-2017,1.7,1.72,1.66,1.71,28723
01-26-2017,1.77,1.8,1.7,1.71,204918
01-27-2017,1.7,1.86,1.63,1.79,292062
01-30-2017,1.69,1.79,1.67,1.75,118213
01-31-2017,1.66,1.74,1.65,1.69,96102
02-01-2017,1.77,1.85,1.7,1.7,260340
02-02-2017,1.88,1.9,1.7868,1.82,226140
02-03-2017,1.92,1.96,1.79,1.81,279365
02-06-2017,1.93,2.02,1.89,1.91,127360
02-07-2017,2.04,2.15,1.92,1.95,355419
02-08-2017,2.14,2.33,2.02,2.1,446724
02-09-2017,2.3,2.3,2.08,2.16,612615
02-10-2017,2.4,2.48,2.2401,2.27,512661
02-13-2017,2.29,2.45,2.24,2.43,306842
02-14-2017,2.16,2.4,2.11,2.27,289986
02-15-2017,2.23,2.2653,2.12,2.15,238452
02-16-2017,2.22,2.29,2.13,2.25,135710
02-17-2017,2.27,2.27,2.13,2.23,84682
02-21-2017,2.24,2.36,2.161,2.36,96832
02-22-2017,2.16,2.2623,2.12,2.22,73565
02-23-2017,2.15,2.22,2.12,2.17,84237
02-24-2017,2.06,2.15,2.04,2.12,68887
02-27-2017,2.08,2.135,2.03,2.07,94541
02-28-2017,2.08,2.12,2.05,2.05,73634
03-01-2017,2.18,2.24,2.09,2.12,218044
03-02-2017,2.18,2.3,2.1,2.24,178590
03-03-2017,2.19,2.28,2.17,2.22,183251
03-06-2017,2.08,2.25,2.0621,2.19,130932
03-07-2017,2.11,2.16,1.96,2.07,159999
03-08-2017,2.14,2.22,2.06,2.17,154146
03-09-2017,2.14,2.17,2.1099,2.13,70736
03-10-2017,2.12,2.18,2.11,2.14,81440
03-13-2017,2.15,2.2,2.08,2.16,98553
03-14-2017,2.03,2.14,2.01,2.13,92160
03-15-2017,2.05,2.09,2,2.06,99410
03-16-2017,2.07,2.12,2.03,2.05,111422
03-17-2017,1.8,1.89,1.44,1.73,1599101
03-20-2017,1.76,1.91,1.69,1.8,241988
03-21-2017,1.6,1.74,1.59,1.74,264063
03-22-2017,1.56,1.64,1.54,1.55,202052
03-23-2017,1.74,1.74,1.55,1.56,141690
03-24-2017,1.7,1.77,1.63,1.75,100320
