03-28-2016,11.16,11.21,11.0601,11.12,6881
03-29-2016,11.5,11.53,11.01,11.0501,23401
03-30-2016,11.55,11.78,11.2,11.2,63114
03-31-2016,11.9,12.29,11.6,11.6,30574
04-01-2016,11.91,12.16,11.785,11.89,19674
04-04-2016,11.91,12.16,11.91,11.99,8935
04-05-2016,11.75,11.9,11.61,11.9,3770
04-06-2016,11.74,12.08,11.27,11.635,17051
04-07-2016,11.69,11.9499,11.51,11.946,23046
04-08-2016,11.76,12.07,11.76,11.98,6049
04-11-2016,11.87,12.07,11.83,12.04,11276
04-12-2016,11.96,12.04,11.85,12.01,9860
04-13-2016,11.98,12.232,11.98,12.232,8700
04-14-2016,12.48,12.95,12.21,12.21,10136
04-15-2016,13.69,13.86,12.21,12.53,20385
04-18-2016,14.5,14.9048,12.98,13.34,22200
04-19-2016,14.65,15,14.62,14.95,8275
04-20-2016,13.94,14.9963,13.79,14.9963,22233
04-21-2016,13.98,14.639,13.45,14.01,13177
04-22-2016,13.74,14.5,13.58,13.95,44156
04-25-2016,13.7,13.8,13.38,13.5808,13686
04-26-2016,13.49,13.78,13.45,13.75,9769
04-27-2016,12.89,13.835,12.76,13.48,27627
04-28-2016,12.585,13.3499,12.3,12.8,23006
04-29-2016,12.04,13.0734,11.9,12.64,36452
05-02-2016,11.97,12.22,11.96,12.13,43465
05-03-2016,12.26,12.43,11.98,12.39,32919
05-04-2016,12.17,12.33,11.905,12.33,19661
05-05-2016,11.55,12.2852,11.55,12.16,26259
05-06-2016,11.54,11.7,11.37,11.61,15889
05-09-2016,12.18,12.31,11.17,11.22,9888
05-10-2016,12.4501,12.73,12.06,12.06,19995
05-11-2016,12.39,12.744,12.2,12.54,11392
05-12-2016,11.95,12.27,11.7,12.27,14948
05-13-2016,11.86,12.325,11.67,11.97,30819
05-16-2016,11.76,12.0847,11.5,11.83,61762
05-17-2016,11.94,12.7861,11.8735,11.9244,37074
05-18-2016,11.54,11.95,11.54,11.79,589881
05-19-2016,11.5,11.95,11.3,11.54,36546
05-20-2016,12.11,12.23,11.44,11.44,12036
05-23-2016,11.95,12.29,11.8,12.28,10669
05-24-2016,11.91,12.32,11.64,12.12,86009
05-25-2016,12.18,12.19,11.99,12.06,28148
05-26-2016,12.89,12.89,12.09,12.29,48167
05-27-2016,14.11,14.64,13.14,13.5,55253
05-31-2016,14.03,14.5,13.8,14.1,24619
06-01-2016,14.19,14.25,13.75,14.09,19996
06-02-2016,14.5201,14.839,14.2783,14.28,29257
06-03-2016,15.29,15.3,14.5,14.6,38408
06-06-2016,15.205,15.9,14.8068,15.15,125891
06-07-2016,14.345,15.2,14.08,14.895,24665
06-08-2016,15.11,15.26,14.1099,14.34,20098
06-09-2016,14.84,15.02,14.14,15,24558
06-10-2016,14.06,14.84,14,14.74,27953
06-13-2016,14.03,14.45,14,14.1,5836
06-14-2016,14.05,14.3083,13.9144,14.03,74446
06-15-2016,15.13,15.28,14.11,14.11,105781
06-16-2016,17,17.26,14.95,14.95,206770
06-17-2016,15.89,17.01,15.46,17.01,51810
06-20-2016,15.71,16.22,15.49,15.79,98652
06-21-2016,16.2,16.4999,15.5,15.99,34547
06-22-2016,16.45,16.62,16,16.44,33629
06-23-2016,16.49,16.6284,16.47,16.57,14033
06-24-2016,16.39,16.52,16,16.28,12985
06-27-2016,14.04,16.26,13.79,16.26,136516
06-28-2016,15.67,15.86,14.25,14.25,52851
06-29-2016,15.34,15.99,15.05,15.75,22596
06-30-2016,16.75,16.77,14.64,15.48,78205
07-01-2016,16.15,16.75,16.15,16.74,9416
07-05-2016,16.09,16.4999,15.99,16,30580
07-06-2016,16.49,16.75,16.03,16.2,23185
07-07-2016,16.4,16.6399,15.42,15.42,16703
07-08-2016,16.34,16.65,16.08,16.515,35695
07-11-2016,16.18,16.7499,16.12,16.4,46743
07-12-2016,16.18,16.74,16.06,16.36,47923
07-13-2016,15.77,16.4,15.62,16.18,81841
07-14-2016,15.97,16.4407,15.51,16.08,18695
07-15-2016,16.08,16.48,15.89,16.025,13610
07-18-2016,16.07,16.53,15.86,16.11,53558
07-19-2016,15.75,16.52,15.5,16.52,315419
07-20-2016,15.86,16.86,15.8,16.86,150447
07-21-2016,16.725,16.8,15.83,15.83,158372
07-22-2016,16.97,16.97,16.55,16.75,48255
07-25-2016,17.33,17.35,16.75,16.77,156078
07-26-2016,16.38,17.28,16,17.24,98176
07-27-2016,16.73,16.8,16.11,16.35,93193
07-28-2016,16.8,17.31,16.58,16.58,24687
07-29-2016,16.85,17.1968,16.81,16.96,13784
08-01-2016,16.95,17,16.4814,16.96,26604
08-02-2016,17,17.15,16.67,17,142080
08-03-2016,17.05,17.22,16.88,17.2,56942
08-04-2016,16.95,17.05,16.72,17.05,163244
08-05-2016,16.89,17.2,16.75,17.1,16752
08-08-2016,17.04,17.2,16.68,16.77,30413
08-09-2016,16.93,17.349,16.81,16.98,39015
08-10-2016,16.88,17.0699,16.561,16.561,64446
08-11-2016,16.7,16.92,16.66,16.82,36541
08-12-2016,17.03,17.03,16.56,16.62,29419
08-15-2016,18.51,18.73,17.03,17.03,137390
08-16-2016,19.25,19.47,18.528,18.8,143911
08-17-2016,18.98,19.35,18.0315,19.35,43280
08-18-2016,18.92,19.1,18.06,19.1,45267
08-19-2016,18.91,19.4,18.17,19.04,101741
08-22-2016,18.9,19.04,18.0101,18.82,113048
08-23-2016,18.56,19,18.25,18.86,46060
08-24-2016,18.31,18.98,18,18.7201,116861
08-25-2016,18.43,18.47,18.115,18.46,25349
08-26-2016,18.51,18.96,18.17,18.35,12837
08-29-2016,18.33,19.25,18.04,18.66,56804
08-30-2016,18.5,18.73,18.31,18.47,70018
08-31-2016,18.36,18.77,18.36,18.45,60185
09-01-2016,39.7,39.74,39.38,39.46,7307255
09-02-2016,39.68,39.71,39.68,39.7,803205
09-06-2016,39.83,39.9,39.69,39.7,1428786
09-07-2016,39.9,39.9,39.77,39.8,463317
09-08-2016,39.99,39.99,39.85,39.9,574957
09-09-2016,39.97,39.99,39.86,39.91,208799
09-12-2016,40.06,40.06,39.9,39.9,194889
09-13-2016,40,40.05,39.9,39.95,195204
09-14-2016,40.14,40.14,39.98,40.04,199419
09-15-2016,40.11,40.19,39.99,40.15,87244
09-16-2016,40.14,40.25,40.05,40.07,129448
09-19-2016,40.2,40.24,40.1253,40.2,143606
09-20-2016,40.2,40.25,40.18,40.18,319908
09-21-2016,40.2,40.22,40.18,40.21,266751
09-22-2016,40.2,40.22,40.2,40.21,173484
09-23-2016,40.2,40.25,39.42,39.42,53572
09-26-2016,40.22,40.22,40.18,40.2,163242
09-27-2016,40.19,40.25,40.18,40.19,403900
09-28-2016,40.26,40.315,40.19,40.2,317860
09-29-2016,40.25,40.3401,40.24,40.26,113229
09-30-2016,40.23,40.3,40.21,40.25,145761
10-03-2016,40.21,40.29,40.2,40.24,167547
10-04-2016,40.32,40.3297,40.25,40.26,26936
10-05-2016,40.3,40.38,40.26,40.3,62672
10-06-2016,40.31,40.42,40.28,40.3,219726
10-07-2016,40.38,40.38,40.3,40.37,163734
10-10-2016,40.41,40.67,40.38,40.38,137304
10-11-2016,40.4001,40.42,40.39,40.42,53926
10-12-2016,40.4,40.42,40.4,40.4,25650
10-13-2016,40.45,40.4701,40.4,40.4,61101
10-14-2016,40.44,40.47,40.44,40.45,49588
10-17-2016,40.46,40.49,40.45,40.45,153199
10-18-2016,40.47,40.5,40.47,40.5,15395
10-19-2016,40.47,40.49,40.47,40.48,71179
10-20-2016,40.4805,40.49,40.47,40.48,388886
