03-28-2016,2.47,2.55,2.4,2.48,290107
03-29-2016,2.64,2.65,2.35,2.45,560914
03-30-2016,2.62,2.775,2.5,2.69,584998
03-31-2016,2.68,2.7975,2.62,2.63,795266
04-01-2016,2.74,2.8101,2.6,2.66,480044
04-04-2016,3.02,3.19,2.76,2.77,1731978
04-05-2016,2.98,3.15,2.92,3.08,1033691
04-06-2016,2.99,3,2.82,2.96,1244886
04-07-2016,3.02,3.12,2.94,3,732115
04-08-2016,3.14,3.3,2.9045,2.95,1268693
04-11-2016,2.91,3.239,2.89,3.11,1676644
04-12-2016,3,3.08,2.9121,2.95,1078853
04-13-2016,3.1,3.1,3,3.06,821334
04-14-2016,3.13,3.161,3.04,3.14,654766
04-15-2016,3.21,3.24,3.06,3.1,809320
04-18-2016,3.35,3.45,3.12,3.22,988125
04-19-2016,3.19,3.35,3.155,3.35,879310
04-20-2016,3.21,3.34,3.14,3.19,768096
04-21-2016,3.25,3.3,3.19,3.23,539895
04-22-2016,3.34,3.39,3.23,3.24,841783
04-25-2016,3.49,3.66,3.2556,3.31,1419179
04-26-2016,3.39,3.54,3.3,3.48,765689
04-27-2016,3.36,3.45,3.28,3.39,582791
04-28-2016,3.35,3.46,3.3,3.36,827462
04-29-2016,3.26,3.44,3.1,3.25,1042305
05-02-2016,3.42,3.42,3.17,3.29,658247
05-03-2016,3.3,3.44,3.25,3.4,628426
05-04-2016,3.12,3.38,3.08,3.28,1158142
05-05-2016,3.08,3.2,3.04,3.15,624761
05-06-2016,3.09,3.12,2.96,3.04,510767
05-09-2016,3.07,3.26,3.07,3.1,821110
05-10-2016,2.8,2.87,2.65,2.75,1874803
05-11-2016,2.42,2.9,2.36,2.88,1557519
05-12-2016,2.37,2.46,2.28,2.42,1163337
05-13-2016,2.27,2.36,2.22,2.31,756708
05-16-2016,2.4,2.45,2.26,2.28,673483
05-17-2016,2.3,2.43,2.3,2.39,607619
05-18-2016,2.36,2.4,2.28,2.3,709748
05-19-2016,2.37,2.44,2.29,2.35,680859
05-20-2016,2.58,2.71,2.37,2.38,1050228
05-23-2016,2.6,2.719,2.555,2.6,690953
05-24-2016,2.78,2.81,2.6,2.6,833907
05-25-2016,2.77,2.8599,2.7101,2.79,986853
05-26-2016,2.75,2.79,2.65,2.79,393765
05-27-2016,2.78,2.8011,2.68,2.75,431159
05-31-2016,2.99,3.276,2.825,2.83,2408739
06-01-2016,2.93,3.02,2.81,3,1433750
06-02-2016,2.97,2.99,2.865,2.92,824453
06-03-2016,2.77,2.96,2.76,2.96,1016162
06-06-2016,2.72,2.8699,2.64,2.8,1082800
06-07-2016,2.56,2.625,2.36,2.6,1698276
06-08-2016,2.49,2.59,2.45,2.55,1068752
06-09-2016,2.35,2.5,2.32,2.48,1276026
06-10-2016,2.32,2.4,2.25,2.36,820477
06-13-2016,2.39,2.48,2.3,2.31,670534
06-14-2016,2.29,2.4267,2.25,2.39,795270
06-15-2016,2.3,2.385,2.26,2.27,375295
06-16-2016,2.36,2.38,2.2574,2.31,538396
06-17-2016,2.37,2.46,2.31,2.37,918502
06-20-2016,2.27,2.42,2.25,2.39,729942
06-21-2016,2.24,2.35,2.13,2.26,651694
06-22-2016,2.27,2.33,2.21,2.28,435382
06-23-2016,2.39,2.4,2.26,2.3,558636
06-24-2016,2.37,2.38,2.2347,2.25,1042461
06-27-2016,2.18,2.37,2.13,2.31,875869
06-28-2016,2.29,2.29,2.195,2.2,499024
06-29-2016,2.27,2.3,2.2,2.3,810840
06-30-2016,2.23,2.32,2.185,2.27,787843
07-01-2016,2.27,2.34,2.21,2.27,893087
07-05-2016,2.28,2.35,2.23,2.28,964391
07-06-2016,2.28,2.35,2.21,2.28,783295
07-07-2016,2.22,2.33,2.22,2.3,851125
07-08-2016,2.26,2.28,2.21,2.26,1079441
07-11-2016,2.51,2.67,2.2416,2.33,6134038
07-12-2016,1.01,1.07,0.74,0.754,37608859
07-13-2016,0.9801,1.1,0.965,1.05,7849664
07-14-2016,0.899,0.98,0.85,0.98,7186273
07-15-2016,0.63,0.641,0.5506,0.641,17650340
07-18-2016,0.5953,0.64,0.592,0.6386,3861701
07-19-2016,0.5804,0.605,0.56,0.6,3066148
07-20-2016,0.5941,0.6,0.5624,0.5818,3082390
07-21-2016,0.5964,0.635,0.5801,0.6,3697942
07-22-2016,0.6024,0.632,0.585,0.6,2921939
07-25-2016,0.5931,0.6149,0.587,0.6149,2058468
07-26-2016,0.5975,0.602,0.58,0.587,1402460
07-27-2016,0.6028,0.614,0.6,0.605,1993212
07-28-2016,0.62,0.62,0.5911,0.615,1674530
07-29-2016,0.65,0.68,0.61,0.627,9989265
08-01-2016,0.597,0.655,0.5913,0.65,3727123
08-02-2016,0.5734,0.6,0.57,0.6,2269032
08-03-2016,0.6075,0.6093,0.56,0.56,1772723
08-04-2016,0.6084,0.6303,0.5901,0.6091,1534905
08-05-2016,0.6054,0.62,0.5945,0.61,1017235
08-08-2016,0.6001,0.6149,0.6,0.6028,800754
08-09-2016,0.582,0.61,0.5729,0.6,1031865
08-10-2016,0.566,0.599,0.556,0.5812,1800973
08-11-2016,0.575,0.5851,0.561,0.575,709451
08-12-2016,0.5711,0.58,0.565,0.58,705624
08-15-2016,0.5795,0.59,0.5711,0.5795,616232
08-16-2016,0.5811,0.5811,0.566,0.58,871474
08-17-2016,0.5705,0.58,0.5605,0.571,892667
08-18-2016,0.5709,0.5799,0.5626,0.57,530552
08-19-2016,0.5691,0.5725,0.5625,0.5625,788042
08-22-2016,0.591,0.5948,0.566,0.57,927794
08-23-2016,0.5852,0.625,0.58,0.6,1699097
08-24-2016,0.5704,0.5997,0.57,0.5839,1134086
08-25-2016,0.59,0.595,0.5713,0.5783,1158793
08-26-2016,0.6008,0.614,0.5805,0.588,1807166
08-29-2016,0.6013,0.615,0.5801,0.5818,1030000
08-30-2016,0.58,0.612,0.574,0.6,1247994
08-31-2016,0.5617,0.595,0.56,0.595,3507856
09-01-2016,0.5785,0.58,0.566,0.566,936883
09-02-2016,0.5702,0.587,0.566,0.579,889896
09-06-2016,0.578,0.5948,0.5662,0.5684,828436
09-07-2016,0.5775,0.6,0.5756,0.6,921913
09-08-2016,0.579,0.59,0.57,0.59,738871
09-09-2016,0.569,0.59,0.569,0.589,1246017
09-12-2016,0.5855,0.5859,0.57,0.57,1057055
09-13-2016,0.5669,0.589,0.5555,0.589,1372763
09-14-2016,0.5654,0.5847,0.56,0.56,823863
09-15-2016,0.5709,0.58,0.555,0.5605,499065
09-16-2016,0.581,0.589,0.557,0.589,1872745
09-19-2016,0.5753,0.5805,0.562,0.58,684496
09-20-2016,0.5919,0.6,0.57,0.57,1238463
09-21-2016,0.5857,0.6,0.57,0.6,871874
09-22-2016,0.5838,0.596,0.575,0.58,539480
09-23-2016,0.5706,0.5959,0.566,0.589,541201
09-26-2016,0.5611,0.5798,0.561,0.5744,623352
09-27-2016,0.5647,0.5699,0.558,0.563,1262902
09-28-2016,0.566,0.578,0.56,0.569,608860
09-29-2016,0.5584,0.578,0.558,0.57,805723
09-30-2016,0.5883,0.5883,0.5559,0.57,1092518
10-03-2016,0.5803,0.5873,0.57,0.5873,557208
10-04-2016,0.5654,0.58,0.565,0.58,422713
10-05-2016,0.5768,0.578,0.5618,0.5618,392480
10-06-2016,0.5669,0.579,0.56,0.579,520484
10-07-2016,0.5396,0.5748,0.5212,0.57,968441
10-10-2016,0.5429,0.572,0.5397,0.55,876930
10-11-2016,0.5231,0.5499,0.523,0.5427,822180
10-12-2016,0.4931,0.5249,0.477,0.5235,1579289
10-13-2016,0.4864,0.497,0.48,0.4901,845643
10-14-2016,0.4668,0.4863,0.4603,0.485,889571
10-17-2016,0.4765,0.5,0.4523,0.4689,948230
10-18-2016,0.5023,0.505,0.47,0.4746,738848
10-19-2016,0.5479,0.55,0.4849,0.505,2087206
10-20-2016,0.5277,0.5619,0.52,0.5619,471008
10-21-2016,0.5297,0.54,0.515,0.5158,483355
10-24-2016,0.5,0.5387,0.4966,0.5387,656466
10-25-2016,0.4862,0.495,0.48,0.49,518095
10-26-2016,0.502,0.52,0.4821,0.4853,588393
10-27-2016,0.4816,0.503,0.48,0.4915,749627
10-28-2016,0.4751,0.485,0.47,0.48,345525
10-31-2016,0.462,0.52,0.46,0.52,649907
11-01-2016,0.4351,0.47,0.415,0.47,1337851
11-02-2016,0.426,0.4495,0.4207,0.4321,572697
11-03-2016,0.41,0.4361,0.41,0.4155,548043
11-04-2016,0.4301,0.4399,0.4105,0.4307,242392
11-07-2016,0.4468,0.4649,0.4307,0.4368,357535
11-08-2016,0.4399,0.4499,0.4201,0.43,408570
11-09-2016,0.485,0.485,0.4281,0.43,1026794
11-10-2016,0.4749,0.5,0.4604,0.5,862424
11-11-2016,0.52,0.52,0.4634,0.5,2109057
11-14-2016,0.525,0.53,0.51,0.52,779959
11-15-2016,0.5199,0.53,0.51,0.53,405104
11-16-2016,0.5196,0.5398,0.51,0.5195,450800
11-17-2016,0.5513,0.565,0.49,0.5241,905233
11-18-2016,0.5796,0.585,0.54,0.56,1578700
11-21-2016,0.58,0.6,0.57,0.59,1040844
11-22-2016,0.5795,0.595,0.5601,0.5809,602889
11-23-2016,0.5634,0.58,0.545,0.57,543438
11-25-2016,0.5659,0.5846,0.56,0.56,367407
11-28-2016,0.558,0.584,0.547,0.5767,893995
11-29-2016,0.5699,0.74,0.5651,0.7058,13522651
11-30-2016,0.5009,0.575,0.4904,0.57,3058548
12-01-2016,0.4832,0.5272,0.476,0.52,1187746
12-02-2016,0.5159,0.53,0.48,0.498,1293453
12-05-2016,0.4996,0.5555,0.48,0.531,1727642
12-06-2016,0.5265,0.5297,0.485,0.5,1151706
12-07-2016,0.517,0.5288,0.495,0.495,736266
12-08-2016,0.5201,0.5248,0.5,0.5192,553842
12-09-2016,0.5267,0.529,0.51,0.5171,968423
12-12-2016,0.5054,0.55,0.5,0.55,868562
12-13-2016,0.42,0.458,0.4001,0.458,4693026
12-14-2016,0.4327,0.4467,0.4111,0.423,1323659
12-15-2016,0.428,0.4364,0.423,0.4364,974459
12-16-2016,0.4591,0.46,0.425,0.4331,1944742
12-19-2016,0.4271,0.459,0.4266,0.4578,1502345
12-20-2016,0.39,0.435,0.382,0.425,2405014
12-21-2016,0.3999,0.41,0.387,0.3958,2165597
12-22-2016,0.3891,0.401,0.368,0.401,2035353
12-23-2016,0.391,0.3969,0.379,0.385,1064707
12-27-2016,0.39,0.3987,0.38,0.38,1662639
12-28-2016,0.3761,0.398,0.361,0.39,1569802
12-29-2016,0.377,0.39,0.369,0.3701,1039536
12-30-2016,0.3722,0.389,0.371,0.38,1385855
01-03-2017,0.3861,0.3915,0.3751,0.38,924062
01-04-2017,0.4,0.4297,0.3915,0.406,3027168
01-05-2017,0.3951,0.4166,0.391,0.4166,1030115
01-06-2017,0.3999,0.4099,0.391,0.4,1036300
01-09-2017,0.4099,0.41,0.395,0.4,1221125
01-10-2017,0.4173,0.42,0.4051,0.4097,761614
01-11-2017,0.4292,0.44,0.4161,0.4161,1510564
01-12-2017,0.4605,0.488,0.424,0.4267,2951566
01-13-2017,0.48,0.49,0.455,0.46,1605762
01-17-2017,0.4501,0.51,0.44,0.5,2009046
01-18-2017,0.4305,0.4616,0.4298,0.45,1136825
01-19-2017,0.4211,0.445,0.4137,0.4411,1142934
01-20-2017,0.4202,0.441,0.41,0.41,919522
01-23-2017,0.42,0.43,0.4007,0.42,1151205
01-24-2017,0.412,0.4247,0.402,0.42,985339
01-25-2017,0.4154,0.4198,0.3985,0.4,971365
01-26-2017,0.415,0.44,0.4101,0.4198,636552
01-27-2017,0.413,0.4248,0.41,0.41,784412
01-30-2017,0.4145,0.4286,0.41,0.4198,429589
01-31-2017,0.4147,0.4354,0.41,0.41,1235734
02-01-2017,0.4191,0.4247,0.415,0.42,560326
02-02-2017,0.427,0.43,0.4156,0.42,897593
02-03-2017,0.428,0.44,0.421,0.425,1153281
02-06-2017,0.4281,0.44,0.4211,0.43,644097
02-07-2017,0.4205,0.4387,0.42,0.4387,427815
02-08-2017,0.4015,0.4205,0.4005,0.4205,948808
02-09-2017,0.4144,0.4185,0.4016,0.41,739153
02-10-2017,0.4146,0.427,0.4,0.417,1213720
02-13-2017,0.4285,0.4339,0.4203,0.43,1052611
02-14-2017,0.4089,0.4282,0.4035,0.42,985252
02-15-2017,0.416,0.42,0.402,0.41,1183972
02-16-2017,0.4188,0.4295,0.4111,0.42,538629
02-17-2017,0.4353,0.4379,0.41,0.42,2192397
02-21-2017,0.4599,0.476758,0.4354,0.437,2804825
02-22-2017,0.4508,0.4688,0.45,0.468,1315937
02-23-2017,0.4267,0.46,0.4251,0.454,1020341
02-24-2017,0.418,0.4297,0.412,0.42,704814
02-27-2017,0.428,0.435,0.42,0.42,1375013
02-28-2017,0.4306,0.4401,0.42,0.43,1546608
03-01-2017,0.4424,0.45,0.425,0.439,1365580
03-02-2017,0.4384,0.47,0.4347,0.47,1833351
03-03-2017,0.4326,0.4494,0.43,0.444,935348
03-06-2017,0.4215,0.45,0.415,0.431,1283888
03-07-2017,0.4154,0.439,0.415,0.439,565086
03-08-2017,0.4156,0.44,0.412,0.44,869648
03-09-2017,0.4065,0.43,0.403,0.41,1255359
03-10-2017,0.415,0.43,0.408,0.43,1225892
03-13-2017,0.4227,0.43,0.415,0.417,1247771
03-14-2017,0.413,0.4354,0.41,0.43,1162400
03-15-2017,0.4209,0.43,0.415,0.42,1756177
03-16-2017,0.42,0.4263,0.4105,0.4185,1308064
03-17-2017,0.4018,0.424,0.4018,0.411,1076076
03-20-2017,0.4225,0.426,0.41,0.41,835989
03-21-2017,0.4078,0.425,0.403,0.425,882906
03-22-2017,0.3955,0.42,0.3813,0.42,1031827
03-23-2017,0.4068,0.4099,0.3859,0.39,715119
03-24-2017,0.4052,0.4162,0.39,0.4162,656876
