03-28-2016,3.38,3.53,3.25,3.45,78818
03-29-2016,3.36,3.4,3.2,3.38,107203
03-30-2016,3.5,3.6699,3.37,3.41,124185
03-31-2016,3.64,3.72,3.55,3.55,138265
04-01-2016,3.61,3.719,3.52,3.719,64947
04-04-2016,3.67,3.83,3.55,3.63,117964
04-05-2016,3.68,3.8292,3.65,3.68,49310
04-06-2016,4.12,4.12,3.67,3.67,244664
04-07-2016,4.12,4.2227,4.02,4.19,86983
04-08-2016,4.32,4.46,3.82,4.08,202414
04-11-2016,4.27,4.45,4.22,4.37,87729
04-12-2016,4.14,4.38,4.07,4.23,72240
04-13-2016,4.24,4.3,4.1,4.16,52202
04-14-2016,4.23,4.397,4.13,4.26,32048
04-15-2016,4.32,4.35,4.23,4.25,68886
04-18-2016,4.33,4.36,4.23,4.36,65618
04-19-2016,4.29,4.38,4.23,4.38,57732
04-20-2016,4.15,4.31,4.06,4.25,80117
04-21-2016,4.1,4.25,3.94,4.12,182426
04-22-2016,4.24,4.28,4.12,4.12,37734
04-25-2016,4.06,4.27,4.03,4.21,29482
04-26-2016,4,4.12,3.85,4.12,86074
04-27-2016,3.97,4,3.81,3.99,52112
04-28-2016,3.91,4.14,3.9,3.9,165399
04-29-2016,3.66,3.8899,3.6501,3.86,50751
05-02-2016,3.64,3.65,3.5101,3.62,86557
05-03-2016,3.56,3.64,3.51,3.62,13251
05-04-2016,3.53,3.59,3.41,3.59,124079
05-05-2016,3.33,3.5299,3.31,3.51,68221
05-06-2016,3.17,3.406,3.17,3.29,71862
05-09-2016,3.28,3.34,3.14,3.17,62042
05-10-2016,3.53,3.85,3.28,3.28,168210
05-11-2016,3.53,3.63,3.12,3.44,143932
05-12-2016,3.31,3.6835,3.24,3.57,175240
05-13-2016,3.13,3.31,3.13,3.26,65463
05-16-2016,3.25,3.3,3.1043,3.15,70339
05-17-2016,3.26,3.28,3.2001,3.26,45748
05-18-2016,3.23,3.3,3.23,3.24,28246
05-19-2016,3.24,3.27,3.14,3.24,35455
05-20-2016,3.27,3.34,3.15,3.24,30327
05-23-2016,3.25,3.3094,3.21,3.25,30130
05-24-2016,3.24,3.29,3.18,3.29,54742
05-25-2016,3.36,3.38,3.22,3.24,28932
05-26-2016,3.37,3.42,3.37,3.41,30471
05-27-2016,3.46,3.5,3.377,3.39,14533
05-31-2016,3.34,3.6,3.28,3.45,67684
06-01-2016,3.43,3.5,3.2,3.31,49363
06-02-2016,3.59,3.72,3.5,3.5,48968
06-03-2016,3.57,3.66,3.51,3.58,17070
06-06-2016,3.75,3.8492,3.514,3.55,78924
06-07-2016,3.64,3.87,3.6,3.76,34443
06-08-2016,3.55,3.7099,3.52,3.617,30924
06-09-2016,3.4,3.57,3.335,3.57,48721
06-10-2016,3.27,3.45,3.25,3.45,41352
06-13-2016,3.48,3.51,3.26,3.26,47164
06-14-2016,3.48,3.6,3.4,3.46,46157
06-15-2016,4.01,4.2,3.47,3.56,233676
06-16-2016,3.92,4.0455,3.75,4.03,55508
06-17-2016,4.14,4.29,3.9,3.9,165315
06-20-2016,3.93,4.369,3.82,4.27,185072
06-21-2016,3.92,4.05,3.85,3.98,43624
06-22-2016,4.05,4.18,3.9,3.93,52095
06-23-2016,4,4.1499,3.88,4.07,28455
06-24-2016,3.82,3.972,3.68,3.85,61328
06-27-2016,3.88,3.92,3.55,3.8,80629
06-28-2016,4.32,4.34,4,4.1,124360
06-29-2016,4.32,4.42,4.24,4.42,119356
06-30-2016,4.19,4.41,4.11,4.3,57697
07-01-2016,4.36,4.4,4.08,4.18,52383
07-05-2016,4.3,4.395,4.21,4.36,49325
07-06-2016,4.09,4.31,4.08,4.31,26011
07-07-2016,4.03,4.2176,3.92,4.08,82652
07-08-2016,4.09,4.22,3.9701,4.02,58506
07-11-2016,4.03,4.21,4,4.09,40308
07-12-2016,4.02,4.1676,3.86,4.08,116508
07-13-2016,3.65,4.0101,3.55,4.01,82577
07-14-2016,3.73,3.82,3.6001,3.66,95475
07-15-2016,3.66,3.7518,3.6,3.75,32745
07-18-2016,3.7,4.0064,3.63,3.86,153882
07-19-2016,3.77,3.85,3.65,3.73,89360
07-20-2016,3.81,3.9499,3.77,3.77,68431
07-21-2016,3.77,3.96,3.75,3.86,44005
07-22-2016,3.7,3.9,3.7,3.8,49372
07-25-2016,3.76,3.8351,3.69,3.75,42314
07-26-2016,3.9,3.9999,3.69,3.81,60411
07-27-2016,4.07,4.16,3.9,3.9,104629
07-28-2016,4.01,4.3228,3.95,4.09,79080
07-29-2016,4.01,4.06,3.92,4.02,46850
08-01-2016,4.14,4.26,4.05,4.05,109351
08-02-2016,4.03,4.21,3.81,4.14,128788
08-03-2016,3.95,4.07,3.91,4.07,43624
08-04-2016,4.73,4.89,3.93,3.99,788629
08-05-2016,4.62,4.869,4.55,4.85,344374
08-08-2016,4.49,4.85,4.45,4.74,142169
08-09-2016,4.32,4.552,4.275,4.48,177281
08-10-2016,4.35,4.37,4.12,4.37,92287
08-11-2016,4.37,4.48,4.31,4.39,77259
08-12-2016,4.28,4.535,4.2249,4.38,136497
08-15-2016,3.79,4.329,3.6,4.32,335552
08-16-2016,3.84,3.8935,3.79,3.8,222717
08-17-2016,5.35,5.45,4.1,4.45,3205285
08-18-2016,2.15,2.32,1.95,2.28,12975472
08-19-2016,2.12,2.25,2.06,2.2,2180576
08-22-2016,2.02,2.1,2,2.1,1688232
08-23-2016,2.03,2.05,2.01,2.03,629781
08-24-2016,2.04,2.0534,2,2.04,963907
08-25-2016,2.03,2.04,2,2.04,593658
08-26-2016,2.07,2.09,1.97,2.03,630215
08-29-2016,2.03,2.06,2.01,2.06,249649
08-30-2016,1.98,2.0351,1.96,2.01,456178
08-31-2016,1.85,1.98,1.8159,1.98,568188
09-01-2016,1.71,1.84,1.7,1.8,1039503
09-02-2016,1.71,1.79,1.65,1.73,311912
09-06-2016,1.65,1.7,1.62,1.67,791047
09-07-2016,1.64,1.66,1.62,1.64,249610
09-08-2016,1.58,1.66,1.55,1.66,605999
09-09-2016,1.82,1.97,1.7,1.71,3528187
09-12-2016,1.68,1.92,1.65,1.92,951994
09-13-2016,1.69,1.78,1.66,1.76,366080
09-14-2016,1.64,1.75,1.61,1.74,310409
09-15-2016,1.65,1.68,1.6,1.65,190755
09-16-2016,1.67,1.6999,1.6,1.66,414454
09-19-2016,1.67,1.72,1.62,1.7,181473
09-20-2016,1.65,1.7,1.61,1.63,156954
09-21-2016,1.63,1.69,1.63,1.66,231672
09-22-2016,1.76,1.76,1.66,1.68,311737
09-23-2016,1.71,1.8,1.68,1.8,144774
09-26-2016,1.7,1.77,1.66,1.72,126582
09-27-2016,1.73,1.78,1.69,1.7,169759
09-28-2016,1.76,1.78,1.71,1.76,169079
09-29-2016,1.74,1.7899,1.71,1.75,88490
09-30-2016,1.73,1.76,1.71,1.74,66654
10-03-2016,1.75,1.7697,1.7,1.76,67287
10-04-2016,1.67,1.75,1.65,1.75,113592
10-05-2016,1.715,1.74,1.67,1.67,73861
10-06-2016,1.64,1.7291,1.62,1.72,125224
10-07-2016,1.64,1.69,1.6,1.65,81695
10-10-2016,1.62,1.64,1.6036,1.63,91813
10-11-2016,1.58,1.7,1.578,1.65,216418
10-12-2016,1.48,1.62,1.45,1.55,265213
10-13-2016,1.41,1.47,1.39,1.47,194716
10-14-2016,1.24,1.43,1.21,1.37,346131
10-17-2016,1.27,1.39,1.23,1.24,335846
10-18-2016,1.27,1.37,1.25,1.28,355941
10-19-2016,1.25,1.32,1.2493,1.28,348462
10-20-2016,1.28,1.32,1.25,1.26,121279
10-21-2016,1.32,1.3684,1.2845,1.29,317344
10-24-2016,1.22,1.35,1.21,1.32,358370
10-25-2016,1.25,1.26,1.216,1.24,127163
10-26-2016,1.14,1.26,1.13,1.25,235578
10-27-2016,1.07,1.18,1,1.15,270495
10-28-2016,1.06,1.1,1.01,1.07,218505
10-31-2016,1.03,1.1,0.98,1.03,245480
11-01-2016,1,1.08,1,1.03,161514
11-02-2016,1,1.07,0.97,1.02,188859
11-03-2016,0.8994,1,0.88,0.991,114486
11-04-2016,0.9,0.9408,0.88,0.89,175576
11-07-2016,0.9826,0.99,0.9,0.9,167866
11-08-2016,0.92,1.05,0.85,0.9855,262033
11-09-2016,0.97,1,0.84,0.85,152680
11-10-2016,1.04,1.06,0.9,1.04,332896
11-11-2016,1.12,1.14,0.98,1.07,341351
11-14-2016,1.196,1.21,1.14,1.15,303240
11-15-2016,1.22,1.25,1.13,1.22,239596
11-16-2016,1.22,1.24,1.18,1.23,136308
11-17-2016,1.22,1.22,1.18,1.21,89317
11-18-2016,1.21,1.22,1.21,1.22,66956
11-21-2016,1.2366,1.29,1.21,1.29,112449
11-22-2016,1.24,1.28,1.21,1.24,99845
11-23-2016,1.21,1.24,1.21,1.24,48784
11-25-2016,1.24,1.27,1.2101,1.27,11243
11-28-2016,1.23,1.25,1.22,1.25,58742
11-29-2016,1.23,1.24,1.21,1.23,135698
11-30-2016,1.2,1.23,1.2,1.23,67616
12-01-2016,1.2,1.212,1.18,1.2,48616
12-02-2016,1.16,1.2059,1.16,1.16,48845
12-05-2016,1.16,1.191,1.15,1.15,100752
12-06-2016,1.2022,1.2199,1.17,1.18,123965
12-07-2016,1.45,1.45,1.2,1.23,516771
12-08-2016,1.31,1.5,1.3,1.5,340409
12-09-2016,1.29,1.3,1.25,1.3,89188
12-12-2016,1.26,1.34,1.25,1.27,105160
12-13-2016,1.26,1.28,1.25,1.2601,123687
12-14-2016,1.22,1.28,1.22,1.26,115661
12-15-2016,1.26,1.26,1.19,1.191,37441
12-16-2016,1.23,1.32,1.21,1.27,56431
12-19-2016,1.25,1.31,1.22,1.22,63578
12-20-2016,1.22,1.28,1.2,1.25,55247
12-21-2016,1.2201,1.28,1.21,1.21,83352
12-22-2016,1.22,1.235,1.2,1.201,63330
12-23-2016,1.18,1.21,1.15,1.181,51316
12-27-2016,1.2,1.22,1.18,1.18,53178
12-28-2016,1.18,1.2105,1.13,1.2,117638
12-29-2016,1.11,1.19,1.1,1.17,122195
12-30-2016,1.07,1.12,1.02,1.1114,172159
01-03-2017,1.15,1.15,1.06,1.08,48219
01-04-2017,1.2,1.22,1.131,1.14,61658
01-05-2017,1.21,1.24,1.16,1.2,45740
01-06-2017,1.24,1.25,1.1901,1.23,51264
01-09-2017,1.2,1.24,1.17,1.23,84514
01-10-2017,1.16,1.24,1.16,1.18,69643
01-11-2017,1.17,1.2043,1.11,1.17,40741
01-12-2017,1.19,1.19,1.1102,1.19,59799
01-13-2017,1.15,1.1808,1.14,1.1617,37375
01-17-2017,1.11,1.18,1.11,1.15,72487
01-18-2017,1.06,1.1562,1.06,1.1,79409
01-19-2017,1.08,1.1299,1.06,1.07,103687
01-20-2017,1.06,1.11,1.06,1.07,46547
01-23-2017,1.15,1.19,1.06,1.07,138140
01-24-2017,1.1,1.16,1.0785,1.12,48936
01-25-2017,1.12,1.15,1.07,1.09,61506
01-26-2017,1.09,1.24,1.07,1.2,213972
01-27-2017,1.13,1.16,1.1,1.1,31811
01-30-2017,1.13,1.14,1.09,1.12,39157
01-31-2017,1.18,1.25,1.1001,1.12,67542
02-01-2017,1.16,1.21,1.15,1.19,47940
02-02-2017,1.17,1.2,1.16,1.16,33839
02-03-2017,1.19,1.21,1.17,1.19,67816
02-06-2017,1.27,1.39,1.21,1.21,205323
02-07-2017,1.2,1.32,1.17,1.27,254236
02-08-2017,1.26,1.27,1.19,1.25,77216
02-09-2017,1.21,1.28,1.1965,1.24,40796
02-10-2017,1.19,1.2309,1.18,1.2,47002
02-13-2017,1.17,1.24,1.15,1.21,70584
02-14-2017,1.15,1.21,1.14,1.16,72928
02-15-2017,0.934,0.9708,0.9101,0.95,2571739
02-16-2017,0.92,0.95,0.92,0.935,397217
02-17-2017,0.92,0.935,0.91,0.925,743320
02-21-2017,0.9202,0.94,0.911,0.9218,315036
02-22-2017,0.9201,0.9301,0.92,0.93,187253
02-23-2017,0.9201,0.9285,0.91,0.91,59114
02-24-2017,0.94,1.06,0.9136,1.04,4237609
02-27-2017,0.85,0.9195,0.8208,0.9195,1415073
02-28-2017,0.7949,0.87,0.79,0.87,593796
03-01-2017,0.7654,0.8162,0.74,0.795,752334
03-02-2017,0.7691,0.84,0.751,0.8,267550
03-03-2017,0.74,0.77,0.74,0.7596,389298
03-06-2017,0.6652,0.7399,0.6599,0.72,587991
03-07-2017,0.69,0.6939,0.6634,0.6939,286402
03-08-2017,0.6748,0.807,0.664,0.75,452608
03-09-2017,0.69,0.703,0.67,0.68,201263
03-10-2017,0.78,0.8493,0.6924,0.7189,2631852
03-13-2017,0.84,0.86,0.75,0.81,2274972
03-14-2017,0.889,0.95,0.805,0.93,3379455
03-15-2017,0.845,0.879,0.8201,0.87,1493888
03-16-2017,0.8736,0.9,0.8389,0.86,903014
03-17-2017,0.91,0.93,0.88,0.885,814590
03-20-2017,0.9341,0.9595,0.9031,0.92,1047229
03-21-2017,0.9,0.949,0.853,0.949,746344
03-22-2017,0.88,0.93,0.86,0.889,316941
03-23-2017,0.89,0.9,0.84,0.869,473108
03-24-2017,0.9,0.93,0.8713,0.8974,272619
