03-28-2016,3.76,4.065,3.75,4.04,3007490
03-29-2016,3.93,3.93,3.637,3.69,2650999
03-30-2016,3.9,4.12,3.87,3.97,2089672
03-31-2016,4,4.08,3.88,3.95,2928280
04-01-2016,4.05,4.08,3.9,3.95,1903500
04-04-2016,4.26,4.3401,4.11,4.19,5040702
04-05-2016,4.26,4.3,4.12,4.19,3134393
04-06-2016,4.46,4.47,4.21,4.23,3474176
04-07-2016,4.26,4.42,4.155,4.38,4382358
04-08-2016,4.25,4.345,4.15,4.33,2818263
04-11-2016,4.3,4.35,4.185,4.26,2677717
04-12-2016,4.34,4.4,4.255,4.33,5750075
04-13-2016,4.41,4.41,4.305,4.38,2584697
04-14-2016,4.39,4.48,4.36,4.42,1770355
04-15-2016,4.35,4.4199,4.2139,4.38,1629118
04-18-2016,4.4,4.43,4.26,4.32,1849413
04-19-2016,4.29,4.43,4.24,4.4,3036121
04-20-2016,4.29,4.36,4.23,4.29,2691924
04-21-2016,4.52,4.52,4.24,4.24,3314294
04-22-2016,4.41,4.58,4.25,4.52,3883085
04-25-2016,4.66,4.8,4.365,4.42,9350833
04-26-2016,4.68,5.18,4.655,5,16003316
04-27-2016,4.56,4.76,4.45,4.75,4506773
04-28-2016,4.54,4.7,4.41,4.5,2976036
04-29-2016,4.61,4.685,4.51,4.51,3518141
05-02-2016,4.82,4.82,4.55,4.63,4859387
05-03-2016,4.67,4.78,4.63,4.77,4805474
05-04-2016,4.33,4.685,4.32,4.65,4895866
05-05-2016,4.69,4.77,4.25,4.29,6247548
05-06-2016,4.79,4.88,4.65,4.66,4529623
05-09-2016,4.95,5.09,4.725,4.82,8599669
05-10-2016,5.04,5.1,4.95,5,4695772
05-11-2016,4.895,5.05,4.87,5.02,3503364
05-12-2016,5.19,5.26,4.95,5.02,6719793
05-13-2016,5.61,5.65,5.21,5.21,11439976
05-16-2016,5.49,5.62,5.33,5.58,6333843
05-17-2016,5.24,5.53,5.2,5.49,4603081
05-18-2016,5.35,5.44,5.14,5.24,4500480
05-19-2016,5.37,5.505,5.255,5.35,2593993
05-20-2016,5.56,5.58,5.36,5.39,3184277
05-23-2016,6,6.135,5.7,5.81,10174793
05-24-2016,6.15,6.19,6.025,6.1,5850020
05-25-2016,6.23,6.38,6.17,6.2,5001377
05-26-2016,6.3,6.38,6.16,6.23,5436948
05-27-2016,6.34,6.35,6.21,6.34,2953867
05-31-2016,6.49,6.63,6.37,6.4,5405931
06-01-2016,6.48,6.525,6.39,6.45,3616725
06-02-2016,6.76,6.8,6.46,6.47,5666721
06-03-2016,6.59,6.75,6.4,6.75,3884056
06-06-2016,7.33,7.34,6.76,6.79,16786992
06-07-2016,7.12,7.32,7.07,7.3,4056626
06-08-2016,7.26,7.3,6.92,7.1,4912209
06-09-2016,7.37,7.49,7.16,7.24,10245110
06-10-2016,7.38,7.44,7.15,7.25,5737269
06-13-2016,7.38,7.44,7.25,7.31,4987817
06-14-2016,7.33,7.45,7.2,7.33,6747024
06-15-2016,7.38,7.48,7.335,7.36,4196584
06-16-2016,7.55,7.57,7.27,7.32,4989473
06-17-2016,7.6,7.75,7.51,7.57,11624644
06-20-2016,7.66,7.745,7.61,7.65,4615215
06-21-2016,7.67,7.78,7.5,7.72,8726799
06-22-2016,7.74,7.86,7.64,7.67,6520913
06-23-2016,7.85,7.88,7.74,7.83,4315232
06-24-2016,7.69,7.86,7.2,7.33,11569801
06-27-2016,7.45,7.79,7.43,7.65,5809395
06-28-2016,7.78,7.815,7.52,7.52,6646521
06-29-2016,7.8,7.9,7.6338,7.9,6261065
06-30-2016,7.81,7.87,7.71,7.79,14507084
07-01-2016,8.17,8.19,7.81,7.85,21333325
07-05-2016,8.05,8.205,8.01,8.13,5272447
07-06-2016,8.14,8.15,7.93,8,5871358
07-07-2016,8.14,8.21,8.06,8.2,4363592
07-08-2016,8.15,8.205,7.95,8.14,7066149
07-11-2016,8.15,8.28,8.14,8.18,4115588
07-12-2016,8.135,8.27,8.13,8.2,3387880
07-13-2016,8.04,8.2,8,8.17,2713619
07-14-2016,8.22,8.26,7.97,8.11,6265979
07-15-2016,8.44,8.48,8.185,8.29,6089624
07-18-2016,8.42,8.47,8.33,8.36,3730045
07-19-2016,8.37,8.47,8.3,8.35,3699149
07-20-2016,8.53,8.55,8.31,8.36,2224759
07-21-2016,8.59,8.74,8.4701,8.56,3480498
07-22-2016,8.68,8.745,8.62,8.67,2952977
07-25-2016,8.71,8.76,8.61,8.68,2738437
07-26-2016,8.64,8.76,8.58,8.69,7302488
07-27-2016,8.76,8.88,8.66,8.66,4750578
07-28-2016,8.95,9,8.75,8.76,4344589
07-29-2016,9.18,9.205,8.91,8.96,8709455
08-01-2016,9.27,9.39,9.11,9.17,5901902
08-02-2016,9.15,9.34,9,9.31,5015326
08-03-2016,9.39,9.4,9,9.12,7463377
08-04-2016,11.07,11.66,10.02,10.03,22386776
08-05-2016,11.17,11.465,10.58,11.15,8781667
08-08-2016,10.93,11.2,10.84,11.14,5434080
08-09-2016,10.87,10.99,10.74,10.95,7035519
08-10-2016,10.37,10.93,10.28,10.87,7563759
08-11-2016,10.66,10.8,10.31,10.43,3461069
08-12-2016,10.66,10.715,10.54,10.62,2505582
08-15-2016,10.76,10.82,10.6,10.71,2634247
08-16-2016,10.53,10.77,10.53,10.72,2513113
08-17-2016,10.62,10.64,10.35,10.54,3036689
08-18-2016,10.97,11.12,10.61,10.65,5197102
08-19-2016,11,11.17,10.84,10.92,3457198
08-22-2016,11.44,11.45,10.88,10.95,7373640
08-23-2016,11.61,11.7,11.424,11.46,5241620
08-24-2016,10.87,11.74,10.81,11.64,8267164
08-25-2016,10.91,11.175,10.67,10.91,6177530
08-26-2016,10.96,11.07,10.705,10.94,4638672
08-29-2016,10.98,11.029,10.66,11.02,4162786
08-30-2016,11.04,11.1,10.899,10.96,3608800
08-31-2016,11.15,11.19,10.91,11.05,3600043
09-01-2016,11.35,11.37,11.05,11.13,3869528
09-02-2016,11.54,11.61,11.38,11.4,3519264
09-06-2016,12.08,12.22,11.6133,11.8,6612856
09-07-2016,11.92,12.15,11.771,11.86,3754800
09-08-2016,12.35,12.44,11.8,12.01,4244732
09-09-2016,11.98,12.29,11.98,12.19,4538672
09-12-2016,12.4,12.4,11.7,11.81,4566251
09-13-2016,12.31,12.48,12.16,12.33,4917110
09-14-2016,13.01,13.1885,12.62,12.63,7455830
09-15-2016,13.34,13.49,12.93,12.93,5685969
09-16-2016,13.55,13.665,13.1,13.3,8480231
09-19-2016,13.64,13.95,13.51,13.62,5585924
09-20-2016,14.16,14.2763,13.7,13.8,6108102
09-21-2016,14.74,14.95,14.17,14.72,11770654
09-22-2016,14.74,15,14.6,14.76,7541118
09-23-2016,14.89,14.97,14.71,14.74,5494102
09-26-2016,15.31,15.46,14.88,15,6770653
09-27-2016,15.48,15.48,15.22,15.33,5826697
09-28-2016,13.35,15.58,12.07,15.57,28075108
09-29-2016,12.28,13,11.711,12.98,17038918
09-30-2016,12.79,12.99,12.13,12.44,9288248
10-03-2016,12.72,12.99,12.43,12.99,5557432
10-04-2016,12.44,12.97,12.32,12.75,5272283
10-05-2016,13.12,13.17,12.21,12.37,6963262
10-06-2016,13.18,13.355,12.74,13.12,6323037
10-07-2016,12.95,13.3389,12.33,13.33,8107094
10-10-2016,12.61,13.64,11.28,13.02,18776250
10-11-2016,12.69,12.94,12.13,12.94,8370244
10-12-2016,11.93,12.77,11.835,12.54,7430107
10-13-2016,11.91,12.085,11.39,11.45,5581502
10-14-2016,11.32,12.0809,11.31,11.97,6418212
10-17-2016,11.51,11.805,11.21,11.28,6556174
10-18-2016,11.67,11.95,11.57,11.74,3246254
10-19-2016,11.52,11.78,11.472,11.7,2775286
10-20-2016,11.74,11.74,11.368,11.51,3538956
10-21-2016,11.56,11.76,11.45,11.6,3693623
10-24-2016,11.29,11.65,11.27,11.56,4172510
10-25-2016,11.3,11.5,11.07,11.24,3227205
10-26-2016,11.18,11.63,11.06,11.19,3002675
10-27-2016,10.92,11.4,10.83,11.29,3908551
10-28-2016,10.88,11.32,10.62,10.85,3653955
10-31-2016,10.59,10.88,10.53,10.86,3314981
11-01-2016,10.98,11.13,10.41,10.57,4650286
11-02-2016,10.81,10.98,10.38,10.93,5832474
11-03-2016,10.2,11.07,10.04,11.04,7861955
11-04-2016,11.91,11.91,10.65,10.9,11367362
11-07-2016,12.36,12.4,12.04,12.4,8081608
11-08-2016,12.47,12.72,12.08,12.28,5721797
11-09-2016,15.02,15.11,13.09,13.15,15347638
11-10-2016,15.74,15.78,14.86,15.23,11528452
11-11-2016,16.4,16.59,15.32,15.55,9295244
11-14-2016,16.76,17,16.01,16.4,7901306
11-15-2016,16.55,16.92,16.335,16.76,8749992
11-16-2016,16.625,16.92,15.9,16.25,6308126
11-17-2016,16.75,16.92,15.46,16.51,6143892
11-18-2016,16.96,16.975,16.53,16.75,6566312
11-21-2016,17.17,17.29,16.82,16.9,5121547
11-22-2016,16.25,17.39,15.97,17.24,9039377
11-23-2016,16.49,16.78,15.57,15.97,4963211
11-25-2016,17,17.175,16.4401,16.5,2528292
11-28-2016,16.49,17.09,16.45,16.96,4391261
11-29-2016,16.99,17.35,16.37,16.53,6761732
11-30-2016,16.92,17.13,16.73,17.01,6130226
12-01-2016,16.52,17.0446,16.37,17,4680447
12-02-2016,17.37,17.74,16.42,16.52,6884261
12-05-2016,17.83,18,17.43,17.63,5734982
12-06-2016,18.25,18.29,17.78,18.12,6637837
12-07-2016,16.61,18.23,16.425,18.23,10053154
12-08-2016,16.91,17.03,16.2,16.8,4577112
12-09-2016,16.84,17.25,16.73,17,4836380
12-12-2016,16.44,16.7556,16.1501,16.74,4085693
12-13-2016,16.16,16.72,16.12,16.58,4101654
12-14-2016,16.32,16.54,16.101,16.17,4557068
12-15-2016,16.73,16.835,16.11,16.26,5039900
12-16-2016,16.79,17.22,16.64,16.81,10917705
12-19-2016,16.29,16.79,16.22,16.78,3336480
12-20-2016,16.56,16.73,16.27,16.44,4797718
12-21-2016,16.32,16.77,16.28,16.77,2640643
12-22-2016,14.94,16.43,14.63,16.32,11252842
12-23-2016,15.41,15.41,14.87,14.93,4267894
12-27-2016,15.7,15.8,15.3213,15.44,3049568
12-28-2016,15.22,15.7299,15.19,15.7,2843183
12-29-2016,14.88,15.33,14.84,15.25,3001886
12-30-2016,14.91,15.15,14.8325,14.94,3494813
01-03-2017,14.73,15.33,14.22,15.14,4964997
01-04-2017,15.3,15.405,14.51,14.78,4618775
01-05-2017,14.99,15.34,14.9,15.25,3511408
01-06-2017,15.32,15.39,14.94,15.05,5371417
01-09-2017,17.58,17.7,15.6,16.02,11504333
01-10-2017,18.91,18.92,17.39,17.5,9331902
01-11-2017,18.23,19.2,17.47,18.91,10761522
01-12-2017,18.82,19.06,17.8,18.19,5074994
01-13-2017,18.51,19.3,18.43,18.8,5340529
01-17-2017,17.79,18.44,17.76,18.33,4365212
01-18-2017,18.02,18.225,17.79,17.82,3318977
01-19-2017,17.9,18.06,17.65,17.92,2473263
01-20-2017,17.92,18.03,17.64,17.92,3070157
01-23-2017,18.29,18.63,17.8648,17.92,4206732
01-24-2017,18.53,18.55,17.86,18.27,4161502
01-25-2017,18.43,18.63,18.15,18.6,3792385
01-26-2017,18.5,18.84,18.25,18.43,3484376
01-27-2017,18.57,18.7573,18.31,18.48,2992139
01-30-2017,18.28,18.54,17.75,18.54,5045133
01-31-2017,18.12,18.135,16.72,17.65,9884821
02-01-2017,18.82,18.9385,18.14,18.23,5830779
02-02-2017,18.69,18.91,18.44,18.75,4092825
02-03-2017,20.26,20.75,18.74,18.79,9783762
02-06-2017,20.03,20.43,19.37,20.16,5682066
02-07-2017,20.57,20.91,19.91,20.14,6699769
02-08-2017,21.61,22.02,19.98,20.47,10401619
02-09-2017,22.5,22.65,21.45,21.57,8094316
02-10-2017,22.08,23.02,21.95,22.89,6804790
02-13-2017,21.3,22.49,21.26,22.21,4427885
02-14-2017,22.02,22.13,21.15,21.35,4797758
02-15-2017,22.1,22.13,21.58,22,5045461
02-16-2017,22.65,22.95,22.068,22.1,5604994
02-17-2017,23.12,23.29,22.4,22.48,5007928
02-21-2017,23.11,23.49,22.94,23.28,3934172
02-22-2017,22.62,23.23,22.525,23.1,3509783
02-23-2017,21.74,22.75,21.47,22.72,5855190
02-24-2017,21.69,22.03,21.31,21.71,4524223
02-27-2017,23.09,23.4,21.82,21.82,8243152
02-28-2017,21.53,22.53,21.25,21.7,9236692
03-01-2017,21.93,22.63,21.74,21.77,6661364
03-02-2017,21.99,22.8,21.75,21.86,5957290
03-03-2017,23.08,23.235,21.95,21.95,5753235
03-06-2017,22.73,23.28,22.265,23.28,6330638
03-07-2017,22.24,22.73,22.19,22.4,3595578
03-08-2017,21.825,22.91,21.69,22.33,4890441
03-09-2017,22,22.36,21.6,21.6,3698973
03-10-2017,21.64,22.19,21.2238,21.98,5323558
03-13-2017,21.85,21.89,21.09,21.63,4394716
03-14-2017,21.74,22,21.33,21.77,3352765
03-15-2017,22.8,22.96,21.59,21.8,5371216
03-16-2017,21.87,22.75,21.76,22.56,4371187
03-17-2017,22.03,22.35,21.5211,21.53,5284784
03-20-2017,22.04,22.18,21.53,21.93,3166842
03-21-2017,20.44,22.16,20.43,22.03,5097834
03-22-2017,20.48,20.85,20.02,20.55,4701329
03-23-2017,20.31,20.85,20.29,20.55,2923268
03-24-2017,20.91,21.08,20.31,20.32,3344198
