03-28-2016,8.55,8.92,8.17,8.87,271134
03-29-2016,9.01,9.1,8.155,8.49,153100
03-30-2016,9,9.56,8.66,9.09,143372
03-31-2016,9.2,9.47,8.91,9,115315
04-01-2016,9.42,9.49,8.93,9.12,68953
04-04-2016,10.95,11.21,9.58,9.65,581818
04-05-2016,11,11.55,10.51,10.98,383710
04-06-2016,12.3,12.9,11.01,11.01,397103
04-07-2016,12.24,12.78,11.73,12.19,374583
04-08-2016,11.76,12.45,11.51,12.45,146807
04-11-2016,11.79,12.2,11.63,11.87,276393
04-12-2016,11.86,12.03,11.49,11.78,201943
04-13-2016,12.31,12.4,11.87,11.99,210476
04-14-2016,12.65,12.75,12.12,12.35,93484
04-15-2016,12.85,12.97,12.49,12.56,127739
04-18-2016,13.39,13.48,12.64,12.8,191818
04-19-2016,12.56,13.36,12.5,13.36,144945
04-20-2016,12.41,12.86,12.365,12.6,106777
04-21-2016,13.12,13.64,12.3,12.4,161114
04-22-2016,12.76,13.24,12.68,13.14,109969
04-25-2016,12.58,12.82,12.48,12.82,126137
04-26-2016,12.15,12.67,11.8309,12.6,120878
04-27-2016,10.61,12.189,10.54,12.11,316262
04-28-2016,10.76,11.19,10.27,10.6,88621
04-29-2016,10.4,10.9199,10.18,10.82,113011
05-02-2016,10.63,10.7599,10.01,10.42,136188
05-03-2016,11.28,11.39,10.4,10.83,234669
05-04-2016,10.19,11.35,10.025,11.27,170283
05-05-2016,10.11,10.7399,9.734,10.05,142467
05-06-2016,9.75,10.3,9.64,9.99,128851
05-09-2016,10.18,10.35,9.73,9.82,70483
05-10-2016,10.04,10.29,9.67,10.29,74585
05-11-2016,9.42,10.12,9.38,10.08,119278
05-12-2016,8.59,9.66,8.52,9.47,277916
05-13-2016,8.75,9.27,8.16,9.27,226271
05-16-2016,9.67,9.78,8.765,8.83,247573
05-17-2016,9.6,10.029,9.47,9.65,158915
05-18-2016,10.24,10.9099,9.91,9.93,176138
05-19-2016,9.68,10.64,9.45,10.23,147143
05-20-2016,10.49,10.7,9.6,9.79,128614
05-23-2016,10.6,10.98,10.24,10.49,105417
05-24-2016,11.54,11.68,10.6,10.75,166218
05-25-2016,11.45,12.3,11.41,11.61,358257
05-26-2016,17.23,17.35,12.66,12.66,2327005
05-27-2016,15.53,16.88,14.67,16.86,1046628
05-31-2016,17.44,17.8699,15.39,15.66,827956
06-01-2016,16.83,17.313,16.04,17.01,576781
06-02-2016,17.05,17.24,16.48,16.93,413320
06-03-2016,16.12,16.99,15.8,16.99,377291
06-06-2016,16.73,17.15,15.85,16.07,341557
06-07-2016,16.09,16.7742,16.08,16.61,211250
06-08-2016,14.1,14.92,13.89,14.51,3588488
06-09-2016,14.03,14.39,14.02,14.08,539157
06-10-2016,13.83,14.2,13.8,14.01,490667
06-13-2016,13.89,14.345,13.75,14.1,359628
06-14-2016,13.75,14.13,13.13,13.86,682861
06-15-2016,13.72,14,13.64,13.84,189818
06-16-2016,13.91,13.99,13.1,13.53,287334
06-17-2016,13.28,14.05,13.25,14,300394
06-20-2016,14.02,14.35,13.28,13.65,349819
06-21-2016,13.77,14.175,13.4,14.1,294562
06-22-2016,13.82,14.35,13.49,13.57,318688
06-23-2016,14.84,15,13.99,14.08,479585
06-24-2016,13.93,14.84,13.84,14.3,1049290
06-27-2016,13.48,13.955,13.2,13.82,464056
06-28-2016,15.08,15.57,13.75,13.86,455313
06-29-2016,14.88,15.81,14.52,15.53,519876
06-30-2016,14.965,15.19,14.5,14.92,400379
07-01-2016,15.4,15.4706,14.78,14.99,519167
07-05-2016,15.55,15.75,15.05,15.24,452870
07-06-2016,16.24,17.0299,15.5,15.55,470968
07-07-2016,15.79,16.43,15.3,16.21,370469
07-08-2016,16.25,16.31,15.47,15.77,234119
07-11-2016,15.86,16.6,15.85,16.36,125297
07-12-2016,16.41,16.65,15.8,15.91,223434
07-13-2016,15.63,16.72,15.56,16.72,292899
07-14-2016,15.12,15.81,15,15.8,159479
07-15-2016,15.61,15.7454,15.09,15.2,138252
07-18-2016,15.9,15.951,15.36,15.59,165936
07-19-2016,15.34,16.1,15.1,15.89,136845
07-20-2016,15.9,16.02,15.22,15.4,187654
07-21-2016,16.58,17.24,16.24,16.43,436899
07-22-2016,16.85,17.079,16.49,16.58,400757
07-25-2016,16.61,17.14,16.15,16.93,305249
07-26-2016,16.57,16.839,16.25,16.51,183855
07-27-2016,17.09,17.09,16.51,16.71,279886
07-28-2016,16.62,17.18,15.69,17.06,451918
07-29-2016,16.56,16.625,16.175,16.5,776878
08-01-2016,16.51,16.91,16.08,16.64,295743
08-02-2016,16.34,16.67,15.97,16.33,134959
08-03-2016,16.74,16.75,16.14,16.19,159542
08-04-2016,17.25,19.05,16.89,16.9,636188
08-05-2016,17.55,17.67,16.97,17.26,265693
08-08-2016,17.75,18.1447,17.56,17.65,229929
08-09-2016,17.97,18.03,17.481,17.83,269894
08-10-2016,16.87,18.0853,16.81,17.97,292786
08-11-2016,17.16,17.25,16.87,16.98,291156
08-12-2016,17.5,17.54,17.15,17.18,208728
08-15-2016,17.85,18.17,17.42,17.56,239562
08-16-2016,17.73,18.26,17.68,17.8,164136
08-17-2016,17.81,17.83,17.2,17.71,191067
08-18-2016,17.74,18.17,17.5601,17.77,150896
08-19-2016,17.8,18.08,17.6,17.69,83437
08-22-2016,18,18.375,17.74,17.92,157768
08-23-2016,17.86,18.17,17.52,18.11,144329
08-24-2016,16.75,18.21,16.62,17.86,408509
08-25-2016,16.69,17.17,16.25,16.83,333959
08-26-2016,16.97,17.05,16.59,16.67,186063
08-29-2016,16.84,17.05,16.6,17.05,146578
08-30-2016,16.92,17.0156,16.75,16.82,192843
08-31-2016,16.68,16.93,16.46,16.93,207733
09-01-2016,16.91,16.97,16.5,16.67,222171
09-02-2016,16.83,17.02,16.65,16.94,94600
09-06-2016,17.06,17.33,16.82,16.98,218234
09-07-2016,17,17.16,16.7,17.02,208599
09-08-2016,16.95,17.12,16.73,17,215905
09-09-2016,15.82,16.94,15.78,16.65,321212
09-12-2016,16.35,16.46,15.72,15.72,248144
09-13-2016,15.87,16.45,15.44,16.19,224405
09-14-2016,16.07,16.6,15.88,16,213956
09-15-2016,16.1,16.336,15.75,16.07,203395
09-16-2016,17.29,17.45,15.881,16.1,471649
09-19-2016,16.76,17.59,16.6,17.31,232578
09-20-2016,17.03,17.31,16.78,16.97,99799
09-21-2016,17.36,17.55,16.61,17.08,187732
09-22-2016,17.78,17.81,17.2701,17.52,312282
09-23-2016,18.02,18.25,17.61,17.76,231340
09-26-2016,17.49,18,17.48,17.8,127685
09-27-2016,18.77,18.8,17.305,17.49,333064
09-28-2016,19.38,19.53,18.77,18.89,323236
09-29-2016,19.01,19.63,18.93,19.37,363128
09-30-2016,19.54,19.62,18.61,19.16,243129
10-03-2016,19.57,19.62,19.07,19.43,140124
10-04-2016,19.72,19.99,19.481,19.68,178725
10-05-2016,20.98,21.19,19.62,19.72,280973
10-06-2016,20.43,20.91,20.23,20.69,241181
10-07-2016,19.99,20.57,19.55,20.43,189344
10-10-2016,20.45,20.6,20.12,20.16,383350
10-11-2016,18.96,20.18,18.62,20.11,228506
10-12-2016,18.88,19.24,18.66,18.94,244585
10-13-2016,18.57,18.969,18.46,18.46,181017
10-14-2016,18.66,19.06,18.07,18.73,304698
10-17-2016,19.31,19.49,18.4,18.62,254822
10-18-2016,20.5,20.58,19.32,19.65,425567
10-19-2016,20.07,20.53,19.7,20.53,181269
10-20-2016,20.5,20.555,19.96,20.09,267415
10-21-2016,20.53,20.93,19.72,20.4,376998
10-24-2016,19.84,20.84,19.81,20.84,164842
10-25-2016,19.8,20.15,19.74,19.86,100606
10-26-2016,19.58,20.06,19.36,19.8,85983
10-27-2016,19.19,19.95,19.18,19.75,86944
10-28-2016,19.04,19.44,18.7599,19.19,170944
10-31-2016,19.1,19.15,18.562,19.13,222243
11-01-2016,19.53,20.648,19.13,19.77,266947
11-02-2016,18.53,20.5,18.52,20.5,178099
11-03-2016,16.93,18.8,16.79,18.5,272743
11-04-2016,17.4,17.8399,16.75,16.76,173754
11-07-2016,18.24,18.48,17.73,17.92,217142
11-08-2016,17.96,18.43,15.93,18,725824
11-09-2016,19.915,20.75,18.75,18.75,488482
11-10-2016,21.65,22,19.88,20.2,520257
11-11-2016,21.63,23.57,21.28,21.9,513906
11-14-2016,20.97,22.302,20.55,21.83,335232
11-15-2016,20.29,21.72,20.28,21,232671
11-16-2016,18.1,18.55,18,18.37,3041893
11-17-2016,18.05,18.3699,17.9,18,880631
11-18-2016,18.21,18.59,17.995,18.14,662032
11-21-2016,17.92,18.3,17.67,18.29,423896
11-22-2016,18.01,18.27,17.6144,17.93,360037
11-23-2016,18.52,18.8867,17.78,17.9,569635
11-25-2016,18.33,18.655,18.11,18.56,235275
11-28-2016,17.63,18.4499,17.41,18.34,336038
11-29-2016,17.38,17.84,17.3,17.6,299667
11-30-2016,16.5,17.5886,16.32,17.46,723671
12-01-2016,16.56,16.795,15.96,16.56,383365
12-02-2016,17.52,17.63,16.17,16.53,467946
12-05-2016,18.31,18.35,17.47,17.7,394280
12-06-2016,18.88,19.04,18.0698,18.37,396550
12-07-2016,19.02,19.04,17.78,18.58,506749
12-08-2016,19.49,19.605,18.3809,18.99,386678
12-09-2016,19.55,20.25,19.02,19.62,417293
12-12-2016,18.75,19.93,18.56,19.55,395282
12-13-2016,18.63,19.2351,18.17,18.97,451779
12-14-2016,19.05,19.195,18.5,18.8,299631
12-15-2016,19.53,19.55,18.461,19.24,432606
12-16-2016,19.42,20.24,19.17,19.61,907600
12-19-2016,19.15,19.694,19.08,19.32,224589
12-20-2016,18.56,19.37,18.47,19.29,315102
12-21-2016,18.18,18.78,18.15,18.5,268416
12-22-2016,18.57,19.66,18.23,19.18,621857
12-23-2016,20.71,20.94,18.6,18.65,635195
12-27-2016,20.73,21.1599,20.23,20.8,334199
12-28-2016,19.92,20.99,19.87,20.79,153831
12-29-2016,19.05,20.33,18.77,19.94,439977
12-30-2016,19.02,19.51,18.655,19.19,187461
01-03-2017,18.92,19.36,18.64,19.35,177788
01-04-2017,19.38,19.82,19,19,351371
01-05-2017,19.11,19.885,19,19.5,210621
01-06-2017,19.61,19.77,19.26,19.4,405253
01-09-2017,19.77,20.0999,19.34,19.8,312169
01-10-2017,20,20.1184,19.29,19.85,267491
01-11-2017,19.02,20,18.6901,20,275367
01-12-2017,19.07,19.16,18.02,18.84,217280
01-13-2017,19.19,19.48,19,19.04,203988
01-17-2017,18.56,19.02,18.35,19.02,213383
01-18-2017,18.98,19.115,18.1,18.7,336371
01-19-2017,18.5,19.0448,18.3,18.97,119097
01-20-2017,18.44,18.8141,18.16,18.53,127483
01-23-2017,18.89,18.98,17.91,18.36,233274
01-24-2017,18.74,19.02,18.2,18.88,174778
01-25-2017,18.96,19.16,18.67,18.95,133067
01-26-2017,18.71,19.05,18.53,18.98,111469
01-27-2017,19.21,19.26,18.5,18.69,183623
01-30-2017,18.71,19.1,18.5,19.05,126550
01-31-2017,19.4,19.48,18.31,18.55,169215
02-01-2017,19.44,19.7,19.27,19.44,172933
02-02-2017,19.43,19.52,19,19.36,174624
02-03-2017,20.01,20.05,19.3,19.79,158157
02-06-2017,19.73,20.11,19.64,19.95,127752
02-07-2017,19.04,20.4,18.845,19.87,504569
02-08-2017,18.34,19.1963,18.18,19.13,353064
02-09-2017,18.66,18.78,18.19,18.31,160516
02-10-2017,18.48,19.069,18.28,18.74,111225
02-13-2017,18.38,18.74,18.14,18.65,173702
02-14-2017,18.79,18.86,18.1,18.3,176697
02-15-2017,19.41,19.46,18.56,18.59,261250
02-16-2017,19.28,19.74,18.85,19.46,237670
02-17-2017,19.23,19.7,19.04,19.32,306568
02-21-2017,19.66,19.71,19.2,19.48,297069
02-22-2017,19.34,19.81,19.25,19.56,185696
02-23-2017,18.94,19.32,18.7401,19.32,172970
02-24-2017,19.27,19.57,18.88,18.92,203643
02-27-2017,20.61,20.7203,19.15,19.17,374450
02-28-2017,20.05,20.53,19.387,20.53,335692
03-01-2017,20.45,21.14,20.05,20.29,316367
03-02-2017,20.88,21.26,20.27,20.38,319690
03-03-2017,21.22,21.5,20.77,20.77,239098
03-06-2017,20.75,21.17,20.51,21.1,261235
03-07-2017,20.82,21.11,20.25,20.75,223145
03-08-2017,20.7,21.26,20.59,20.79,160546
03-09-2017,20.63,21.05,20.4001,20.56,171494
03-10-2017,20.73,20.82,20,20,341947
03-13-2017,20.71,20.99,20.26,20.84,279219
03-14-2017,19.84,20.67,19.25,20.67,390473
03-15-2017,20.05,20.37,19.61,19.89,236009
03-16-2017,20.27,20.32,19.77,20.1,135026
03-17-2017,20.26,21.05,19.9,20.21,1265209
03-20-2017,20.8,20.83,19.9201,20.21,147961
03-21-2017,19.54,21.13,19.5,20.75,313569
03-22-2017,19.68,19.7299,19,19.53,232030
03-23-2017,26.25,28.2,19.59,19.69,9203715
03-24-2017,27.27,27.5,25.38,26.35,1532722
