03-28-2016,5.95,6.09,5.73,6.01,49564
03-29-2016,6.54,6.64,5.87,5.93,86832
03-30-2016,6.56,6.79,6.47,6.6,55017
03-31-2016,6.52,6.7499,6.48,6.63,91489
04-01-2016,6.79,6.8,6.45,6.48,48467
04-04-2016,7.22,7.27,6.85,6.85,66305
04-05-2016,7.18,7.32,7.11,7.2,49047
04-06-2016,7.49,7.67,7.16,7.19,109900
04-07-2016,7.32,7.6,7.31,7.43,57158
04-08-2016,6.86,7.41,6.81,7.41,57157
04-11-2016,6.46,6.95,6.43,6.91,55086
04-12-2016,6.36,6.56,6.28,6.42,34013
04-13-2016,6.65,6.71,6.29,6.4,58413
04-14-2016,6.84,7.02,6.53,6.73,57180
04-15-2016,6.9,7.01,6.72,6.79,33354
04-18-2016,6.94,7.07,6.84,6.91,52400
04-19-2016,6.91,7.07,6.7001,6.99,30715
04-20-2016,7.03,7.11,6.9,6.91,52788
04-21-2016,7.07,7.24,6.96,6.97,58223
04-22-2016,7.17,7.32,6.95,7.06,36613
04-25-2016,6.91,7.22,6.85,7.22,50314
04-26-2016,6.79,6.96,6.61,6.86,51955
04-27-2016,6.67,6.925,6.59,6.78,37929
04-28-2016,6.58,6.9,6.54,6.68,51511
04-29-2016,6.31,6.6,6.2,6.6,54061
05-02-2016,6.39,6.42,6.01,6.38,64093
05-03-2016,6.75,7.07,6.36,6.36,174159
05-04-2016,6.49,6.91,6.45,6.68,86316
05-05-2016,6.3,6.63,6.23,6.52,43912
05-06-2016,6.03,6.38,6,6.28,46135
05-09-2016,6.41,6.5,6.08,6.08,57616
05-10-2016,6.6,7.14,6.41,6.49,253502
05-11-2016,6.13,6.77,6.13,6.77,50075
05-12-2016,5.92,6.18,5.75,6.18,75427
05-13-2016,5.96,6.05,5.85,5.97,36236
05-16-2016,6.84,6.9,5.98,6.03,216669
05-17-2016,6.41,6.84,6.3,6.81,116450
05-18-2016,6.51,6.5999,6.26,6.35,72860
05-19-2016,6.4,6.58,6.27,6.53,48736
05-20-2016,6.8,6.84,6.4,6.4,96821
05-23-2016,6.84,6.98,6.76,6.81,170408
05-24-2016,6.93,6.98,6.84,6.89,115234
05-25-2016,6.99,7.12,6.8402,6.99,77911
05-26-2016,7,7.08,6.8,7,66824
05-27-2016,7.15,7.17,6.79,7.02,48876
05-31-2016,7.29,7.38,7.04,7.2,88233
06-01-2016,7.21,7.3,7.09,7.21,64585
06-02-2016,7.25,7.325,7.1,7.14,90774
06-03-2016,7.22,7.29,7.07,7.26,65907
06-06-2016,7.17,7.36,7.02,7.27,92177
06-07-2016,7.11,7.415,7,7.13,89880
06-08-2016,7.09,7.19,7,7.15,138202
06-09-2016,6.9,7.11,6.83,7.05,117677
06-10-2016,6.66,6.87,6.62,6.87,115562
06-13-2016,6.2,6.8,6.17,6.63,498066
06-14-2016,6.15,6.57,6.01,6.14,228740
06-15-2016,6.01,6.455,5.97,6.21,170142
06-16-2016,6.01,6.11,5.96,5.96,189843
06-17-2016,5.97,6.26,5.95,6,303918
06-20-2016,5.98,6.13,5.97,6.12,178281
06-21-2016,6.05,6.27,5.7,6,376405
06-22-2016,6.2,6.39,5.995,6.07,258309
06-23-2016,6.14,6.39,6.13,6.3,178503
06-24-2016,6.07,6.11,5.75,6,2398227
06-27-2016,6,6.25,5.9,6.02,295871
06-28-2016,5.96,6.27,5.88,6.11,434568
06-29-2016,6.4,6.47,5.98,6.05,135619
06-30-2016,6.35,6.49,6.22,6.42,93252
07-01-2016,6.6,6.65,6.32,6.32,174519
07-05-2016,6.55,6.82,6.4601,6.63,145636
07-06-2016,6.5,6.79,6.22,6.5,100648
07-07-2016,6.4,6.53,6.16,6.5,116291
07-08-2016,6.59,6.67,6.26,6.43,71612
07-11-2016,6.73,6.94,6.4,6.59,330656
07-12-2016,6.59,6.9,6.54,6.84,127318
07-13-2016,6.32,6.818,6.29,6.62,155033
07-14-2016,6.77,6.84,6.35,6.4,536769
07-15-2016,6.87,6.9,6.74,6.8,81870
07-18-2016,7.08,7.13,6.74,6.9,113398
07-19-2016,6.95,7.1,6.835,7.08,122625
07-20-2016,7.03,7.1999,6.85,6.99,70161
07-21-2016,7.1,7.39,6.69,7.06,129386
07-22-2016,7.1,7.15,6.96,7.12,63407
07-25-2016,7.2,7.22,6.97,7.09,185444
07-26-2016,7.24,7.31,7,7.14,202125
07-27-2016,7.42,7.47,7.05,7.27,161072
07-28-2016,8.17,8.21,7.35,7.43,368317
07-29-2016,8.52,8.79,8.02,8.06,446771
08-01-2016,8.01,8.676,7.92,8.51,268597
08-02-2016,7.88,8.11,7.78,7.96,104819
08-03-2016,8.24,8.29,7.76,7.86,103091
08-04-2016,8.14,8.59,8.106,8.32,140522
08-05-2016,8.2,8.31,8.01,8.17,99568
08-08-2016,7.89,8.25,7.87,8.25,67111
08-09-2016,8.14,8.24,7.701,7.83,86802
08-10-2016,8.16,8.38,7.56,7.61,159101
08-11-2016,8.44,8.6,8.03,8.2,172212
08-12-2016,8.55,8.55,8.33,8.39,121876
08-15-2016,8.66,8.7599,8.41,8.62,262110
08-16-2016,8.6,8.72,8.42,8.67,74850
08-17-2016,8.66,8.73,8.33,8.56,70881
08-18-2016,8.73,8.78,8.62,8.69,54383
08-19-2016,8.7,8.73,8.59,8.7,48874
08-22-2016,8.8,8.92,8.57,8.73,73982
08-23-2016,8.8,8.861,8.68,8.77,48768
08-24-2016,8.4,8.96,8.27,8.81,92810
08-25-2016,8.43,8.58,8.16,8.32,56437
08-26-2016,8.64,8.64,8.13,8.32,63874
08-29-2016,8.71,8.74,8.15,8.68,80019
08-30-2016,8.65,8.82,8.5001,8.66,32450
08-31-2016,8.3,8.69,8.3,8.63,63009
09-01-2016,8.67,8.69,8.05,8.26,46835
09-02-2016,8.73,8.82,8.64,8.74,38876
09-06-2016,8.72,9.02,8.64,8.75,65636
09-07-2016,8.57,8.89,8.5,8.75,77375
09-08-2016,8.75,8.85,8.58,8.58,39629
09-09-2016,8.79,9.47,8.79,8.87,247919
09-12-2016,10.17,10.17,8.95,9.14,1380062
09-13-2016,10.3,10.4,9.5901,9.94,539110
09-14-2016,10.22,10.4,9.6,10.2,278285
09-15-2016,9.87,10.17,9.8,10,205860
09-16-2016,10,10.1,9.75,9.99,419193
09-19-2016,10,10.1,9.8,10.1,202430
09-20-2016,10.04,10.183,9.9,10.09,234808
09-21-2016,10.26,10.39,10,10.01,253927
09-22-2016,10.28,10.35,9.94,10.26,203865
09-23-2016,10.2,10.35,10.1,10.25,78464
09-26-2016,9.83,10.17,9.71,10.11,123864
09-27-2016,9.79,9.94,9.66,9.78,134660
09-28-2016,9.5,9.72,9.48,9.65,1683439
09-29-2016,9.51,9.78,9.45,9.57,391015
09-30-2016,9.26,9.63,9.15,9.52,285683
10-03-2016,9.61,9.65,9.1,9.29,151384
10-04-2016,9.59,9.64,9.48,9.57,88351
10-05-2016,9.57,9.64,9.49,9.61,93730
10-06-2016,9.21,9.59,9.15,9.49,115815
10-07-2016,9.29,9.3226,9.1,9.1,91940
10-10-2016,9.56,9.59,9.3,9.3,134752
10-11-2016,9.2,9.52,9.15,9.45,86870
10-12-2016,9.11,9.39,9.1,9.25,111232
10-13-2016,9.26,9.28,9.1,9.1,52275
10-14-2016,9.05,9.31,9.05,9.1941,73954
10-17-2016,9.1,9.19,9,9,37756
10-18-2016,9.2,9.27,9.1,9.23,61638
10-19-2016,9.25,9.475,9.21,9.21,72567
10-20-2016,9.33,9.4,9.28,9.3,70875
10-21-2016,9.4,9.48,9.36,9.39,69416
10-24-2016,9.46,9.55,9.38,9.49,77426
10-25-2016,9.53,9.59,9.5,9.5,128310
10-26-2016,8.97,9.51,8.86,9.51,132820
10-27-2016,8.4,9.02,8.35,9,181510
10-28-2016,7.99,8.33,7.93,8.33,183130
10-31-2016,7.95,8.06,7.78,8,77223
11-01-2016,7.97,8.1,7.87,7.94,83987
11-02-2016,7.62,7.99,7.24,7.99,153527
11-03-2016,7.23,7.63,7.16,7.61,98841
11-04-2016,7.23,7.37,7.12,7.22,62521
11-07-2016,7.77,8.41,7.26,7.27,162907
11-08-2016,7.83,7.95,7.33,7.75,62977
11-09-2016,8.43,8.5,7.91,7.93,133959
11-10-2016,8.73,8.9,8.25,8.54,188814
11-11-2016,8.74,8.805,8.31,8.68,99264
11-14-2016,8.8,8.89,8.585,8.74,128322
11-15-2016,8.35,8.8701,8.18,8.856,129459
11-16-2016,8.59,8.9499,8.29,8.82,118347
11-17-2016,9.17,9.2,8.47,8.5,179938
11-18-2016,9.14,9.4,9.05,9.22,98042
11-21-2016,9.11,9.2,8.9,9.18,81954
11-22-2016,8.88,9.145,8.58,9.11,80103
11-23-2016,9.22,9.27,8.64,8.75,97133
11-25-2016,9.36,9.4,9.08,9.29,29014
11-28-2016,9.06,9.32,9.01,9.31,32215
11-29-2016,9.37,9.42,9.02,9.07,66629
11-30-2016,9.19,9.4,9.06,9.4,44787
12-01-2016,9,9.24,8.97,9.24,69184
12-02-2016,9.2,9.31,9.01,9.01,53101
12-05-2016,9.67,9.749,9.29,9.29,159890
12-06-2016,9.9,10.04,9.72,9.78,183668
12-07-2016,9.7,9.8,9.5,9.75,78908
12-08-2016,9.98,10.06,9.53,9.8,175912
12-09-2016,10.47,10.49,10.04,10.11,237071
12-12-2016,10.65,10.68,10.2976,10.5,212115
12-13-2016,10.75,10.83,10.641,10.74,198507
12-14-2016,10.77,10.92,10.6,10.76,160096
12-15-2016,10.77,10.86,10.38,10.76,111536
12-16-2016,10.91,11.09,10.76,10.76,302800
12-19-2016,10.97,11.04,10.81,10.81,96225
12-20-2016,10.98,11.15,10.91,11.08,105082
12-21-2016,11.04,11.11,10.84,10.9,85179
12-22-2016,11,11.11,10.86,11.08,82075
12-23-2016,11.13,11.26,11,11.03,52428
12-27-2016,11.06,11.2399,10.94,11.13,77367
12-28-2016,10.99,11.15,10.96,11.08,218674
12-29-2016,10.94,11.18,10.79,10.82,102427
12-30-2016,11.1,11.12,10.8828,10.95,48071
01-03-2017,10.9,11.23,10.82,11.23,122358
01-04-2017,11.14,11.2,10.9,10.9,92786
01-05-2017,10.92,11.27,10.87,11.11,76929
01-06-2017,11,11.03,10.86,10.96,71405
01-09-2017,10.79,11.07,10.76,11.07,77831
01-10-2017,10.73,11.04,10.61,10.87,120441
01-11-2017,10.38,10.74,10.17,10.74,90017
01-12-2017,10.37,10.49,10.22,10.28,62627
01-13-2017,10.64,10.9,10.41,10.41,109195
01-17-2017,10.25,10.48,10.2,10.48,73558
01-18-2017,10.27,10.49,10.13,10.33,48097
01-19-2017,10.23,10.69,10.14,10.28,63514
01-20-2017,10.21,10.31,10.015,10.31,59987
01-23-2017,10.2,10.39,10.02,10.23,72243
01-24-2017,10.16,10.27,9.88,10.27,85979
01-25-2017,10.34,10.36,10.23,10.23,62882
01-26-2017,10.08,10.49,10.07,10.38,77870
01-27-2017,9.89,10.19,9.85,10.11,76877
01-30-2017,9.71,9.89,9.7,9.85,58529
01-31-2017,10.06,10.12,9.58,9.65,97305
02-01-2017,10.01,10.22,9.85,10.08,141168
02-02-2017,10.01,10.18,9.85,9.91,137520
02-03-2017,9.88,10.17,9.85,10.04,129475
02-06-2017,10.15,10.2,9.89,9.89,84834
02-07-2017,10.34,10.41,10.06,10.15,58983
02-08-2017,10.33,10.4,10.19,10.24,121193
02-09-2017,10.51,10.66,10.335,10.39,77735
02-10-2017,10.61,10.65,10.47,10.49,53417
02-13-2017,10.62,10.79,10.52,10.74,47265
02-14-2017,10.66,10.69,10.54,10.56,57130
02-15-2017,10.41,11.11,10.33,11.06,581891
02-16-2017,10.15,10.61,10.11,10.46,236024
02-17-2017,10.24,10.37,9.9734,10.15,163466
02-21-2017,10.12,10.37,10.08,10.25,206757
02-22-2017,9.62,10.22,9.34,10,254209
02-23-2017,9.48,9.76,9.35,9.7,156809
02-24-2017,9.6,9.9,9.38,9.41,194386
02-27-2017,9.72,9.76,9.27,9.58,83153
02-28-2017,9.78,9.88,9.57,9.66,114001
03-01-2017,10.03,10.205,9.76,9.89,254928
03-02-2017,9.71,10.05,9.71,10,71358
03-03-2017,9.91,9.96,9.72,9.72,210801
03-06-2017,9.84,9.98,9.8,9.9,84169
03-07-2017,9.44,9.86,9.35,9.86,99022
03-08-2017,9.35,9.71,9.3,9.5,115463
03-09-2017,9.38,9.45,9.12,9.4,90773
03-10-2017,9.18,9.51,9.08,9.4,162515
03-13-2017,9.24,9.4985,9.11,9.18,158646
03-14-2017,9.42,9.5,9.12,9.14,181670
03-15-2017,9.5,9.7,9.41,9.42,189471
03-16-2017,9.35,9.67,9.29,9.54,134988
03-17-2017,9.19,9.51,9.06,9.41,181270
03-20-2017,9.77,9.85,9.2,9.2,298595
03-21-2017,9.27,9.88,9.205,9.77,207037
03-22-2017,9.73,9.74,9.21,9.25,262502
03-23-2017,9.48,10.06,9.41,9.66,337777
03-24-2017,9.1,9.57,9.045,9.57,240216
