03-28-2016,21.2,21.4,19.8,21.2,91140
03-29-2016,24.4,24.4,21.4,23.6,218135
03-30-2016,27.6,28,24.4,25.2,266140
03-31-2016,27.2,28,26,28,168741
04-01-2016,29.8,31,26.8,27.4,309104
04-04-2016,35,37,31,31.6,412232
04-05-2016,33.2,38,32,37.8,316769
04-06-2016,30.2,33.6,28.2,32.4,338422
04-07-2016,29,31.6,28.2,31.2,118081
04-08-2016,29.6,30,27.6,29,105059
04-11-2016,31.2,32.2,30,30,123249
04-12-2016,30.8,32,29.6,31.8,87369
04-13-2016,31.2,31.6,30,31,71357
04-14-2016,31,31.8,30.6,31.6,64462
04-15-2016,30.8,31.2,30.4,30.8,51926
04-18-2016,30,31,29.8,31,85396
04-19-2016,29.4,30.8,29.2,30.2,64388
04-20-2016,27.4,29.24,27.2,29,139229
04-21-2016,27.8,28.8,26.2,27,121197
04-22-2016,28.4,28.8,27,27.8,52116
04-25-2016,28,29.4,27.6,28,77885
04-26-2016,27.8,28.6,27.2,28.2,61230
04-27-2016,27.8,28.2,27.2,28,40015
04-28-2016,28.6,29,27.2,27.8,62380
04-29-2016,27.6,29.2,27.598,29.2,65996
05-02-2016,27,27.6,25.4,27.4,64082
05-03-2016,26.4,27.398,26.3,26.4,25842
05-04-2016,24.4,26.2,24.2,26,82469
05-05-2016,24.4,25.2,23.2,24.6,56943
05-06-2016,25,25.2,24.4,24.4,29647
05-09-2016,26.4,26.6,24,24.6,51179
05-10-2016,27.6,28,26.6,27.2,73094
05-11-2016,25.6,27,24.4,24.6,62207
05-12-2016,24.4,25.8,23.2,25.8,86292
05-13-2016,25.8,26.4,23.6,24.2,78953
05-16-2016,26.2,26.202,25,26,53332
05-17-2016,26.2,27.6,26,26.4,101143
05-18-2016,29.6,29.8,25.4,26.4,132914
05-19-2016,28.6,31,27.2,29.4,137171
05-20-2016,30.4,30.8,28.8,29.2,110585
05-23-2016,33.4,33.8,30.622,31.2,166739
05-24-2016,34.8,35.4,33.202,35,185476
05-25-2016,34.4,35.5,33,34.8,153370
05-26-2016,34,34.6,32.2,34.4,112769
05-27-2016,34.6,35.2,34,35,48950
05-31-2016,36.2,36.4,35,35.4,143034
06-01-2016,43.2,45.8,40.8,41.2,1389776
06-02-2016,41.8,44.18,39.4,44,374334
06-03-2016,42.4,43.6,40.2,41,157648
06-06-2016,42.2,43.8,41.6,43.8,147727
06-07-2016,40.4,41.4,38.4,41,216179
06-08-2016,41,41.6,38.8,40.4,141017
06-09-2016,39.6,41.8,39.6,41.8,91142
06-10-2016,41.6,42.2,39.4,41,230443
06-13-2016,42.4,44,41.6,43,172391
06-14-2016,41.4,43,40.6,42.2,94796
06-15-2016,41.8,43,41.4,42,94160
06-16-2016,43,43,41,41,73095
06-17-2016,44.4,46,42.8,43,237495
06-20-2016,45.4,49.802,45,46.8,307812
06-21-2016,45,49,44.4,46,167164
06-22-2016,45.4,47,45,45.4,100383
06-23-2016,43,46.2,38.6,46,259763
06-24-2016,42,42.4,39,39.6,164442
06-27-2016,40.2,42.6,39.4,42,155693
06-28-2016,40.6,42.4,40.2,41,97831
06-29-2016,7,8,5.5,7.264,3998955
06-30-2016,9.322,10,6.9,6.9,2526189
07-01-2016,12.35,13.58,9.8,10.056,2664042
07-05-2016,13.2,15.474,12.24,14.04,1525385
07-06-2016,11.774,13.8,10.804,13.764,799814
07-07-2016,10.292,11.64,10.2,11.6,457881
07-08-2016,9.108,9.6,8.9,9.4,1032062
07-11-2016,9.122,9.5,9.1,9.304,614993
07-12-2016,8.52,9.44,8.2,9.44,397722
07-13-2016,8.198,8.466,7.8,8.466,393596
07-14-2016,8.176,8.6,7.8,8.1,320409
07-15-2016,8.098,8.4,8.006,8.2,192975
07-18-2016,8.054,8.3,8,8.2,115702
07-19-2016,7.622,8.2,7.6,8.064,212569
07-20-2016,9.71,9.8,7.6,7.6,1073127
07-21-2016,9.4,11.176,9.066,10.8,1097969
07-22-2016,9,9.8,8.6,9.774,300492
07-25-2016,9.048,9.4,8.612,9.3,180531
07-26-2016,8.82,9.2,8.802,9.06,148038
07-27-2016,9.252,10.06,8.802,8.84,347731
07-28-2016,9.4,9.6,9.04,9.3,141659
07-29-2016,8.892,9.4,8.892,9.044,250006
08-01-2016,8.996,9.4,8.824,9.1,113863
08-02-2016,8.648,9,8.6,9,157156
08-03-2016,9.26,9.496,8.404,8.6,228854
08-04-2016,9.102,9.4,9,9.4,101511
08-05-2016,9.608,9.8,9.124,9.2,246397
08-08-2016,9.72,10.2,9.48,9.72,194155
08-09-2016,9.244,10,9.182,9.9,184150
08-10-2016,8.628,9.2,8.4,9,367427
08-11-2016,8.1,8.898,8,8.8,274868
08-12-2016,8.44,8.708,7.84,8,224829
08-15-2016,8.34,8.68,8.206,8.68,163194
08-16-2016,8.262,8.534,8.1,8.45,123063
08-17-2016,8.03,8.4,8,8.2,131017
08-18-2016,8.06,8.2,7.84,8.164,103808
08-19-2016,8.608,8.992,8,8.062,337400
08-22-2016,8.722,8.794,8.3,8.6,136438
08-23-2016,8.994,9.104,8.64,8.8,233755
08-24-2016,8.472,9.072,8.22,9,198581
08-25-2016,8.296,8.722,8.2,8.48,124026
08-26-2016,8.404,9,8.31,8.44,160788
08-29-2016,8.526,8.8,8.414,8.6,83153
08-30-2016,8.23,8.6,8.214,8.4,100235
08-31-2016,8.086,8.26,8,8.2,140829
09-01-2016,7.904,8.102,7.8,8.014,183495
09-02-2016,8.066,8.4,7.904,8.09,129240
09-06-2016,8.004,8.198,7.83,8,114808
09-07-2016,8.12,8.2,7.9,8,100414
09-08-2016,7.922,8.24,7.9,8.2,115339
09-09-2016,7.6,8.14,7.6,8,186886
09-12-2016,7.07,7.478,6.8,7.4,352770
09-13-2016,7.022,7.58,6.8,7,217600
09-14-2016,6.604,7.2,6.444,7.152,238819
09-15-2016,6.654,6.838,6.298,6.576,211250
09-16-2016,6.398,6.6,6.34,6.6,204614
09-19-2016,6.442,6.776,6.34,6.34,122969
09-20-2016,7.646,8.16,6.6,6.78,762177
09-21-2016,7.118,7.806,6.87,7.672,245858
09-22-2016,7.43,7.48,7.1,7.2,162735
09-23-2016,7.244,7.7,7.2,7.6,117235
09-26-2016,6.9,7.4,6.9,7.292,139060
09-27-2016,6.808,7.102,6.72,7.1,84673
09-28-2016,6.934,7.4,6.724,7,188879
09-29-2016,6.57,7,6.5,6.8,158656
09-30-2016,7.006,7.006,6.46,6.6,96981
10-03-2016,6.668,7,6.56,7,87090
10-04-2016,6.428,6.8,6.4,6.72,79800
10-05-2016,6.568,6.6,6.4,6.498,71735
10-06-2016,6.42,6.64,6.4,6.6,77335
10-07-2016,6.246,6.638,6.2,6.6,95950
10-10-2016,6.052,6.4,6,6.392,121680
10-11-2016,5.756,6.05,5.62,6,237784
10-12-2016,5.536,5.9,5.248,5.8,213736
10-13-2016,5.548,5.688,5.26,5.42,81195
10-14-2016,5.6,5.948,5.6,5.634,102946
10-17-2016,5.578,5.896,5.508,5.77,68309
10-18-2016,5.386,5.6,5.336,5.6,111918
10-19-2016,5.46,5.46,5.31,5.4,73010
10-20-2016,6.18,6.976,5.594,5.6,578760
10-21-2016,5.658,6.1,5.606,6.1,151565
10-24-2016,5.596,6.04,5.5,6,91662
10-25-2016,5.744,5.9,5.4,5.652,113534
10-26-2016,5.436,5.982,5.4,5.8,92394
10-27-2016,5.322,5.64,5.2,5.42,170390
10-28-2016,5.022,5.398,5,5.378,187848
10-31-2016,4.594,5.156,4.4,5.042,194658
11-01-2016,3.844,4.418,3.422,4.4,377148
11-02-2016,3.814,4.14,3.7,3.778,147581
11-03-2016,3.53,3.924,3.5,3.9,118634
11-04-2016,3.794,3.888,3.6,3.756,129034
11-07-2016,3.736,4.15,3.66,4,82792
11-08-2016,3.58,3.794,3.5,3.74,80334
11-09-2016,3.86,4.15,3.24,3.46,201199
11-10-2016,3.92,4.38,3.622,4.05,212450
11-11-2016,4.2,4.286,3.826,4,220020
11-14-2016,3.54,4,3.4,4,480392
11-15-2016,3.67,3.7378,3.5299,3.57,399321
11-16-2016,3.52,3.74,3.5,3.74,408492
11-17-2016,3.36,3.62,3.32,3.52,327075
11-18-2016,3.58,3.704,3.15,3.32,508333
11-21-2016,3.91,4.75,3.4227,3.58,1947103
11-22-2016,3.55,4.15,3.49,4.05,689019
11-23-2016,3.43,3.6098,3.3501,3.58,221864
11-25-2016,3.54,3.56,3.36,3.41,178503
11-28-2016,3.39,3.58,3.36,3.57,270230
11-29-2016,3.12,3.39,3.03,3.39,505840
11-30-2016,3.05,3.15,2.91,3.15,608050
12-01-2016,2.74,3.05,2.611,3.04,563678
12-02-2016,2.83,2.9699,2.611,2.73,1047163
12-05-2016,2.7,2.89,2.66,2.84,363771
12-06-2016,2.72,2.78,2.5199,2.69,408211
12-07-2016,2.61,2.75,2.5302,2.75,394901
12-08-2016,2.6,2.6299,2.52,2.6,274558
12-09-2016,2.41,2.66,2.32,2.6,515136
12-12-2016,2.09,2.47,2.05,2.44,456411
12-13-2016,2.1,2.19,1.835,2.07,865146
12-14-2016,1.98,2.22,1.97,2.19,519783
12-15-2016,2.04,2.1,1.88,1.97,370802
12-16-2016,2.1,2.17,1.98,2.04,1161798
12-19-2016,2.08,2.28,2.05,2.1,774332
12-20-2016,2.15,2.22,2.0601,2.08,436495
12-21-2016,2.08,2.2256,2.07,2.16,292128
12-22-2016,1.95,2.1379,1.92,2.08,429840
12-23-2016,1.98,2.045,1.87,1.95,380883
12-27-2016,1.96,2.04,1.94,1.99,255012
12-28-2016,2.38,3.6,2.35,2.4,25935827
12-29-2016,2.05,2.35,2.03,2.3,3486929
12-30-2016,1.94,2.1101,1.9,2.07,1473216
01-03-2017,1.98,2.1,1.92,1.99,1175895
01-04-2017,2.07,2.1,1.9101,1.97,1070283
01-05-2017,2.07,2.12,2.02,2.08,490428
01-06-2017,2.07,2.17,2.03,2.06,894473
01-09-2017,2.03,2.1193,1.66,1.75,1617780
01-10-2017,2.07,2.08,1.91,2.03,405080
01-11-2017,2.02,2.1,1.96,2.08,561646
01-12-2017,1.91,2.02,1.88,1.99,661542
01-13-2017,1.91,1.96,1.89,1.92,372746
01-17-2017,1.81,1.92,1.8,1.89,625711
01-18-2017,1.79,1.83,1.75,1.81,395288
01-19-2017,1.75,1.79,1.74,1.78,273711
01-20-2017,1.69,1.749,1.68,1.74,444309
01-23-2017,1.77,1.93,1.6442,1.68,1345529
01-24-2017,1.78,1.79,1.68,1.75,548383
01-25-2017,1.84,1.88,1.7301,1.78,356508
01-26-2017,1.77,1.9,1.75,1.83,243153
01-27-2017,1.74,1.8,1.72,1.77,149463
01-30-2017,1.7,1.76,1.66,1.74,247340
01-31-2017,1.65,1.7,1.61,1.7,398543
02-01-2017,1.28,1.52,1.25,1.51,1909106
02-02-2017,1.12,1.33,1.02,1.29,1572564
02-03-2017,1.2,1.2299,1.1,1.1,641444
02-06-2017,1.41,2.41,1.36,2.14,32407758
02-07-2017,1.4,1.52,1.3,1.45,4260239
02-08-2017,0.8336,0.87,0.8052,0.8699,18814501
02-09-2017,0.8216,0.864,0.82,0.86,3466806
02-10-2017,0.7434,0.8042,0.72,0.7921,4187693
02-13-2017,0.7803,0.788,0.74,0.744,2799914
02-14-2017,0.7879,0.83,0.76,0.83,2503939
02-15-2017,0.7676,0.7879,0.74,0.778,2100932
02-16-2017,0.75,0.7699,0.7302,0.76,1673384
02-17-2017,0.75,0.75,0.73,0.73,1250129
02-21-2017,0.7159,0.7515,0.7108,0.75,1915573
02-22-2017,0.6501,0.71,0.64,0.71,2667893
02-23-2017,0.6443,0.665,0.62,0.65,1774147
02-24-2017,0.688,0.7201,0.62,0.628,1867000
02-27-2017,0.705,0.74,0.684,0.697,1626195
02-28-2017,0.74,0.74,0.6672,0.7012,1108313
03-01-2017,0.7154,0.74,0.7053,0.74,959914
03-02-2017,0.7074,0.74,0.7061,0.74,629203
03-03-2017,0.6782,0.7249,0.675,0.7,808114
03-06-2017,0.657,0.689,0.6551,0.66,420847
03-07-2017,0.63,0.6561,0.6211,0.64,1028310
03-08-2017,0.6003,0.6475,0.6003,0.63,821130
03-09-2017,0.582,0.61,0.56,0.61,1833751
03-10-2017,0.585,0.6,0.58,0.5821,879786
03-13-2017,0.5739,0.5982,0.56,0.58,797610
03-14-2017,0.5489,0.58,0.53,0.56,1134527
03-15-2017,0.5808,0.587,0.5354,0.54,1659051
03-16-2017,0.62,0.6799,0.6,0.635,3042990
03-17-2017,0.6253,0.8081,0.61,0.73,14491847
03-20-2017,0.6282,0.64,0.5521,0.6,2836041
03-21-2017,0.5921,0.65,0.5707,0.65,2007184
03-22-2017,0.5728,0.6126,0.5675,0.6126,969317
03-23-2017,0.5932,0.6199,0.5802,0.6,1012692
03-24-2017,0.5869,0.619,0.57,0.619,1162676
