03-28-2016,3.82,4.02,3.8,4.02,71652
03-29-2016,3.95,4.05,3.62,3.8,97589
03-30-2016,3.97,4.3899,3.92,3.98,118505
03-31-2016,7.74,8.07,4.83,5.37,22577868
04-01-2016,5.95,7.74,5.82,7.38,15773953
04-04-2016,6.83,7.08,5.93,6.23,4853940
04-05-2016,6.8,7.49,6.56,6.78,6492678
04-06-2016,7.05,7.49,6.7,6.98,4082166
04-07-2016,6.65,7.2,6.51,7.05,1811406
04-08-2016,6.57,7.09,6.41,6.78,1365848
04-11-2016,5.59,6.58,5.53,6.55,2268096
04-12-2016,5.6,5.77,5.12,5.58,1232374
04-13-2016,5.34,5.74,5.27,5.59,955073
04-14-2016,5.59,5.81,5.3,5.33,1108749
04-15-2016,5.77,5.96,5.46,5.59,745807
04-18-2016,5.8,6.1,5.65,5.76,733143
04-19-2016,5.35,5.93,5.33,5.83,864813
04-20-2016,5.18,5.51,5.14,5.39,534613
04-21-2016,5.35,5.45,5.1,5.18,442602
04-22-2016,5.5,5.59,5.22,5.42,387301
04-25-2016,5.2,5.6,5.12,5.52,391554
04-26-2016,4.84,5.2048,4.78,5.16,892219
04-27-2016,5.01,5.05,4.62,4.9,675582
04-28-2016,4.6,5.05,4.56,5.05,644379
04-29-2016,4.4,4.67,4.35,4.61,540895
05-02-2016,4.27,4.43,4.14,4.36,399532
05-03-2016,3.91,4.2899,3.83,4.26,997590
05-04-2016,4.05,4.11,3.88,3.88,522557
05-05-2016,3.88,4.2799,3.85,4.23,574238
05-06-2016,3.67,3.9,3.495,3.89,704562
05-09-2016,3.9,4.0799,3.63,3.71,487346
05-10-2016,3.83,4.01,3.7173,3.98,268460
05-11-2016,3.69,3.92,3.66,3.92,290352
05-12-2016,3.43,3.8,3.36,3.8,390534
05-13-2016,3.43,3.53,3.35,3.4,264133
05-16-2016,3.61,3.66,3.415,3.47,247833
05-17-2016,3.97,4.38,3.62,3.62,1155901
05-18-2016,3.78,4.26,3.72,4.08,437719
05-19-2016,3.6,3.83,3.57,3.75,235324
05-20-2016,4.01,4.1,3.66,3.72,542136
05-23-2016,3.96,4.1266,3.87,3.98,456218
05-24-2016,4.03,4.12,3.85,4.03,215802
05-25-2016,4.07,4.19,3.95,4.08,266141
05-26-2016,3.87,4.1,3.87,4.09,284967
05-27-2016,3.98,4.08,3.85,3.86,258530
05-31-2016,4.7,5,3.99,4.02,1554952
06-01-2016,4.73,4.89,4.55,4.73,642000
06-02-2016,5.01,5.2,4.6,4.63,925252
06-03-2016,4.71,5.07,4.57,4.96,474425
06-06-2016,4.75,4.7724,4.5,4.7,338744
06-07-2016,4.64,4.86,4.61,4.7,250395
06-08-2016,4.46,4.69,4.31,4.65,261011
06-09-2016,4.22,4.703,4.2,4.59,493183
06-10-2016,3.94,4.2274,3.92,4.17,287693
06-13-2016,3.86,4.1,3.8,3.93,258455
06-14-2016,3.91,3.99,3.72,3.83,241064
06-15-2016,4.01,4.11,3.88,4.06,290980
06-16-2016,3.9,4.0824,3.83,3.98,208172
06-17-2016,3.71,4.02,3.7,3.92,340552
06-20-2016,3.73,3.8257,3.61,3.77,265223
06-21-2016,3.71,3.77,3.52,3.77,322759
06-22-2016,3.69,3.8,3.55,3.74,282764
06-23-2016,4.67,4.89,3.75,3.78,3030169
06-24-2016,4.195,4.47,4.08,4.08,2995914
06-27-2016,3.86,4.2155,3.76,4.07,706476
06-28-2016,4.41,4.77,3.92,3.92,2868667
06-29-2016,4.42,4.6999,4.22,4.39,1115570
06-30-2016,4.1,4.43,3.97,4.4,896080
07-01-2016,4.32,4.38,4.1,4.11,391943
07-05-2016,4.16,4.29,4.05,4.24,325975
07-06-2016,4.39,4.5855,4.05,4.1,1686026
07-07-2016,4.34,4.5,4.2,4.31,366925
07-08-2016,4.45,4.58,4.27,4.35,543405
07-11-2016,4.44,4.68,4.3,4.51,311393
07-12-2016,4.47,4.55,4.39,4.5,240391
07-13-2016,4.47,4.63,4.36,4.5,282687
07-14-2016,4.31,4.53,4.22,4.53,289399
07-15-2016,4.35,4.39,4.25,4.25,143769
07-18-2016,4.31,4.399,4.22,4.38,262393
07-19-2016,4.12,4.31,4,4.26,358613
07-20-2016,4.18,4.19,3.98,4.15,238871
07-21-2016,4.07,4.32,4.045,4.24,206727
07-22-2016,4.06,4.16,4.05,4.05,177296
07-25-2016,4.06,4.19,4.02,4.07,132470
07-26-2016,4.1,4.16,4.02,4.05,189558
07-27-2016,4.22,4.25,4.131,4.14,222447
07-28-2016,4.07,4.23,4.055,4.21,153609
07-29-2016,4.07,4.14,4.05,4.05,124975
08-01-2016,4,4.14,3.96,4.08,153547
08-02-2016,3.98,4.09,3.86,3.96,229150
08-03-2016,4.15,4.22,3.96,4,261262
08-04-2016,4.38,4.5,4.17,4.18,295980
08-05-2016,4.81,4.83,4.43,4.5,392842
08-08-2016,4.85,5.05,4.81,4.82,270908
08-09-2016,4.95,4.99,4.7,4.89,172525
08-10-2016,4.64,4.98,4.56,4.98,192943
08-11-2016,4.82,4.84,4.56,4.67,93713
08-12-2016,5.03,5.07,4.8,4.85,152034
08-15-2016,5.31,5.34,4.93,5.05,456447
08-16-2016,5.39,5.432,5.1,5.27,195739
08-17-2016,5.45,5.66,5.25,5.4,393725
08-18-2016,5.23,5.5,5.1,5.5,264730
08-19-2016,5.18,5.22,4.881,5.1,189242
08-22-2016,5.24,5.2899,5.12,5.2,108332
08-23-2016,5.33,5.42,5.23,5.28,90367
08-24-2016,5.27,5.59,5.235,5.24,257551
08-25-2016,4.95,5.315,4.9,5.2,234253
08-26-2016,5,5.15,4.83,4.96,141948
08-29-2016,5.14,5.2,4.93,5.01,87680
08-30-2016,5.39,5.42,5.11,5.14,139144
08-31-2016,5.36,5.4899,5.1,5.35,214525
09-01-2016,5.28,5.4199,5.13,5.35,72140
09-02-2016,5.37,5.4,5.22,5.29,91172
09-06-2016,5.43,5.5,5.295,5.43,176639
09-07-2016,5.73,5.79,5.445,5.47,556013
09-08-2016,5.95,6.09,5.7085,5.78,313657
09-09-2016,5.63,5.98,5.5801,5.91,204141
09-12-2016,5.6,5.8,5.528,5.55,202499
09-13-2016,5.32,5.6099,5.01,5.52,262223
09-14-2016,5.44,5.64,5.19,5.31,198595
09-15-2016,5.6,5.67,5.3,5.44,170461
09-16-2016,5.31,5.65,5.3,5.49,380482
09-19-2016,5.35,5.5102,5.2,5.38,256456
09-20-2016,5.46,5.49,5.1,5.36,317044
09-21-2016,5.46,5.6497,5.29,5.5,234475
09-22-2016,5.47,5.55,5.408,5.45,128491
09-23-2016,5.49,5.6,5.38,5.48,108674
09-26-2016,5.54,5.659,5.38,5.48,163987
09-27-2016,5.71,5.95,5.58,5.65,422672
09-28-2016,5.72,5.88,5.4,5.83,312254
09-29-2016,5.06,6.39,4.8,6.29,5325882
09-30-2016,5.12,5.39,5.02,5.13,839367
10-03-2016,4.91,5.22,4.88,5.19,735826
10-04-2016,4.46,5.03,4.3,4.93,749999
10-05-2016,4.42,4.57,4.3,4.54,316311
10-06-2016,4.21,4.49,4.2,4.42,409193
10-07-2016,4.09,4.22,4.07,4.2,266140
10-10-2016,4.11,4.15,4.07,4.15,116276
10-11-2016,3.96,4.11,3.87,4.11,290090
10-12-2016,3.75,3.963,3.71,3.95,231988
10-13-2016,4.2,4.23,3.67,3.67,492706
10-14-2016,4.01,4.3208,3.96,4.27,417826
10-17-2016,4.11,4.22,3.9,4.02,191099
10-18-2016,4.05,4.2186,4.04,4.19,116956
10-19-2016,4,4.1,3.96,4.08,110851
10-20-2016,4.03,4.12,3.98,3.98,73520
10-21-2016,3.91,4.14,3.87,4.01,118910
10-24-2016,3.86,3.999,3.82,3.98,126533
10-25-2016,3.75,3.9664,3.74,3.9,176036
10-26-2016,3.72,3.88,3.61,3.75,227366
10-27-2016,3.6,3.93,3.55,3.8,377512
10-28-2016,3.61,4.15,3.4763,4.13,1626960
10-31-2016,3.44,3.72,3.31,3.72,335961
11-01-2016,3.57,3.61,3.32,3.43,212970
11-02-2016,3.54,3.6,3.43,3.54,251103
11-03-2016,3.33,3.65,3.28,3.29,375610
11-04-2016,3.32,3.48,3.292,3.3,183642
11-07-2016,3.54,3.58,3.31,3.38,188718
11-08-2016,3.65,3.73,3.47,3.53,169898
11-09-2016,3.82,3.88,3.58,3.58,296728
11-10-2016,4.13,4.14,3.9,3.9,366422
11-11-2016,4.45,4.53,4.1773,4.26,464017
11-14-2016,4.39,4.9,4.25,4.55,356436
11-15-2016,4.45,4.66,4.11,4.39,254314
11-16-2016,4.37,4.5422,4.3331,4.44,131064
11-17-2016,4.36,4.49,4.3301,4.36,91644
11-18-2016,4.13,4.57,4.1,4.36,177249
11-21-2016,4.26,4.26,4.1,4.14,72249
11-22-2016,4.16,4.3865,4.1,4.28,69139
11-23-2016,4.31,4.34,4.07,4.1,80423
11-25-2016,4.32,4.33,4.2,4.33,15884
11-28-2016,4.47,4.5,4.2453,4.31,136968
11-29-2016,4.12,4.46,4.04,4.41,228887
11-30-2016,4.02,4.19,3.91,4.19,158559
12-01-2016,3.8,4.03,3.76,4.03,178934
12-02-2016,3.77,3.8899,3.7125,3.81,78201
12-05-2016,3.89,3.93,3.8,3.8,99805
12-06-2016,4.16,4.18,3.91,3.95,107994
12-07-2016,4.13,4.2,4,4.1,89157
12-08-2016,4.27,4.28,4.0201,4.12,107051
12-09-2016,4.36,4.52,4.2174,4.29,169273
12-12-2016,4.18,4.3999,4.1511,4.29,100328
12-13-2016,4.08,4.25,4.06,4.2,87801
12-14-2016,4.13,4.15,4.0114,4.1,74639
12-15-2016,4.52,4.53,4.14,4.15,181973
12-16-2016,4.89,4.9,4.5301,4.61,261557
12-19-2016,4.81,5.11,4.71,4.89,179009
12-20-2016,4.61,4.96,4.6,4.96,150627
12-21-2016,4.5,4.79,4.46,4.69,130418
12-22-2016,4.39,4.55,4.38,4.46,81214
12-23-2016,4.76,4.8,4.41,4.45,111003
12-27-2016,4.59,4.85,4.54,4.67,103740
12-28-2016,4.33,4.66,4.31,4.55,113101
12-29-2016,4.17,4.5,4.14,4.29,255034
12-30-2016,4.12,4.3,4.06,4.22,150230
01-03-2017,4.27,4.3727,4.14,4.17,101763
01-04-2017,4.54,4.6743,4.27,4.27,132006
01-05-2017,4.72,5.25,4.32,5.01,2907830
01-06-2017,4.38,4.78,4.34,4.69,767364
01-09-2017,4.41,4.59,4.35,4.46,214581
01-10-2017,4.41,4.4636,4.3,4.44,146601
01-11-2017,4.21,4.51,4.15,4.41,207685
01-12-2017,4.38,4.43,4.1809,4.21,136296
01-13-2017,4.39,4.5,4.36,4.49,210117
01-17-2017,4.19,4.46,4.18,4.39,135600
01-18-2017,4.32,4.36,4.14,4.18,147767
01-19-2017,4.24,4.32,4.19,4.31,84035
01-20-2017,4.22,4.3,4.1616,4.2,93216
01-23-2017,4.06,4.23,4.01,4.19,209861
01-24-2017,4.13,4.25,4.02,4.1,89627
01-25-2017,4.33,4.36,4.1542,4.22,135639
01-26-2017,4.32,4.3725,4.24,4.36,102508
01-27-2017,4.4,4.45,4.26,4.32,104194
01-30-2017,4.33,4.38,4.25,4.38,55336
01-31-2017,4.42,4.43,4.25,4.35,91955
02-01-2017,4.47,4.49,4.37,4.44,75020
02-02-2017,4.45,4.48,4.34,4.48,33848
02-03-2017,4.47,4.515,4.3,4.49,115376
02-06-2017,4.51,4.53,4.4,4.48,69980
02-07-2017,4.55,4.6,4.45,4.53,75244
02-08-2017,4.49,4.5499,4.45,4.52,68309
02-09-2017,4.55,4.6,4.4,4.47,130586
02-10-2017,4.51,4.55,4.4888,4.55,34389
02-13-2017,4.51,4.61,4.4552,4.55,64629
02-14-2017,4.55,4.59,4.49,4.5,83352
02-15-2017,4.93,4.95,4.55,4.55,317014
02-16-2017,4.44,4.76,4.26,4.76,482515
02-17-2017,4.6,4.6,4.22,4.26,249958
02-21-2017,4.74,4.82,4.45,4.45,269825
02-22-2017,4.8,4.85,4.63,4.71,118827
02-23-2017,4.69,4.8094,4.6675,4.8,52912
02-24-2017,4.6,4.7,4.59,4.7,70041
02-27-2017,4.82,4.84,4.58,4.58,103405
02-28-2017,4.67,4.85,4.66,4.78,80698
03-01-2017,4.76,4.84,4.69,4.74,102755
03-02-2017,4.78,4.9,4.68,4.68,140637
03-03-2017,4.88,4.9,4.81,4.87,86271
03-06-2017,4.98,5,4.73,4.94,235046
03-07-2017,5.57,5.58,5,5,490633
03-08-2017,5.38,5.64,5.1001,5.61,382249
03-09-2017,5.58,5.61,5.3,5.38,108680
03-10-2017,5.95,6.0679,5.58,5.6,421689
03-13-2017,6.15,6.2,5.69,6.02,290995
03-14-2017,6.14,6.2,5.91,6.16,179834
03-15-2017,5.63,6.03,5.51,6.03,467102
03-16-2017,5.79,5.82,5.5,5.79,234796
03-17-2017,5.65,5.87,5.51,5.8,194467
03-20-2017,5.82,5.85,5.51,5.53,130007
03-21-2017,5.62,5.87,5.51,5.75,168876
03-22-2017,5.63,5.71,5.52,5.57,65815
03-23-2017,5.64,5.6952,5.5553,5.66,45534
03-24-2017,5.59,5.7,5.4,5.69,164907
