03-28-2016,76.99,82.865,76.15,82.77,1007601
03-29-2016,74.97,77.495,72.5123,77.29,992855
03-30-2016,70.92,75.94,70.52,75.38,934206
03-31-2016,72.15,76.21,69.12,71.28,1166225
04-01-2016,74.61,75.9,70.7,71.05,598977
04-04-2016,73.64,77,73.03,74.36,599040
04-05-2016,74.43,76.17,72.5972,73.12,376107
04-06-2016,79.25,79.8,74.04,74.79,680722
04-07-2016,78.65,79.64,76.88,78.66,483631
04-08-2016,79.69,80.93,78.03,79.33,428746
04-11-2016,79.77,81.89,79.305,81.89,506093
04-12-2016,79.14,80.31,76.31,78.65,550526
04-13-2016,80.38,82.27,78.476,79.33,342271
04-14-2016,81.61,81.86,79.66,80,305802
04-15-2016,82.29,83.25,80.3,80.94,269644
04-18-2016,83.74,84.98,80.745,82.12,464352
04-19-2016,82.54,84.79,80.1301,84.56,609213
04-20-2016,86.23,88.34,82.34,83.26,803486
04-21-2016,86.36,88.25,85.0003,87.91,492956
04-22-2016,84.75,87.87,83.52,86.62,338925
04-25-2016,84.27,85.43,83.53,84.43,293468
04-26-2016,83.79,84.7299,81.64,84.31,430038
04-27-2016,82.23,83.95,81.01,82.84,337794
04-28-2016,82.41,84.29,81.41,82.65,222828
04-29-2016,81.02,83.7605,79.1,82.7,383136
05-02-2016,82.53,82.65,79.22,81.92,292163
05-03-2016,79.84,81.63,78.345,81.53,347809
05-04-2016,78.54,80,76.52,80,476273
05-05-2016,77.95,79.45,74.05,76.66,610794
05-06-2016,79,80.34,75.71,76.91,491709
05-09-2016,78.16,80.2299,77.78,78.2,401123
05-10-2016,76.68,78.33,74.4201,78.33,535020
05-11-2016,77.62,79.5,75.362,75.9,391952
05-12-2016,76.66,78.46,74.5,78.19,459591
05-13-2016,76.95,79.0899,75.89,76.33,271245
05-16-2016,79.72,81.215,76.692,77.55,468157
05-17-2016,80.3,82.825,78.3,80.08,297413
05-18-2016,80.36,82.05,79.35,79.85,249468
05-19-2016,80.57,80.86,78.89,80.22,198151
05-20-2016,84.48,84.89,80.47,80.47,410034
05-23-2016,85.14,86,84.1501,84.99,488717
05-24-2016,86.84,87.4,84.55,85.26,413761
05-25-2016,87.95,90.52,85.51,86.38,662945
05-26-2016,90.17,91,88.19,88.97,570860
05-27-2016,90.48,90.6699,89.145,89.95,261234
05-31-2016,89.12,95.48,87.55,90.98,914903
06-01-2016,92.17,92.94,87.85,89.6,441935
06-02-2016,93.41,94.25,92.08,92.18,343395
06-03-2016,92.09,97.98,91.8,96.91,668315
06-06-2016,94.19,94.5,92.21,92.6,367722
06-07-2016,90.44,93.8499,90.2502,93.59,432568
06-08-2016,91.14,92.01,87.41,90.68,358595
06-09-2016,89.45,91.2,88.73,90.71,350185
06-10-2016,89.69,90.3699,87.5,88.78,370102
06-13-2016,87.14,90.28,86.5,88.95,397033
06-14-2016,85.62,88.3862,83.25,86.39,417597
06-15-2016,86.22,87.3224,85.42,86.17,347604
06-16-2016,85.71,86.37,83.0801,85.41,403024
06-17-2016,87.37,90.22,85.99,86.06,780793
06-20-2016,88.42,92.9689,87.535,89.08,583858
06-21-2016,87.76,90.77,87.1,89.14,263708
06-22-2016,88.57,90.76,86.0101,87.21,368353
06-23-2016,89.14,90.42,87.54,89.02,247555
06-24-2016,83.31,86.6137,82.33,84.31,642140
06-27-2016,88.49,93.7,83.32,92.29,4003982
06-28-2016,91.93,94.32,88.59,89.99,984070
06-29-2016,93.21,95.61,92.76,93.45,568487
06-30-2016,91.57,94.663,89.27,93.26,514358
07-01-2016,93.78,94.66,91.23,91.23,607381
07-05-2016,92.2,93.27,90.84,93.27,277941
07-06-2016,92.93,94.51,90.25,91.2,307498
07-07-2016,93.47,94.38,92.1447,93.49,300099
07-08-2016,94.83,95.63,92.84,94.05,391196
07-11-2016,96.35,98.2,95.09,96.4,507871
07-12-2016,97.1,97.7399,96.35,97.38,242721
07-13-2016,92.26,95.05,90.65,94.22,2429996
07-14-2016,91,92.98,90.21,92.75,607020
07-15-2016,90.39,92.05,89.52,91.34,521967
07-18-2016,90.66,91.66,90.01,90.58,320851
07-19-2016,90.94,92.18,90.42,90.42,360456
07-20-2016,93.94,94.2335,90.76,91.4,507832
07-21-2016,93.75,96.64,93.33,94.73,403010
07-22-2016,94.68,95.37,93.01,94,236515
07-25-2016,93.2,94.74,92,94.48,191801
07-26-2016,93.17,93.47,91.62,92.91,351530
07-27-2016,94.16,94.43,92.49,92.74,370310
07-28-2016,94.32,94.57,93.05,94.13,280516
07-29-2016,94.32,95.73,93.4501,93.91,369481
08-01-2016,96.11,96.25,93.71,94.25,504870
08-02-2016,94.07,96.4,92.4172,95.94,332418
08-03-2016,95.02,95.75,93.83,94.44,275457
08-04-2016,95.4,95.95,94.2,95.49,191886
08-05-2016,95.62,95.7499,95.0101,95.26,164176
08-08-2016,93.96,95.75,93.71,95.37,245319
08-09-2016,92.65,95,92.465,93,316409
08-10-2016,86.59,92.6399,85.4175,92.57,852582
08-11-2016,87.54,87.62,84.5,85.48,489926
08-12-2016,85.58,88.49,85.2,88.17,355143
08-15-2016,85.07,86.46,84.901,85.56,328136
08-16-2016,81.56,85.2899,81.44,84.78,503597
08-17-2016,81.38,82.57,80,81.34,454396
08-18-2016,84.16,84.3,81.45,81.66,297405
08-19-2016,83.28,84.25,83.02,83.59,242327
08-22-2016,84.38,86.6795,82.55,82.92,416366
08-23-2016,85.04,85.825,84.37,85,196058
08-24-2016,82.53,88.23,82.24,85.32,530146
08-25-2016,81.54,83.19,79.618,82.24,334648
08-26-2016,81.63,84.04,81.16,82.06,369014
08-29-2016,80.65,82.59,79.71,81.44,303862
08-30-2016,81.77,82.43,81.06,81.08,394808
08-31-2016,81.75,81.95,80.62,80.73,307213
09-01-2016,82.28,82.41,80.77,81.41,327205
09-02-2016,82.73,83,81.6001,81.96,208179
09-06-2016,84.2,85.25,83.115,83.39,307270
09-07-2016,104.03,104.58,82.93,84.14,3124007
09-08-2016,104.78,110.2099,98.6,100.23,3939455
09-09-2016,99.84,102,98.2,100.41,1733509
09-12-2016,100.77,102.28,98.28,99.36,858118
09-13-2016,98.11,100.74,96.43,100.74,508526
09-14-2016,102.18,102.47,97.37,98,599932
09-15-2016,105.09,106.69,99.93,102.17,1134580
09-16-2016,105.12,106.41,102.78,103.99,435460
09-19-2016,105.41,106.67,103.5,105.01,425653
09-20-2016,108.29,111.82,105.72,105.88,826360
09-21-2016,107.96,109.34,106.01,108.53,395950
09-22-2016,109.76,110.6799,107.91,108.03,332221
09-23-2016,107.56,109.49,106.5,109.39,483648
09-26-2016,126.06,126.47,119.27,120.51,3348676
09-27-2016,124.91,127.45,122.61,125.6,1013573
09-28-2016,130.14,130.24,122.94,125.54,903398
09-29-2016,129.97,132.47,127.52,128.35,902492
09-30-2016,132.73,135.16,129.26,131.54,845719
10-03-2016,132.68,133.31,129.75,133.31,569427
10-04-2016,133.14,134.81,131.0754,134.81,527923
10-05-2016,133.45,136.98,132.73,133.01,620771
10-06-2016,133.1,135,131.08,133.23,516743
10-07-2016,131.17,137.882,129.59,137.3,837637
10-10-2016,132.08,133.02,130.071,131.5,375170
10-11-2016,129.81,131.66,127.01,130,641919
10-12-2016,127.4,130.26,127.16,129.49,381219
10-13-2016,128.53,129.65,124.43,126,394135
10-14-2016,126.39,129.36,126.27,129.05,270600
10-17-2016,126.87,127.83,123.8058,126.62,336029
10-18-2016,125.21,128,124.44,127.7,359535
10-19-2016,121.8,124.24,121.4404,123.75,408304
10-20-2016,124.84,127.24,118.5,120,594936
10-21-2016,123.11,125.09,123,124.06,317564
10-24-2016,119.83,123.1,119.05,123.1,484445
10-25-2016,118.24,119.71,116.76,118,380095
10-26-2016,117.77,120.51,117.02,117.65,338392
10-27-2016,116.23,119.59,116.02,118.38,227992
10-28-2016,116.89,118.999,114.13,116.07,301085
10-31-2016,117.39,117.66,115.63,116.79,204719
11-01-2016,116.3,118.29,114.28,117.35,332684
11-02-2016,113.29,115.79,110.6501,115.79,665323
11-03-2016,111.45,114.55,110.82,113.21,411289
11-04-2016,115.11,116.87,110.92,111.01,449595
11-07-2016,119.18,119.8089,117,117.88,514634
11-08-2016,120.25,124.8062,118.22,119.84,660421
11-09-2016,127.49,128.95,116.56,123.79,1302320
11-10-2016,129.92,134.51,126.73,129.72,971895
11-11-2016,130.97,131.86,127.56,128.99,438964
11-14-2016,132.86,134.39,129.86,130.93,390091
11-15-2016,134.02,134.34,130.01,132.92,522612
11-16-2016,129.21,134.63,127.71,133.49,585193
11-17-2016,126.42,130.794,125.51,128.48,747591
11-18-2016,118.66,126.75,116.25,126.75,1544640
11-21-2016,121.57,122.63,114.68,118.33,963084
11-22-2016,114.88,122.1,113.6,120.99,684170
11-23-2016,116.67,117.07,111.769,113.48,469047
11-25-2016,117.47,120.13,116.5,117.61,261698
11-28-2016,117.06,120.93,114.78,116.8,618331
11-29-2016,116.3,118.81,115.57,116.09,358104
11-30-2016,111.65,116.29,110.25,114.81,947425
12-01-2016,109.28,111.69,107.35,109.87,777857
12-02-2016,112.32,112.99,107.1001,108,578112
12-05-2016,117.45,122.25,110,110.1,1188146
12-06-2016,120.19,120.49,116.09,119.49,360888
12-07-2016,116.84,120,114,120,645128
12-08-2016,118.19,118.51,115.5001,116.91,457204
12-09-2016,115.06,120.3,114.18,119.48,539853
12-12-2016,115.96,117.14,112.12,114.68,460989
12-13-2016,115.58,118.29,114.6,116.63,264898
12-14-2016,116.47,116.88,114.8,115.03,229551
12-15-2016,117.08,117.85,115.03,116.89,217194
12-16-2016,114.57,117.75,113.83,117.16,543237
12-19-2016,113.36,115.805,112.65,115.42,160695
12-20-2016,114.66,116.34,113.34,113.87,384260
12-21-2016,114.02,116.3217,113.8001,114.49,262620
12-22-2016,113.06,114.1879,111.02,114.15,449796
12-23-2016,114.24,115.39,113.11,113.25,169531
12-27-2016,113.21,115.7099,112.985,114.41,156492
12-28-2016,111.7,113.86,111.21,113.44,170296
12-29-2016,111.43,112.8316,110,111.48,218005
12-30-2016,111.75,113.4499,110.86,112.06,218864
01-03-2017,112.38,113.51,110.75,112.14,301512
01-04-2017,116.88,118.1399,112.31,112.9,382686
01-05-2017,117.74,121.25,117,117.39,376643
01-06-2017,118.36,121.09,117.67,118.63,282052
01-09-2017,120.02,120.39,118.33,119.17,323938
01-10-2017,123.81,125.45,120.77,120.99,550107
01-11-2017,119.06,124.9999,117.5,124.32,613615
01-12-2017,118.38,120.5,114.75,118.58,407084
01-13-2017,119.91,122.91,119.1401,120.71,466056
01-17-2017,121.79,122.508,118.59,120.49,350014
01-18-2017,122.29,123.8399,120.28,123.5,302962
01-19-2017,118.65,123.3375,118.41,122.73,381086
01-20-2017,120.01,120.39,117.52,118.93,452594
01-23-2017,120.23,121.44,118.84,120,328840
01-24-2017,118.86,121.35,117.34,120.96,402626
01-25-2017,119.75,119.93,119.11,119.93,322509
01-26-2017,116.74,120.4,116.58,119.63,334485
01-27-2017,115.75,118.4899,115.51,117.96,196245
01-30-2017,113.48,116.59,113,115.5,302004
01-31-2017,114.98,117.01,112,113.49,488172
02-01-2017,114.92,115.96,113.67,115.96,308374
02-02-2017,115.3,116.6,112.5,115.94,331086
02-03-2017,118.68,118.84,115.06,115.8,330721
02-06-2017,120.76,120.94,118.52,118.71,402611
02-07-2017,123.93,125.02,118.19,119.97,687359
02-08-2017,128.9,130,124.281,124.63,675550
02-09-2017,127.93,130.8299,126.75,129.87,453163
02-10-2017,128.23,129.48,127.04,128.06,284593
02-13-2017,129.42,131.33,127.65,128.3,358503
02-14-2017,132.41,132.73,128.87,130.8,507603
02-15-2017,132.51,133.3,130.06,132.49,512172
02-16-2017,129.81,132.4973,128.71,132.09,318468
02-17-2017,129.59,130.5795,128.03,129.84,203590
02-21-2017,129.43,130.5719,128.75,130.35,209540
02-22-2017,125.17,129.2067,123.84,128.89,462071
02-23-2017,124.3,127.16,122.72,125.81,377492
02-24-2017,123.74,124,120.39,122.98,348791
02-27-2017,125.41,125.74,122.64,123.43,218320
02-28-2017,124.78,126.42,124.25,125.04,139582
03-01-2017,128.31,128.62,124.37,125,398389
03-02-2017,129.84,131.39,127.879,128.29,602733
03-03-2017,131.35,136.95,129.85,130.37,588159
03-06-2017,128.99,131.04,128.26,130.97,384735
03-07-2017,127.4,129.54,126.0001,127.91,297887
03-08-2017,129.59,130.89,127.7499,127.75,366447
03-09-2017,125.44,129.81,125.11,129.18,433988
03-10-2017,125.07,126.99,122.79,126,494551
03-13-2017,123.33,125.59,123.01,125,405168
03-14-2017,123.47,124.3599,122.111,123.15,270743
03-15-2017,123.95,124.7062,122.5,123.3,347796
03-16-2017,122.97,124.75,122.615,124.51,168900
03-17-2017,123.08,123.57,122,122.54,246200
03-20-2017,122.47,123.57,122.07,123.57,202950
03-21-2017,119.06,123.3,118.3,122.56,363021
03-22-2017,119.5,120.31,118,118.71,191576
03-23-2017,121.12,122.81,119.16,119.5,230081
03-24-2017,121.17,123.3289,120.58,121.5,168930
