03-28-2016,16.25,16.56,15.76,16.42,848991
03-29-2016,19.68,19.7899,15.86,16.15,1128255
03-30-2016,19.37,20,18.8201,19.6,869648
03-31-2016,18.99,19.95,18.92,19.48,517930
04-01-2016,20.9,21.2,18.3701,18.85,774418
04-04-2016,20.11,21.94,19.92,21.2,530428
04-05-2016,19.65,20.23,19.23,19.72,404351
04-06-2016,20.41,20.47,19.64,19.85,596485
04-07-2016,20.57,21.24,19.49,20.2,623724
04-08-2016,20.58,21.0056,20.1,20.92,359974
04-11-2016,19.74,21,19.69,20.78,306777
04-12-2016,19.52,20.17,19.21,19.65,367845
04-13-2016,20.41,20.42,19.36,19.58,443231
04-14-2016,20.49,21.05,20.05,20.4,346511
04-15-2016,20.91,21.23,19.56,20.5,436152
04-18-2016,21.49,22.27,20.6,20.69,605237
04-19-2016,22.58,25.46,21.56,25.3,2610970
04-20-2016,22.2,22.9,21.72,22.36,556701
04-21-2016,22.22,22.65,21.8,22.04,439362
04-22-2016,23.16,23.44,21.93,22.22,418682
04-25-2016,22.45,23.17,22.26,23,292238
04-26-2016,21.66,22.54,19.7,22.54,1124305
04-27-2016,21.41,21.75,21.14,21.43,328668
04-28-2016,21.61,21.9,20.67,21.27,372093
04-29-2016,21.44,21.98,21.257,21.69,377109
05-02-2016,22.33,22.36,21.275,21.67,434818
05-03-2016,22.18,22.9,22.06,22.35,668625
05-04-2016,19.8,22.39,19.5,22.12,729778
05-05-2016,18.66,20.5253,18.2101,19.78,598802
05-06-2016,16.84,18.61,16.184,18.14,1333135
05-09-2016,17.18,17.53,16.5,16.8,490025
05-10-2016,16.59,17.4899,16.43,17.42,375028
05-11-2016,15.99,16.8,15.86,16.53,395402
05-12-2016,16.4,16.78,15.5,16.15,537044
05-13-2016,16.33,16.65,15.74,16.2,518390
05-16-2016,17.24,17.34,16.21,16.4,517823
05-17-2016,17.65,17.78,17.01,17.12,628358
05-18-2016,17.58,18.24,17.27,17.42,426534
05-19-2016,17.83,18.25,16.795,17.42,509172
05-20-2016,19.47,19.51,17.74,17.93,698592
05-23-2016,19.59,20.22,18.75,19.4,621949
05-24-2016,20.53,20.76,19.43,19.76,594114
05-25-2016,20.57,21.085,20.15,20.74,406245
05-26-2016,19.2,20.39,18.85,20.28,540847
05-27-2016,19.16,19.42,18.86,19.34,241740
05-31-2016,21.4,21.46,19.258,19.62,781014
06-01-2016,20.72,21.379,20.4575,21.21,468858
06-02-2016,20.92,21.08,20.6,20.63,427477
06-03-2016,19.99,21.04,19.91,20.89,393282
06-06-2016,21.06,21.08,19.68,20.14,451425
06-07-2016,20.76,21.09,20.49,20.85,246295
06-08-2016,19.99,20.8,19.7,20.77,344784
06-09-2016,19.59,20.14,19.25,19.84,420475
06-10-2016,19.165,19.74,19,19.27,460084
06-13-2016,18.14,19.245,18.06,18.97,515501
06-14-2016,18.15,18.6,17.59,18.02,481907
06-15-2016,18.47,18.93,18.15,18.41,274681
06-16-2016,17.81,18.2918,17.49,18.27,298603
06-17-2016,17.56,18.1,17.49,17.77,768256
06-20-2016,18.41,18.48,17.49,17.87,318351
06-21-2016,18.09,18.73,17.64,18.44,333162
06-22-2016,17.89,18.255,17.53,18,380769
06-23-2016,18.14,18.53,17.92,18.29,384281
06-24-2016,17.2,17.66,16.9,17.05,598695
06-27-2016,17.46,17.7584,16.55,16.97,581554
06-28-2016,17.83,18.18,17.56,17.6,460976
06-29-2016,18,18.145,17.66,17.93,387243
06-30-2016,18.05,18.07,17.56,18,462945
07-01-2016,18.3,18.54,17.87,18.12,415580
07-05-2016,17.97,18.44,17.7,18.4,478209
07-06-2016,17.75,18.1,17.49,17.7,613610
07-07-2016,18.01,18.455,17.73,17.82,347707
07-08-2016,18.68,18.745,17.82,18.12,524098
07-11-2016,18,19.09,17.92,18.89,437043
07-12-2016,17.88,18.27,17.6,18.21,434467
07-13-2016,16.58,18.2,16.45,18.2,633128
07-14-2016,16.44,16.81,16.2,16.69,448307
07-15-2016,17.16,17.45,16.27,16.52,553165
07-18-2016,16.82,17.1786,16.26,17.14,433421
07-19-2016,15.76,17.019,15.71,16.87,438042
07-20-2016,16.6,16.71,15.36,15.78,645545
07-21-2016,16.19,16.9065,15.98,16.7,354063
07-22-2016,16.65,16.74,15.92,16.16,407676
07-25-2016,16.52,16.939,16.1999,16.65,264681
07-26-2016,16.61,16.7,16.131,16.37,311634
07-27-2016,18.25,18.35,16.66,16.68,510994
07-28-2016,16.74,18.33,16.42,18.12,579989
07-29-2016,16.62,17.059,16.38,16.7,268783
08-01-2016,16.9,19.55,16.55,18.57,3724663
08-02-2016,18.2,18.919,16.9,16.95,1972174
08-03-2016,19.43,19.76,17.7458,17.92,859970
08-04-2016,18.94,20.25,18.7,19.58,552337
08-05-2016,18.9,19.15,18.41,18.99,305523
08-08-2016,18.74,19.36,18.35,19.07,237829
08-09-2016,19.86,19.95,18.35,18.39,538849
08-10-2016,20.33,24,20.1,23.36,6574897
08-11-2016,20.23,20.5377,19.62,20.27,1616495
08-12-2016,20.41,20.5832,19.84,20.27,529959
08-15-2016,20.66,20.69,20.07,20.55,501301
08-16-2016,21.35,22.01,20.65,20.65,923998
08-17-2016,21.19,21.55,20.67,21.47,813053
08-18-2016,20.91,21.15,20.68,21.13,763885
08-19-2016,20.82,20.91,20.63,20.88,417469
08-22-2016,21.01,21.01,20.41,20.78,607817
08-23-2016,20.88,21.2355,20.71,21.01,252546
08-24-2016,19.85,21.24,19.74,20.91,886860
08-25-2016,19.27,20.07,18.72,19.79,596929
08-26-2016,19.38,19.99,19.15,19.24,358334
08-29-2016,18.97,19.33,18.69,19.33,308213
08-30-2016,19.21,19.47,18.66,18.87,321134
08-31-2016,18.6,19.3599,18.22,19.05,589072
09-01-2016,18.33,18.95,17.845,18.54,594199
09-02-2016,17.7,18.43,17.661,18.42,414202
09-06-2016,18.24,18.28,17.7,17.94,399790
09-07-2016,18.45,18.49,17.88,18.15,367987
09-08-2016,18.87,18.89,18.05,18.22,366089
09-09-2016,18.8,18.97,18.48,18.55,860494
09-12-2016,19.39,19.47,18.42,18.55,838625
09-13-2016,19.28,19.78,18.3,19.19,917394
09-14-2016,19.63,20.2,19.34,19.44,461786
09-15-2016,19.49,19.7,18.7,19.7,515664
09-16-2016,19.26,19.58,18.795,19.42,639584
09-19-2016,19.3,19.52,18.98,19.45,462243
09-20-2016,19.86,20.036,19.22,19.5,439778
09-21-2016,19.76,20.12,19.16,20.03,497735
09-22-2016,18.4,19.92,18,19.8,1016562
09-23-2016,18.18,18.46,17.72,18.3,638059
09-26-2016,17.29,18.16,17.26,18.16,489980
09-27-2016,17.62,17.63,16.83,17.23,418965
09-28-2016,17.7,17.8,17.25,17.75,313833
09-29-2016,17.1,17.7,17.07,17.61,305969
09-30-2016,17.23,17.5654,16.84,17.13,377205
10-03-2016,16.61,16.66,15.13,16.46,1867112
10-04-2016,16.09,16.86,15.88,16.74,682062
10-05-2016,17.2,18.24,16.07,16.23,1136593
10-06-2016,17.03,17.46,16.63,17.34,573097
10-07-2016,16.83,17.23,16.4,17.1,638526
10-10-2016,17.2,17.47,16.9,16.9,487487
10-11-2016,16.29,17.3,16.08,17,578634
10-12-2016,15.7,16.46,15.63,16.35,456107
10-13-2016,15.42,15.8,15.15,15.64,516575
10-14-2016,15.61,15.87,15.17,15.45,564364
10-17-2016,15.7,15.9,14.75,15.7,680659
10-18-2016,15.4,15.95,15.25,15.85,390499
10-19-2016,15.6,15.7,14.9,15.5,530225
10-20-2016,16.3,16.475,15.35,15.5,706882
10-21-2016,16.4,16.65,16,16.1,498127
10-24-2016,16.3,16.7,16.238,16.55,355909
10-25-2016,15.9,16.5,15.85,16.35,552923
10-26-2016,15.75,16.4754,15.6,16.2,317682
10-27-2016,15.35,16.1,15.35,15.9,251064
10-28-2016,15.15,15.55,14.95,15.35,442009
10-31-2016,14.85,15.25,14.5,15.1,440787
11-01-2016,14.85,15.15,14.25,14.85,397064
11-02-2016,14.4,15.05,14.35,14.85,327544
11-03-2016,14.05,14.55,13.95,14.35,642113
11-04-2016,14.9,14.9,14,14,375594
11-07-2016,15.75,16,14.85,15,638349
11-08-2016,16.05,16.3,15.5,15.8,610750
11-09-2016,17.85,18.575,16.5,16.5,1248963
11-10-2016,18.45,18.65,17.7,18.25,784755
11-11-2016,19,19.45,18.1,18.3,852756
11-14-2016,19.65,19.95,18.4,19.15,1193960
11-15-2016,20.35,20.8,19.65,19.65,766226
11-16-2016,19.65,20.85,19.55,20.25,645889
11-17-2016,19.75,20.1,19.3,19.65,476455
11-18-2016,19,19.85,18.45,19.85,766435
11-21-2016,17.9,19.15,17.65,19,1067155
11-22-2016,16.5,18,16.35,18,859823
11-23-2016,16.55,16.75,15.8,16.25,549201
11-25-2016,16,16.2,14.825,16.2,1233994
11-28-2016,15.2,15.95,15.0677,15.95,918933
11-29-2016,14.75,15.25,14.35,15.15,3564612
11-30-2016,15.35,15.95,14.75,14.75,1317985
12-01-2016,15.15,15.4,14.7,15.25,1029795
12-02-2016,15.35,15.6,15,15.15,542279
12-05-2016,15.9,16.1,15.55,15.65,641919
12-06-2016,15.4,16.15,14.95,15.95,571251
12-07-2016,15.25,15.45,14.7,15.1,502551
12-08-2016,15.45,15.55,14.8,15.3,657903
12-09-2016,14.9,15.9,14.75,15.6,863957
12-12-2016,14.15,14.95,13.9,14.95,1164611
12-13-2016,13.7,14.3,13.5,14.25,551199
12-14-2016,13.6,13.9,13.1,13.65,717668
12-15-2016,13.9,14.1,13.505,13.7,580040
12-16-2016,14.1,14.2,13.7,13.9,1186782
12-19-2016,13.8,14.5,13.75,14.1,723549
12-20-2016,13.8,14.2,13.4,13.9,579626
12-21-2016,13,14.05,12.9,13.9,751992
12-22-2016,12.4,13.2,12.3,13.05,604745
12-23-2016,13.35,13.5,12.4,12.4,783628
12-27-2016,13.4,13.95,13.3,13.35,523935
12-28-2016,13.35,13.6,13,13.4,973923
12-29-2016,12.8,13.6,12.5,13.35,1039213
12-30-2016,13.1,13.25,12.65,12.9,685011
01-03-2017,13.4,13.8,12.95,13.25,808735
01-04-2017,13.8,13.85,13.2,13.45,1013848
01-05-2017,12.55,13.3,12.4,12.75,2571449
01-06-2017,13.05,13.1,12.5,12.6,2465314
01-09-2017,13.5,13.6,13,13.2,792419
01-10-2017,13.5,13.65,13.075,13.55,726305
01-11-2017,12.5,13.6,12.5,13.5,1231642
01-12-2017,12.9,12.95,12.2135,12.5,639346
01-13-2017,12.9,13.175,12.725,12.85,868352
01-17-2017,12.85,13.025,12.55,12.8,630191
01-18-2017,12.8,13.1,12.5,12.9,696423
01-19-2017,13.85,14.45,13,13.2,5386856
01-20-2017,13.3,13.85,13.15,13.8,1022403
01-23-2017,12.6,13.35,12.5,13.15,1215369
01-24-2017,12.95,13.3,12.4,12.9,1197212
01-25-2017,12.95,13.25,12.8,13.05,592534
01-26-2017,12.7,13.1,12.625,12.95,772706
01-27-2017,12.45,12.9,12.4,12.65,1002293
01-30-2017,12.55,12.95,12.25,12.4,773717
01-31-2017,13,13.05,12.35,12.55,1531578
02-01-2017,13.35,13.9,13,13.15,906189
02-02-2017,13.5,13.8,13.1,13.35,567456
02-03-2017,13.8,13.85,13.3,13.6,460839
02-06-2017,13.35,13.75,12.9,13.75,623288
02-07-2017,13.35,13.45,12.9,13.35,648090
02-08-2017,13.1,13.45,12.95,13.25,504103
02-09-2017,13.5,13.625,13.05,13.05,371789
02-10-2017,13.55,13.7,13.3,13.45,468333
02-13-2017,13.85,13.85,13.4,13.7,549227
02-14-2017,13.95,13.95,13.65,13.8,550721
02-15-2017,15,15.15,13.65,13.9,1352236
02-16-2017,14.6,15.125,14.05,15.1,961415
02-17-2017,14.3,14.5,13.9788,14.5,704062
02-21-2017,14.1,14.45,14,14.35,348919
02-22-2017,13.85,14.25,13.8,14.05,452800
02-23-2017,13.75,14.2,13.675,13.95,405779
02-24-2017,13.9,14.75,13.8,14.3,1649416
02-27-2017,15.15,15.15,14.05,14.45,2410066
02-28-2017,14.3,15.05,13.6,15.05,4138369
03-01-2017,14.6,14.85,14.25,14.45,1156257
03-02-2017,14.3,15.15,14.2,14.6,1040056
03-03-2017,14.1,14.45,13.9,14.25,553577
03-06-2017,13.9,14.2,13.8,14,616302
03-07-2017,13.35,13.9,13.2,13.75,811029
03-08-2017,14.6,14.881,13.33,13.4,1103828
03-09-2017,15.1,15.1,14.55,14.55,870895
03-10-2017,14.7,15.2,14.4,15.15,715745
03-13-2017,14.65,15,14.35,14.75,594293
03-14-2017,14.3,14.8,14.2,14.55,451003
03-15-2017,14.75,14.9,14.15,14.4,436622
03-16-2017,14.8,15.1,14.65,14.75,479656
03-17-2017,14.3,14.95,14.25,14.75,987110
03-20-2017,14.15,14.65,14.1,14.3,504004
03-21-2017,13.7,14.35,13.45,14.25,717734
03-22-2017,14.15,14.15,13.55,13.75,775241
03-23-2017,14.4,14.7,13.95,14.1,581983
03-24-2017,14.75,14.85,14.35,14.4,405370
