03-28-2016,0.71,0.74,0.6911,0.74,742572
03-29-2016,0.68,0.71,0.645,0.6826,758060
03-30-2016,0.7,0.71,0.6667,0.71,396254
03-31-2016,0.6935,0.71,0.68,0.71,278522
04-01-2016,0.68,0.7,0.67,0.7,263250
04-04-2016,0.6891,0.7,0.65,0.69,369900
04-05-2016,0.6603,0.69,0.66,0.68,274889
04-06-2016,0.68,0.7,0.66,0.68,138763
04-07-2016,0.664,0.7099,0.64,0.7098,540299
04-08-2016,0.5999,0.69,0.56,0.6601,1255333
04-11-2016,0.57,0.6,0.55,0.6,378963
04-12-2016,0.579,0.5925,0.53,0.58,578477
04-13-2016,0.62,0.63,0.54,0.557,537068
04-14-2016,0.724,0.729,0.6,0.64,1339097
04-15-2016,0.71,0.74,0.69,0.73,956244
04-18-2016,0.718,0.745,0.701,0.7324,960874
04-19-2016,0.6658,0.7295,0.665,0.719,475766
04-20-2016,0.65,0.7,0.6,0.67,912468
04-21-2016,0.65,0.67,0.61,0.65,268143
04-22-2016,0.6825,0.7,0.65,0.66,648251
04-25-2016,0.715,0.74,0.6708,0.7,980528
04-26-2016,0.72,0.7391,0.682,0.7391,452609
04-27-2016,0.6917,0.7291,0.68,0.7291,351169
04-28-2016,0.6924,0.72,0.68,0.69,332875
04-29-2016,0.678,0.715,0.678,0.695,367203
05-02-2016,0.671,0.7098,0.66,0.7,178360
05-03-2016,0.645,0.7,0.64,0.67,336845
05-04-2016,0.615,0.67,0.6,0.6046,345777
05-05-2016,0.5845,0.6495,0.56,0.62,410464
05-06-2016,0.5883,0.6,0.5466,0.59,306632
05-09-2016,0.626,0.6399,0.57,0.572,369763
05-10-2016,0.605,0.6597,0.5601,0.64,319306
05-11-2016,0.575,0.61,0.56,0.61,231936
05-12-2016,0.55,0.57,0.5301,0.57,344615
05-13-2016,0.4592,0.55,0.401,0.52,945675
05-16-2016,0.4601,0.48,0.42,0.48,428691
05-17-2016,0.4799,0.51,0.46,0.51,299705
05-18-2016,0.53,0.53,0.4401,0.49,614269
05-19-2016,0.5001,0.5299,0.4901,0.52,226400
05-20-2016,0.535,0.535,0.462,0.51,266755
05-23-2016,0.525,0.5763,0.5,0.524,186333
05-24-2016,0.58,0.6,0.5022,0.57,392164
05-25-2016,0.6,0.6299,0.56,0.569,352118
05-26-2016,0.635,0.64,0.6032,0.615,281134
05-27-2016,0.6699,0.685,0.63,0.65,1097106
05-31-2016,0.697,0.71,0.67,0.7,436248
06-01-2016,0.6698,0.7189,0.645,0.7189,699487
06-02-2016,0.6701,0.7,0.655,0.7,341415
06-03-2016,0.6451,0.695,0.61,0.6704,497258
06-06-2016,0.56,0.68,0.55,0.66,716970
06-07-2016,0.576,0.5985,0.52,0.57,437650
06-08-2016,0.585,0.6048,0.56,0.59,160424
06-09-2016,0.5995,0.6099,0.57,0.59,253429
06-10-2016,0.6,0.62,0.58,0.62,312700
06-13-2016,0.6002,0.61,0.585,0.6,242602
06-14-2016,0.603,0.61,0.57,0.61,200063
06-15-2016,0.6032,0.62,0.581,0.61,229874
06-16-2016,0.605,0.609,0.58,0.6,74632
06-17-2016,0.595,0.61,0.58,0.6,129660
06-20-2016,0.6,0.65,0.6,0.65,178841
06-21-2016,0.6066,0.6355,0.6,0.618,116105
06-22-2016,0.6303,0.6325,0.61,0.61,190464
06-23-2016,0.8,0.83,0.615,0.64,2282231
06-24-2016,0.71,0.79,0.66,0.72,1349410
06-27-2016,0.6299,0.75,0.62,0.7,518553
06-28-2016,0.7,0.705,0.6299,0.658,321900
06-29-2016,0.71,0.729,0.671,0.7,523371
06-30-2016,0.71,0.77,0.6975,0.71,438175
07-01-2016,0.7158,0.7511,0.69,0.731,200693
07-05-2016,0.7141,0.7398,0.71,0.7398,76374
07-06-2016,0.68,0.77,0.62,0.71,116250
07-07-2016,0.67,0.71,0.64,0.71,118200
07-08-2016,0.661,0.6819,0.6524,0.659,183357
07-11-2016,0.6922,0.7,0.66,0.67,167478
07-12-2016,0.6973,0.71,0.67,0.7,180912
07-13-2016,0.692,0.7,0.6903,0.7,82218
07-14-2016,0.6722,0.7,0.659,0.7,161110
07-15-2016,0.69,0.69,0.64,0.69,74720
07-18-2016,0.675,0.7,0.651,0.7,78184
07-19-2016,0.76,0.8,0.675,0.68,2105592
07-20-2016,1,1.03,0.71,0.81,9054436
07-21-2016,0.869,1.2,0.831,1.04,5075481
07-22-2016,0.7411,0.838,0.7201,0.733,1702474
07-25-2016,0.7005,0.7499,0.7005,0.7497,497949
07-26-2016,0.715,0.839,0.7,0.701,1111837
07-27-2016,0.72,0.77,0.715,0.72,333049
07-28-2016,0.72,0.7699,0.7001,0.756,401614
07-29-2016,0.71,0.7267,0.7001,0.72,390314
08-01-2016,0.9141,1.01,0.715,0.755,6053593
08-02-2016,1.08,1.42,0.9241,0.93,17009011
08-03-2016,1.13,1.33,1.1,1.12,6416644
08-04-2016,1.11,1.19,1.02,1.17,2025714
08-05-2016,1.31,1.34,1.1,1.12,5292148
08-08-2016,1.81,1.9,1.45,1.52,12034903
08-09-2016,1.79,2.07,1.7,1.82,7101318
08-10-2016,1.58,1.75,1.46,1.75,3236912
08-11-2016,1.66,1.74,1.46,1.59,1972435
08-12-2016,1.63,1.71,1.52,1.68,786788
08-15-2016,1.55,1.6755,1.52,1.65,1371423
08-16-2016,1.375,1.47,1.29,1.35,1816232
08-17-2016,1.57,1.7,1.3,1.4,3040571
08-18-2016,1.52,1.7,1.48,1.5,1888744
08-19-2016,1.55,1.6,1.5,1.52,952084
08-22-2016,1.54,1.6,1.5,1.53,620595
08-23-2016,1.63,1.74,1.55,1.63,2288816
08-24-2016,1.76,1.8,1.62,1.68,3427371
08-25-2016,1.72,1.85,1.63,1.8,3212601
08-26-2016,1.5,1.78,1.3,1.7,2513278
08-29-2016,1.52,1.62,1.49,1.56,1042952
08-30-2016,1.51,1.5999,1.43,1.56,937824
08-31-2016,1.41,1.56,1.39,1.56,870131
09-01-2016,1.36,1.42,1.3,1.42,946389
09-02-2016,1.34,1.3899,1.3,1.38,508620
09-06-2016,1.3,1.4,1.3,1.4,511649
09-07-2016,1.33,1.36,1.3,1.3,523310
09-08-2016,1.43,1.47,1.35,1.35,719427
09-09-2016,1.4001,1.487,1.38,1.41,450144
09-12-2016,1.35,1.4112,1.35,1.4,324488
09-13-2016,1.3999,1.42,1.32,1.33,602837
09-14-2016,1.4,1.472,1.36,1.47,429038
09-15-2016,1.39,1.44,1.35,1.44,503393
09-16-2016,1.39,1.4,1.34,1.39,408022
09-19-2016,1.3965,1.43,1.36,1.37,259163
09-20-2016,1.38,1.41,1.35,1.36,422775
09-21-2016,1.4,1.44,1.36,1.38,423862
09-22-2016,1.37,1.42,1.3316,1.42,463542
09-23-2016,1.44,1.47,1.38,1.41,1032685
09-26-2016,1.44,1.54,1.41,1.49,1840512
09-27-2016,1.389,1.47,1.33,1.43,755074
09-28-2016,1.36,1.41,1.35,1.36,353527
09-29-2016,1.37,1.39,1.35,1.38,381430
09-30-2016,1.37,1.39,1.34,1.38,295412
10-03-2016,1.34,1.39,1.34,1.39,239798
10-04-2016,1.33,1.37,1.33,1.37,278458
10-05-2016,1.35,1.37,1.33,1.35,311523
10-06-2016,1.33,1.37,1.33,1.37,309716
10-07-2016,1.24,1.36,1.12,1.36,1013784
10-10-2016,1.18,1.23,1.11,1.23,536727
10-11-2016,1.18,1.229,1.16,1.16,184606
10-12-2016,1.325,1.35,1.19,1.21,849131
10-13-2016,1.25,1.37,1.23,1.37,459110
10-14-2016,1.21,1.26,1.1601,1.26,523288
10-17-2016,1.18,1.27,1.09,1.18,548313
10-18-2016,1.17,1.22,1.14,1.21,283586
10-19-2016,1.155,1.2,1.11,1.18,370599
10-20-2016,1.21,1.23,1.12,1.12,394603
10-21-2016,1.23,1.24,1.19,1.23,408675
10-24-2016,1.3,1.32,1.21,1.22,568975
10-25-2016,1.33,1.37,1.32,1.35,1067361
10-26-2016,1.48,1.6,1.32,1.34,2095134
10-27-2016,1.37,1.59,1.32,1.48,1517146
10-28-2016,1.41,1.49,1.35,1.38,568158
10-31-2016,1.34,1.43,1.34,1.43,323112
11-01-2016,1.31,1.36,1.28,1.36,304983
11-02-2016,1.28,1.2924,1.24,1.28,295299
11-03-2016,1.29,1.36,1.26,1.27,359096
11-04-2016,1.2999,1.35,1.28,1.29,255960
11-07-2016,1.38,1.38,1.26,1.32,483271
11-08-2016,1.42,1.53,1.3,1.35,1643084
11-09-2016,1.37,1.5,1.27,1.43,1174684
11-10-2016,1.36,1.42,1.32,1.42,318744
11-11-2016,1.33,1.4268,1.32,1.42,424253
11-14-2016,1.4499,1.46,1.34,1.36,851401
11-15-2016,1.5,1.59,1.45,1.47,1642939
11-16-2016,1.5,1.66,1.3,1.65,1467279
11-17-2016,1.4115,1.5377,1.41,1.53,530307
11-18-2016,1.42,1.4489,1.38,1.43,494819
11-21-2016,1.45,1.54,1.43,1.45,1962996
11-22-2016,1.53,1.56,1.46,1.46,942095
11-23-2016,1.91,2.0201,1.52,1.52,8454311
11-25-2016,2.49,2.89,1.9,1.9,20133087
11-28-2016,3.23,3.25,2.61,2.95,18872276
11-29-2016,2.98,3.35,2.9,3.21,8343393
11-30-2016,2.87,3,2.53,2.99,6545309
12-01-2016,1.03,1.36,0.92,1.16,12269622
12-02-2016,1.24,1.5,1.08,1.08,13839107
12-05-2016,1.11,1.44,1.1,1.43,7392549
12-06-2016,1.2,1.36,1.15,1.36,8375038
12-07-2016,1.17,1.23,1.12,1.22,2076960
12-08-2016,1.03,1.0735,0.96,1.06,5284152
12-09-2016,0.9724,1.01,0.9577,1,1866012
12-12-2016,0.8493,1,0.79,1,2843323
12-13-2016,0.82,0.84,0.7525,0.84,1496794
12-14-2016,0.7899,0.82,0.77,0.8,1046403
12-15-2016,0.73,0.7899,0.7226,0.7899,944082
12-16-2016,0.749,0.75,0.65,0.7,1217151
12-19-2016,0.6963,0.7479,0.671,0.6914,823290
12-20-2016,0.766,0.8564,0.6823,0.7,2201352
12-21-2016,1.01,1.05,0.73,0.77,6899031
12-22-2016,0.92,1.17,0.8901,1.05,6787276
12-23-2016,0.882,0.966,0.851,0.94,876291
12-27-2016,0.9589,1,0.882,0.882,1525684
12-28-2016,0.8902,0.95,0.8831,0.95,1087894
12-29-2016,0.86,0.94,0.8506,0.9,622713
12-30-2016,0.855,0.89,0.8118,0.8434,763555
01-03-2017,0.871,0.894,0.8513,0.8796,447913
01-04-2017,0.9,0.9247,0.855,0.86,826968
01-05-2017,0.88,0.9155,0.86,0.9155,397238
01-06-2017,0.951,1.06,0.8687,0.8687,3833115
01-09-2017,0.98,1.05,0.9618,1,1252049
01-10-2017,1.0594,1.09,0.98,1,2672998
01-11-2017,0.9701,1.09,0.89,1.09,1496219
01-12-2017,0.92,0.9977,0.91,0.9701,725202
01-13-2017,0.902,0.9607,0.9,0.9607,485506
01-17-2017,0.947,0.95,0.89,0.89,511049
01-18-2017,0.9,0.959,0.9,0.95,325453
01-19-2017,0.893,0.94,0.89,0.94,281663
01-20-2017,0.93,0.93,0.89,0.9,378043
01-23-2017,0.9299,0.93,0.9,0.9253,250847
01-24-2017,0.9601,0.98,0.911,0.9498,719111
01-25-2017,0.9418,0.97,0.9375,0.97,285367
01-26-2017,0.94,0.95,0.93,0.95,256189
01-27-2017,1.08,1.13,0.93,0.9352,8323670
01-30-2017,1,1.08,0.961,1.08,1439431
01-31-2017,0.9405,1.03,0.9303,0.97,1342713
02-01-2017,1,1,0.95,0.95,820460
02-02-2017,0.97,1.05,0.95,1.03,1339975
02-03-2017,0.94,0.9817,0.94,0.96,804289
02-06-2017,0.9205,0.959,0.89,0.959,803179
02-07-2017,0.9107,0.9278,0.9016,0.91,417743
02-08-2017,0.8914,0.928,0.89,0.928,516856
02-09-2017,0.92,0.93,0.8914,0.9,463595
02-10-2017,0.945,0.98,0.9,0.93,1181355
02-13-2017,0.9399,1,0.9254,0.95,576596
02-14-2017,0.9339,0.95,0.92,0.9306,223563
02-15-2017,0.951,1,0.92,0.9599,899481
02-16-2017,0.953,0.978,0.941,0.965,380074
02-17-2017,0.9266,1.05,0.92,1.01,2155114
02-21-2017,0.905,0.9599,0.9,0.9302,773141
02-22-2017,0.8855,0.9388,0.88,0.905,626250
02-23-2017,0.84,0.9025,0.81,0.89,937631
02-24-2017,0.8049,0.8442,0.71,0.8406,1161293
02-27-2017,0.865,0.87,0.81,0.84,526780
02-28-2017,0.8422,0.889,0.831,0.87,327128
03-01-2017,0.85,0.875,0.835,0.85,181299
03-02-2017,0.845,0.869,0.831,0.85,218168
03-03-2017,0.827,0.86,0.81,0.8297,294292
03-06-2017,0.8375,0.85,0.82,0.83,274957
03-07-2017,0.8299,0.849,0.82,0.83,199242
03-08-2017,0.84,0.92,0.8238,0.8698,892841
03-09-2017,0.9175,0.949,0.842,0.86,1120858
03-10-2017,0.9,0.9192,0.9,0.9175,269358
03-13-2017,0.9701,1.25,0.97,1.23,11422826
03-14-2017,0.9465,0.98,0.854,0.97,1965145
03-15-2017,0.9209,0.95,0.8849,0.89,626901
03-16-2017,0.9599,1.01,0.9129,1,2134617
03-17-2017,0.88,0.9499,0.88,0.9151,826586
03-20-2017,0.93,0.93,0.89,0.9,487192
03-21-2017,0.99,1.05,0.92,1.03,5502648
03-22-2017,1.03,1.04,0.951,1,2848647
03-23-2017,0.867,0.94,0.835,0.87,4359224
03-24-2017,0.866,0.88,0.85,0.88,905343
