03-28-2016,1.96,2.02,1.9,2,584562
03-29-2016,1.96,2,1.83,1.93,1492239
03-30-2016,1.93,2.07,1.89,1.99,1464472
03-31-2016,1.98,2.015,1.9,1.95,555331
04-01-2016,1.97,2.03,1.91,1.96,492165
04-04-2016,2.06,2.14,1.97,1.97,1043434
04-05-2016,1.98,2.09,1.96,2.05,935629
04-06-2016,2,2.03,1.97,1.98,1743096
04-07-2016,1.94,2.03,1.92,1.99,1430196
04-08-2016,1.91,2.0066,1.875,1.99,840594
04-11-2016,1.87,1.97,1.85,1.92,964589
04-12-2016,1.91,1.92,1.8,1.88,1840500
04-13-2016,1.99,2,1.89,1.89,1142610
04-14-2016,1.89,1.99,1.8785,1.98,1318652
04-15-2016,1.9,1.95,1.87,1.87,1237490
04-18-2016,1.9,1.92,1.865,1.91,956117
04-19-2016,1.84,1.94,1.8,1.94,2090729
04-20-2016,1.84,1.88,1.82,1.85,688809
04-21-2016,1.82,1.87,1.82,1.86,694552
04-22-2016,1.79,1.8385,1.76,1.82,1571416
04-25-2016,1.78,1.82,1.75,1.8,493389
04-26-2016,1.79,1.82,1.71,1.8,895900
04-27-2016,1.77,1.8,1.73,1.77,374699
04-28-2016,1.71,1.81,1.7,1.75,679213
04-29-2016,1.66,1.75,1.65,1.71,622074
05-02-2016,1.68,1.69,1.6099,1.69,520573
05-03-2016,1.66,1.71,1.63,1.65,288272
05-04-2016,1.49,1.65,1.46,1.62,2344873
05-05-2016,1.34,1.56,1.29,1.5,1763404
05-06-2016,1.37,1.4,1.305,1.34,892945
05-09-2016,1.39,1.45,1.35,1.36,2377916
05-10-2016,1.42,1.42,1.19,1.36,2590228
05-11-2016,1.45,1.55,1.38,1.41,802041
05-12-2016,1.32,1.48,1.31,1.48,753184
05-13-2016,1.38,1.43,1.31,1.34,724327
05-16-2016,1.47,1.47,1.39,1.4,666677
05-17-2016,1.42,1.53,1.41,1.47,570480
05-18-2016,1.46,1.48,1.41,1.41,341012
05-19-2016,1.42,1.48,1.4,1.45,311092
05-20-2016,1.48,1.51,1.434,1.44,522684
05-23-2016,1.53,1.57,1.48,1.48,482056
05-24-2016,1.6,1.63,1.54,1.56,482436
05-25-2016,1.56,1.63,1.55,1.6,687908
05-26-2016,1.49,1.57,1.48,1.57,438895
05-27-2016,1.49,1.55,1.47,1.51,388009
05-31-2016,1.58,1.61,1.48,1.52,484829
06-01-2016,1.59,1.6,1.55,1.57,476599
06-02-2016,1.65,1.68,1.575,1.58,481265
06-03-2016,1.57,1.67,1.55,1.62,456176
06-06-2016,1.62,1.65,1.53,1.61,399306
06-07-2016,1.58,1.63,1.56,1.61,307107
06-08-2016,1.61,1.61,1.56,1.6,301975
06-09-2016,1.57,1.6,1.55,1.6,485367
06-10-2016,1.5,1.61,1.5,1.55,457750
06-13-2016,1.44,1.54,1.44,1.5,343858
06-14-2016,1.43,1.49,1.4,1.43,452273
06-15-2016,1.44,1.52,1.425,1.43,545654
06-16-2016,1.56,1.7199,1.4,1.43,2131449
06-17-2016,1.54,1.61,1.51,1.57,832112
06-20-2016,1.6,1.64,1.51,1.56,433711
06-21-2016,1.53,1.625,1.51,1.59,399399
06-22-2016,1.48,1.55,1.47,1.52,433187
06-23-2016,1.53,1.55,1.48,1.51,479217
06-24-2016,1.48,1.51,1.41,1.44,1265840
06-27-2016,1.36,1.48,1.33,1.46,828587
06-28-2016,1.46,1.47,1.37,1.37,366059
06-29-2016,1.47,1.51,1.36,1.47,421636
06-30-2016,1.53,1.54,1.44,1.44,597494
07-01-2016,1.63,1.63,1.52,1.53,765102
07-05-2016,1.61,1.63,1.5601,1.61,279640
07-06-2016,1.62,1.665,1.6,1.6,379093
07-07-2016,1.64,1.675,1.61,1.62,253095
07-08-2016,1.68,1.7,1.64,1.65,460889
07-11-2016,1.68,1.7,1.63,1.68,350836
07-12-2016,1.7,1.73,1.6729,1.69,438259
07-13-2016,1.62,1.72,1.61,1.7,382444
07-14-2016,1.6,1.634,1.58,1.63,432679
07-15-2016,1.59,1.61,1.58,1.61,179115
07-18-2016,1.63,1.64,1.57,1.59,204228
07-19-2016,1.58,1.65,1.58,1.64,268375
07-20-2016,1.61,1.64,1.56,1.6,356288
07-21-2016,1.6,1.66,1.6,1.61,129088
07-22-2016,1.67,1.71,1.58,1.61,468121
07-25-2016,1.64,1.7,1.62,1.65,222774
07-26-2016,1.68,1.68,1.63,1.64,150845
07-27-2016,1.71,1.72,1.64,1.68,389510
07-28-2016,1.69,1.75,1.68,1.72,288622
07-29-2016,1.72,1.72,1.66,1.66,308495
08-01-2016,1.67,1.777,1.66,1.74,744358
08-02-2016,1.75,1.77,1.67,1.67,398180
08-03-2016,1.77,1.81,1.73,1.74,679775
08-04-2016,1.85,1.91,1.75,1.75,757246
08-05-2016,1.89,1.89,1.77,1.85,466851
08-08-2016,1.96,2.01,1.8678,1.89,756546
08-09-2016,2,2.0258,1.93,1.97,710739
08-10-2016,1.93,2.01,1.91,2,445762
08-11-2016,1.94,1.95,1.85,1.94,257399
08-12-2016,1.99,2,1.9,1.94,413608
08-15-2016,2,2.04,1.975,1.99,504947
08-16-2016,1.95,2.01,1.95,1.99,318790
08-17-2016,1.93,1.97,1.9,1.95,248146
08-18-2016,1.95,1.98,1.9,1.92,250308
08-19-2016,1.98,2,1.91,1.94,447484
08-22-2016,1.93,2,1.92,1.99,360709
08-23-2016,1.95,1.95,1.92,1.94,229456
08-24-2016,1.94,2.09,1.93,1.95,1299493
08-25-2016,1.89,2,1.86,1.92,450551
08-26-2016,1.91,1.96,1.87,1.89,324534
08-29-2016,1.95,1.976,1.9099,1.92,223277
08-30-2016,1.94,1.98,1.94,1.96,158814
08-31-2016,1.91,1.96,1.87,1.96,341159
09-01-2016,1.92,1.93,1.86,1.9,301359
09-02-2016,1.92,1.94,1.87,1.92,150651
09-06-2016,1.97,2,1.9,1.9,283213
09-07-2016,2,2.05,1.98,1.98,523024
09-08-2016,2.02,2.05,1.995,2,346856
09-09-2016,1.92,2.05,1.92,2.01,448723
09-12-2016,1.96,1.97,1.9,1.9,245085
09-13-2016,1.94,1.98,1.8866,1.93,535429
09-14-2016,1.97,2.02,1.94,1.95,330223
09-15-2016,2,2.01,1.9799,1.98,363189
09-16-2016,2.16,2.18,1.99,2.02,1801308
09-19-2016,2.35,2.37,2.16,2.2,1586621
09-20-2016,2.84,2.87,2.35,2.48,4683081
09-21-2016,2.7,2.89,2.49,2.89,3128615
09-22-2016,2.79,2.79,2.61,2.7,1001839
09-23-2016,2.76,2.89,2.7201,2.8,1090631
09-26-2016,2.66,3.33,2.6,2.82,6330500
09-27-2016,2.48,2.75,2.41,2.63,2396172
09-28-2016,2.5,2.5,2.3,2.45,1500940
09-29-2016,2.31,2.5,2.3,2.5,1190469
09-30-2016,2.56,2.69,2.22,2.3,2444894
10-03-2016,2.56,2.65,2.5,2.57,1037165
10-04-2016,2.55,2.59,2.5,2.56,584230
10-05-2016,2.61,2.66,2.54,2.59,650495
10-06-2016,2.18,2.39,2.17,2.25,2585758
10-07-2016,2,2.1,1.81,2.1,14775977
10-10-2016,1.95,2.005,1.91,1.99,1752445
10-11-2016,1.81,1.9495,1.81,1.89,1853352
10-12-2016,1.92,1.98,1.83,1.94,2483017
10-13-2016,1.85,1.92,1.85,1.92,1288143
10-14-2016,1.78,1.9,1.78,1.87,2139045
10-17-2016,1.74,1.81,1.73,1.81,1130401
10-18-2016,1.75,1.79,1.74,1.79,1103476
10-19-2016,1.7,1.78,1.65,1.78,1225791
10-20-2016,1.9,2.02,1.65,1.68,3621815
10-21-2016,1.87,1.929,1.81,1.9,1572238
10-24-2016,1.95,1.95,1.82,1.85,1468157
10-25-2016,1.93,2,1.88,1.96,1489389
10-26-2016,1.82,1.925,1.79,1.9,1262183
10-27-2016,1.71,1.845,1.7,1.84,1125585
10-28-2016,1.65,1.74,1.64,1.71,1562758
10-31-2016,1.55,1.69,1.55,1.69,2624089
11-01-2016,1.58,1.6,1.51,1.52,860667
11-02-2016,1.57,1.62,1.54,1.58,558500
11-03-2016,1.46,1.5689,1.43,1.56,1100488
11-04-2016,1.53,1.54,1.46,1.49,702134
11-07-2016,1.54,1.66,1.53,1.57,1157323
11-08-2016,1.51,1.57,1.49,1.56,856483
11-09-2016,1.72,1.74,1.54,1.64,1683731
11-10-2016,1.835,1.85,1.695,1.78,1582964
11-11-2016,1.88,1.98,1.8,1.84,2389744
11-14-2016,1.79,1.93,1.735,1.93,1606940
11-15-2016,1.86,1.89,1.73,1.82,1122119
11-16-2016,1.79,1.91,1.78,1.88,871933
11-17-2016,1.77,1.78,1.65,1.77,1289961
11-18-2016,1.77,1.79,1.7,1.79,784119
11-21-2016,1.76,1.8,1.72,1.79,603689
11-22-2016,1.76,1.84,1.73,1.77,818088
11-23-2016,1.81,1.82,1.69,1.74,666169
11-25-2016,1.83,1.84,1.731,1.8,500065
11-28-2016,1.8,2.02,1.78,2,3042421
11-29-2016,1.79,1.81,1.76,1.77,525572
11-30-2016,1.69,1.8,1.68,1.79,1019934
12-01-2016,1.61,1.74,1.6,1.68,1190024
12-02-2016,1.58,1.63,1.54,1.6,1865906
12-05-2016,1.68,1.6985,1.6,1.61,651515
12-06-2016,1.71,1.75,1.61,1.65,942717
12-07-2016,1.63,1.71,1.61,1.71,1008291
12-08-2016,1.68,1.69,1.55,1.64,1386526
12-09-2016,1.69,1.745,1.67,1.68,609907
12-12-2016,1.6,1.7,1.58,1.7,1001068
12-13-2016,1.6,1.65,1.54,1.62,813350
12-14-2016,1.63,1.635,1.56,1.62,697780
12-15-2016,1.59,1.64,1.58,1.64,696234
12-16-2016,1.61,1.64,1.59,1.61,1125884
12-19-2016,1.6,1.69,1.595,1.61,786378
12-20-2016,1.62,1.68,1.6,1.61,573025
12-21-2016,1.59,1.64,1.56,1.63,691425
12-22-2016,1.56,1.6,1.54,1.58,683222
12-23-2016,1.61,1.62,1.5557,1.56,557165
12-27-2016,1.59,1.645,1.58,1.6,544182
12-28-2016,1.55,1.605,1.5,1.6,960109
12-29-2016,1.52,1.575,1.5,1.56,878278
12-30-2016,1.5,1.5499,1.45,1.51,1165226
01-03-2017,1.5,1.5284,1.4,1.52,1062010
01-04-2017,1.59,1.59,1.47,1.52,980491
01-05-2017,1.53,1.62,1.53,1.61,602657
01-06-2017,1.57,1.59,1.5,1.55,789333
01-09-2017,1.62,1.64,1.54,1.58,1079579
01-10-2017,1.62,1.66,1.59,1.61,829665
01-11-2017,1.6,1.641,1.55,1.62,780875
01-12-2017,1.57,1.59,1.52,1.59,473520
01-13-2017,1.58,1.64,1.56,1.59,730597
01-17-2017,1.51,1.59,1.5,1.58,832687
01-18-2017,1.48,1.54,1.46,1.53,674890
01-19-2017,1.43,1.49,1.42,1.49,745749
01-20-2017,1.41,1.44,1.4,1.43,464353
01-23-2017,1.41,1.49,1.4,1.42,685296
01-24-2017,1.46,1.48,1.4,1.43,994974
01-25-2017,1.47,1.49,1.45,1.48,888921
01-26-2017,1.41,1.49,1.41,1.47,688755
01-27-2017,1.38,1.44,1.35,1.41,958631
01-30-2017,1.35,1.4,1.32,1.38,964180
01-31-2017,1.4,1.45,1.3,1.35,1200993
02-01-2017,1.48,1.51,1.41,1.45,1192711
02-02-2017,1.47,1.49,1.43,1.49,690225
02-03-2017,1.51,1.55,1.4499,1.48,1113978
02-06-2017,1.55,1.595,1.51,1.52,878611
02-07-2017,1.56,1.6,1.51,1.57,679326
02-08-2017,1.56,1.575,1.505,1.55,699363
02-09-2017,1.61,1.63,1.54,1.56,1339573
02-10-2017,1.6,1.63,1.58,1.61,523167
02-13-2017,1.59,1.65,1.57,1.61,508305
02-14-2017,1.58,1.61,1.56,1.58,470289
02-15-2017,1.67,1.68,1.58,1.58,998798
02-16-2017,1.68,1.71,1.63,1.68,964281
02-17-2017,1.74,1.79,1.655,1.68,1217306
02-21-2017,1.66,1.77,1.63,1.76,1048529
02-22-2017,1.68,1.73,1.64,1.65,808221
02-23-2017,1.73,1.73,1.67,1.7,814169
02-24-2017,1.67,1.76,1.63,1.72,1494119
02-27-2017,1.65,1.7,1.63,1.67,1856078
02-28-2017,1.87,1.945,1.6815,1.7,4258573
03-01-2017,1.87,1.94,1.81,1.93,1833366
03-02-2017,2.04,2.1,1.84,1.88,3424885
03-03-2017,1.99,2.09,1.945,2,1807088
03-06-2017,1.99,2.03,1.92,2,884830
03-07-2017,1.91,1.98,1.9,1.97,1148009
03-08-2017,1.9,1.97,1.9,1.91,758119
03-09-2017,1.88,1.967,1.85,1.91,704190
03-10-2017,1.93,1.95,1.87,1.88,786253
03-13-2017,1.89,1.95,1.87,1.93,566497
03-14-2017,1.82,1.88,1.8,1.86,769289
03-15-2017,1.83,1.86,1.79,1.83,610283
03-16-2017,1.99,2.08,1.93,1.96,3197786
03-17-2017,2.06,2.07,1.9201,1.93,2374277
03-20-2017,2.23,2.285,2.05,2.07,2832180
03-21-2017,2.09,2.34,2.08,2.25,2753314
03-22-2017,2.49,2.54,2.24,2.4,8778092
03-23-2017,2.42,2.56,2.381,2.49,4339280
03-24-2017,2.48,2.505,2.41,2.41,3170999
