03-28-2016,4.95,5.17,4.89,5.06,630887
03-29-2016,5.26,5.36,4.75,4.9,715806
03-30-2016,5.15,5.465,5.14,5.3,534283
03-31-2016,5.27,5.47,5.09,5.13,650070
04-01-2016,5.41,5.49,5.16,5.24,474801
04-04-2016,5.49,5.71,5.43,5.46,755405
04-05-2016,5.74,5.81,5.35,5.46,701522
04-06-2016,6.19,6.45,5.82,5.82,1043122
04-07-2016,6.22,6.43,5.9902,6.13,575806
04-08-2016,5.99,6.32,5.83,6.32,464681
04-11-2016,5.78,6.14,5.73,6.02,325964
04-12-2016,5.86,5.9,5.69,5.81,381148
04-13-2016,6.26,6.26,5.89,5.92,453411
04-14-2016,6.12,6.32,6.03,6.25,299048
04-15-2016,6.25,6.3,6,6.09,437709
04-18-2016,6.36,6.47,6.19,6.26,552194
04-19-2016,6.44,6.49,6.28,6.39,251544
04-20-2016,6.28,6.6,6.14,6.45,351765
04-21-2016,6.48,6.5,6.13,6.24,361683
04-22-2016,6.55,6.59,6.35,6.52,265841
04-25-2016,6.42,6.63,6.305,6.51,229314
04-26-2016,6.16,6.43,6.1002,6.4,299152
04-27-2016,5.96,6.285,5.81,6.13,607721
04-28-2016,5.97,6.2,5.8,5.96,512257
04-29-2016,5.8,6.02,5.72,5.92,315976
05-02-2016,5.87,5.98,5.716,5.85,345279
05-03-2016,5.64,5.97,5.61,5.78,292094
05-04-2016,5.44,5.6599,5.18,5.6,541829
05-05-2016,5.11,5.43,4.88,5.04,692975
05-06-2016,4.82,5.1,4.725,5.05,458799
05-09-2016,5.18,5.39,4.745,4.78,447803
05-10-2016,5.2,5.29,5.03,5.18,261166
05-11-2016,4.93,5.311,4.92,5.18,232994
05-12-2016,4.7,5.0987,4.62,4.97,279372
05-13-2016,4.79,4.93,4.64,4.67,316233
05-16-2016,4.75,4.84,4.54,4.84,497166
05-17-2016,4.55,4.75,4.51,4.74,401355
05-18-2016,4.64,4.87,4.5,4.53,591133
05-19-2016,4.56,4.74,4.525,4.62,432466
05-20-2016,4.83,4.845,4.5,4.56,316455
05-23-2016,4.88,5.03,4.77,4.82,284052
05-24-2016,5.16,5.18,4.83,4.94,339556
05-25-2016,5.2,5.33,4.965,5.18,408227
05-26-2016,5.16,5.29,5.0501,5.2,146747
05-27-2016,5.19,5.23,4.9701,5.16,138055
05-31-2016,5.3,5.38,5.065,5.19,236394
06-01-2016,5.32,5.421,5.245,5.25,276831
06-02-2016,5.75,5.77,5.3,5.3,468875
06-03-2016,5.66,5.75,5.48,5.75,390048
06-06-2016,5.66,5.73,5.51,5.67,503368
06-07-2016,5.51,5.79,5.49,5.6,618383
06-08-2016,5.67,5.68,5.385,5.57,488081
06-09-2016,5.04,5.64,5.02,5.62,511404
06-10-2016,4.81,5.01,4.79,5,292490
06-13-2016,4.41,5,4.38,4.76,664548
06-14-2016,1.36,1.56,1.24,1.45,19687249
06-15-2016,1.5,1.9101,1.31,1.35,11014269
06-16-2016,1.48,1.58,1.4101,1.56,4050443
06-17-2016,1.52,1.55,1.46,1.47,4134084
06-20-2016,1.39,1.62,1.39,1.6,2448921
06-21-2016,1.32,1.439,1.3,1.4,2134884
06-22-2016,1.32,1.39,1.24,1.31,2231897
06-23-2016,1.3,1.37,1.28,1.34,1471312
06-24-2016,1.32,1.34,1.24,1.27,2122192
06-27-2016,1.3,1.385,1.27,1.32,1238936
06-28-2016,1.31,1.36,1.27,1.34,1313076
06-29-2016,1.38,1.39,1.32,1.33,1448495
06-30-2016,1.33,1.46,1.31,1.38,2201231
07-01-2016,1.37,1.42,1.33,1.33,925854
07-05-2016,1.29,1.37,1.28,1.35,968866
07-06-2016,1.28,1.33,1.24,1.29,2240296
07-07-2016,1.32,1.32,1.28,1.28,933202
07-08-2016,1.4,1.43,1.31,1.31,1912172
07-11-2016,1.42,1.53,1.3704,1.42,2531972
07-12-2016,1.42,1.44,1.37,1.4,1075188
07-13-2016,1.35,1.45,1.31,1.43,851204
07-14-2016,1.36,1.37,1.32,1.36,449824
07-15-2016,1.4,1.4,1.33,1.36,550055
07-18-2016,1.5,1.52,1.36,1.4,1684698
07-19-2016,1.49,1.539,1.42,1.5,1355451
07-20-2016,1.61,1.65,1.49,1.5,3214245
07-21-2016,1.6,1.7756,1.565,1.69,2088421
07-22-2016,1.54,1.59,1.51,1.59,779590
07-25-2016,1.57,1.6,1.45,1.53,707909
07-26-2016,1.55,1.6,1.52,1.56,617826
07-27-2016,1.61,1.65,1.57,1.57,576162
07-28-2016,1.62,1.64,1.58,1.6,489950
07-29-2016,1.68,1.72,1.55,1.6,1247028
08-01-2016,1.69,1.72,1.63,1.69,598962
08-02-2016,1.66,1.72,1.63,1.7,583071
08-03-2016,1.75,1.75,1.64,1.65,494438
08-04-2016,1.68,1.8,1.65,1.76,648281
08-05-2016,1.7,1.75,1.68,1.68,450578
08-08-2016,1.67,1.78,1.67,1.73,770501
08-09-2016,1.61,1.7,1.6,1.67,784068
08-10-2016,1.51,1.66,1.481,1.61,901641
08-11-2016,1.61,1.62,1.51,1.51,591506
08-12-2016,1.64,1.66,1.6,1.61,359806
08-15-2016,1.65,1.71,1.63,1.64,380987
08-16-2016,1.64,1.66,1.63,1.64,374967
08-17-2016,1.63,1.65,1.6,1.64,258190
08-18-2016,1.64,1.65,1.6,1.63,190986
08-19-2016,1.61,1.67,1.61,1.64,233011
08-22-2016,1.74,1.77,1.58,1.62,615641
08-23-2016,1.68,1.79,1.68,1.73,285063
08-24-2016,1.59,1.79,1.59,1.69,606584
08-25-2016,1.63,1.685,1.59,1.59,323438
08-26-2016,1.64,1.68,1.6001,1.65,243179
08-29-2016,1.6,1.7,1.59,1.66,373924
08-30-2016,1.6,1.65,1.6,1.6,130824
08-31-2016,1.52,1.59,1.49,1.58,600072
09-01-2016,1.52,1.6,1.51,1.51,126399
09-02-2016,1.56,1.61,1.515,1.55,393082
09-06-2016,1.5,1.57,1.5,1.55,566597
09-07-2016,1.48,1.52,1.45,1.5,405369
09-08-2016,1.52,1.53,1.45,1.48,486135
09-09-2016,1.43,1.51,1.43,1.49,652937
09-12-2016,1.46,1.46,1.4,1.43,341475
09-13-2016,1.39,1.45,1.38,1.45,291502
09-14-2016,1.37,1.4085,1.36,1.39,370327
09-15-2016,1.4,1.42,1.37,1.38,549686
09-16-2016,1.46,1.48,1.39,1.4,993706
09-19-2016,1.49,1.55,1.47,1.48,412124
09-20-2016,1.54,1.5652,1.52,1.52,336506
09-21-2016,1.47,1.57,1.45,1.55,352569
09-22-2016,1.47,1.5,1.45,1.48,263089
09-23-2016,1.46,1.4999,1.45,1.46,176216
09-26-2016,1.53,1.56,1.45,1.46,401725
09-27-2016,1.55,1.77,1.53,1.66,2196958
09-28-2016,1.58,1.6,1.545,1.57,456967
09-29-2016,1.51,1.62,1.5,1.58,419541
09-30-2016,1.56,1.58,1.495,1.52,324708
10-03-2016,1.57,1.6,1.55,1.59,264927
10-04-2016,1.55,1.61,1.54,1.58,398678
10-05-2016,1.56,1.6,1.52,1.55,251172
10-06-2016,1.54,1.5844,1.535,1.57,149608
10-07-2016,1.5,1.56,1.5,1.52,266032
10-10-2016,1.53,1.55,1.5,1.53,165402
10-11-2016,1.46,1.52,1.44,1.51,525239
10-12-2016,1.46,1.48,1.45,1.47,218659
10-13-2016,1.45,1.49,1.45,1.45,214755
10-14-2016,1.4,1.48,1.4,1.46,211795
10-17-2016,1.34,1.45,1.32,1.44,327320
10-18-2016,1.37,1.4,1.34,1.37,146963
10-19-2016,1.35,1.42,1.35,1.38,167960
10-20-2016,1.4,1.4,1.35,1.35,119240
10-21-2016,1.38,1.41,1.34,1.38,188408
10-24-2016,1.36,1.4,1.35,1.39,144122
10-25-2016,1.32,1.37,1.3,1.35,234787
10-26-2016,1.29,1.3398,1.29,1.32,227065
10-27-2016,1.25,1.31,1.23,1.3,456958
10-28-2016,1.22,1.25,1.19,1.24,193902
10-31-2016,1.21,1.27,1.21,1.24,234104
11-01-2016,1.25,1.29,1.21,1.22,260519
11-02-2016,1.16,1.34,1.16,1.3,569104
11-03-2016,1.01,1.2,0.942,1.17,819155
11-04-2016,0.929,1.01,0.8402,0.9928,1681692
11-07-2016,0.9576,0.9798,0.94,0.9798,446779
11-08-2016,1.04,1.07,0.935,0.97,649020
11-09-2016,1.17,1.2699,1.09,1.19,1816765
11-10-2016,1.28,1.31,1.13,1.29,2152814
11-11-2016,1.3,1.3399,1.25,1.3,782505
11-14-2016,1.33,1.38,1.3,1.31,575083
11-15-2016,1.24,1.32,1.2,1.32,663384
11-16-2016,1.21,1.25,1.15,1.21,604887
11-17-2016,1.21,1.22,1.1422,1.19,482517
11-18-2016,1.23,1.23,1.15,1.21,362641
11-21-2016,1.15,1.25,1.14,1.21,416012
11-22-2016,1.17,1.17,1.1188,1.15,375177
11-23-2016,1.22,1.23,1.14,1.15,353072
11-25-2016,1.23,1.24,1.2,1.22,144801
11-28-2016,1.13,1.23,1.13,1.21,303951
11-29-2016,1.14,1.2,1.12,1.14,421298
11-30-2016,1.16,1.18,1.11,1.12,798304
12-01-2016,1.19,1.24,1.13,1.15,609648
12-02-2016,1.2,1.21,1.15,1.18,244048
12-05-2016,1.43,1.44,1.225,1.24,996082
12-06-2016,1.6,1.65,1.36,1.44,1970920
12-07-2016,1.41,1.6,1.4,1.59,902360
12-08-2016,1.36,1.41,1.3,1.39,489766
12-09-2016,1.44,1.48,1.36,1.38,616246
12-12-2016,1.31,1.43,1.29,1.43,592613
12-13-2016,1.26,1.32,1.25,1.31,461865
12-14-2016,1.22,1.29,1.21,1.25,346536
12-15-2016,1.16,1.23,1.16,1.23,541977
12-16-2016,1.28,1.29,1.15,1.15,3037432
12-19-2016,1.37,1.39,1.28,1.29,999267
12-20-2016,1.38,1.4,1.32,1.35,494097
12-21-2016,1.38,1.43,1.37,1.42,518720
12-22-2016,1.31,1.4,1.3,1.38,374947
12-23-2016,1.38,1.3961,1.32,1.33,278097
12-27-2016,1.48,1.48,1.38,1.4,607329
12-28-2016,1.35,1.49,1.32,1.47,1415085
12-29-2016,1.39,1.39,1.3412,1.37,330585
12-30-2016,1.35,1.4,1.33,1.38,320875
01-03-2017,1.38,1.41,1.32,1.37,190464
01-04-2017,1.42,1.48,1.4,1.4,381375
01-05-2017,1.45,1.4732,1.35,1.47,514420
01-06-2017,1.46,1.565,1.433,1.45,779350
01-09-2017,1.41,1.51,1.4,1.46,481562
01-10-2017,1.41,1.45,1.4,1.41,394191
01-11-2017,1.45,1.48,1.409,1.42,412939
01-12-2017,1.44,1.47,1.41,1.46,426699
01-13-2017,1.5,1.53,1.44,1.44,624848
01-17-2017,1.66,1.7,1.49,1.53,1111194
01-18-2017,1.72,1.81,1.65,1.71,2784618
01-19-2017,1.55,1.67,1.54,1.66,811105
01-20-2017,2,2.02,1.5316,1.54,3076803
01-23-2017,2.08,2.36,1.91,1.97,7303566
01-24-2017,2.06,2.1,1.95,2.04,1659342
01-25-2017,2.13,2.27,2.06,2.08,1768441
01-26-2017,2.1,2.2,2.04,2.13,1109730
01-27-2017,2.1,2.19,2.08,2.1,846513
01-30-2017,2,2.15,2,2.08,891263
01-31-2017,2.07,2.1,1.92,1.96,709064
02-01-2017,2.51,2.55,2.05,2.05,4029875
02-02-2017,2.28,2.7,2.28,2.54,2683897
02-03-2017,2.3,2.34,2.2,2.3,853250
02-06-2017,2.45,2.59,2.3,2.3,1197741
02-07-2017,2.35,2.55,2.3207,2.46,780847
02-08-2017,2.33,2.43,2.25,2.42,773439
02-09-2017,2.4,2.43,2.3,2.35,575875
02-10-2017,2.45,2.54,2.4,2.46,861176
02-13-2017,2.58,2.74,2.45,2.46,1682927
02-14-2017,2.58,2.61,2.46,2.54,863833
02-15-2017,2.59,2.64,2.47,2.58,712413
02-16-2017,2.57,2.6099,2.5,2.58,478937
02-17-2017,2.44,2.56,2.31,2.54,1191919
02-21-2017,2.42,2.48,2.35,2.39,505950
02-22-2017,2.36,2.45,2.33,2.41,338498
02-23-2017,2.28,2.35,2.2,2.35,661662
02-24-2017,2.31,2.31,2.1,2.25,468787
02-27-2017,2.45,2.48,2.25,2.25,560660
02-28-2017,2.78,2.87,2.38,2.42,2327768
03-01-2017,3,3.22,2.66,2.9,3408053
03-02-2017,3.01,3.84,2.95,3.03,5260652
03-03-2017,2.84,3.11,2.8,3.07,1150272
03-06-2017,2.67,2.86,2.62,2.82,768685
03-07-2017,2.8,2.9164,2.6,2.64,757256
03-08-2017,2.94,3.02,2.77,2.77,725775
03-09-2017,2.87,3.03,2.82,2.96,451028
03-10-2017,2.99,3.04,2.84,2.89,627242
03-13-2017,2.91,3.0599,2.9,3,812329
03-14-2017,2.95,2.97,2.77,2.92,655501
03-15-2017,3.1,3.24,2.71,2.72,1361743
03-16-2017,3.25,3.3761,3.05,3.12,794855
03-17-2017,3.55,3.55,3.22,3.24,1852262
03-20-2017,3.36,3.6,3.35,3.58,947938
03-21-2017,3.16,3.44,3.1,3.41,1051603
03-22-2017,3.06,3.2099,3.01,3.16,553633
03-23-2017,3.2,3.34,2.971,3.05,676034
03-24-2017,3.3,3.4,3.2,3.24,687900
