03-28-2016,16.3,17.86,16.25,17.85,436871
03-29-2016,16.3,16.76,15.75,16.3,593021
03-30-2016,15.88,16.725,15.72,16.44,486837
03-31-2016,15.99,16.53,15.87,16.12,673314
04-01-2016,16.9,16.955,15.39,15.86,643458
04-04-2016,17.32,17.65,16.73,17,429595
04-05-2016,16.8,17.5,16.67,17.24,355360
04-06-2016,18.51,18.51,16.82,16.82,447974
04-07-2016,17.42,18.65,17.19,18.32,458351
04-08-2016,17.66,17.92,17.3,17.8,324158
04-11-2016,14.24,15.33,13.2,14.95,3939470
04-12-2016,13.61,14.23,12.5,14.03,2225900
04-13-2016,13.93,13.96,13.42,13.86,490625
04-14-2016,14.39,14.51,14.06,14.32,525453
04-15-2016,14.32,14.4864,14,14.29,303351
04-18-2016,15.04,15.25,14.07,14.42,590010
04-19-2016,15.15,15.45,14.89,15.26,600330
04-20-2016,15.23,15.44,15.04,15.29,372872
04-21-2016,15.72,15.9,15.07,15.07,636506
04-22-2016,16.12,16.16,15.2001,15.79,504025
04-25-2016,15.89,16.284,15.75,16,511838
04-26-2016,15.4,16.19,15.06,16.11,476655
04-27-2016,14.52,15.5281,14.51,15.19,412350
04-28-2016,14.83,15.48,14.67,15.36,672666
04-29-2016,14.49,15.25,14.25,15.23,604708
05-02-2016,14.44,14.61,13.67,14.6,660019
05-03-2016,14.31,14.61,13.821,14.08,379039
05-04-2016,13.78,14.33,13.7,14.15,388856
05-05-2016,13.71,13.81,13.5,13.74,517255
05-06-2016,13.21,13.9833,13.03,13.52,451359
05-09-2016,13.66,13.98,13.175,13.25,306199
05-10-2016,13.36,13.71,13.06,13.71,391715
05-11-2016,12.68,13.332,12.6,13.27,471481
05-12-2016,12.57,12.8322,12.21,12.71,423164
05-13-2016,12.88,13.39,12.67,12.67,531496
05-16-2016,13.02,13.05,12.61,12.92,571627
05-17-2016,13.2,13.91,12.91,12.99,526333
05-18-2016,13.59,13.7499,13.145,13.16,359737
05-19-2016,13.35,13.99,13.16,13.71,382857
05-20-2016,14.09,14.09,13.26,13.42,317516
05-23-2016,14.33,14.7,13.901,14.09,830329
05-24-2016,15.2,15.29,14.25,14.6,1133208
05-25-2016,16.34,16.44,15.3,15.3,1033780
05-26-2016,15.83,16.7299,15.72,16.53,1096483
05-27-2016,15.96,16.03,15.24,15.94,746634
05-31-2016,15.65,16.26,15.41,16.19,449645
06-01-2016,16.79,17.16,15.6,15.89,881569
06-02-2016,17,17.02,16.525,16.7,485223
06-03-2016,15.77,16.99,15.71,16.99,787872
06-06-2016,16.76,16.85,15.08,15.78,756226
06-07-2016,16.74,17.27,15.9,16.51,593223
06-08-2016,16.95,16.98,16.32,16.7,501832
06-09-2016,16.03,16.94,15.98,16.84,557797
06-10-2016,13.99,15.28,13.93,15.05,1262426
06-13-2016,13.65,14.2,13.3906,13.57,724180
06-14-2016,13.47,14,13.1101,13.52,588594
06-15-2016,13.32,13.89,13.26,13.51,328536
06-16-2016,13.58,13.6,12.91,13.19,480089
06-17-2016,12.96,13.74,12.94,13.58,1289834
06-20-2016,12.87,13.41,12.765,13.06,661053
06-21-2016,12.62,13.15,12.4,12.96,737235
06-22-2016,12.78,13.01,12.55,12.63,479885
06-23-2016,13.07,13.08,12.73,12.89,519228
06-24-2016,12.62,12.91,12.44,12.5,603453
06-27-2016,11.46,12.87,11.45,12.73,680040
06-28-2016,12.28,12.38,11.69,11.89,475051
06-29-2016,12.52,12.84,11.94,12.65,554505
06-30-2016,12.94,13.071,12.26,12.82,620632
07-01-2016,13.47,13.55,12.81,13.14,716059
07-05-2016,14.4,17.34,14.35,16.52,7517778
07-06-2016,14.73,15.18,14.085,14.24,1662692
07-07-2016,15.33,15.33,14.75,14.97,890097
07-08-2016,15.66,16,15.25,15.41,732805
07-11-2016,15.18,15.8305,15.061,15.73,700345
07-12-2016,15.16,15.38,14.92,15.23,526838
07-13-2016,14.64,15.33,14.42,15.26,678759
07-14-2016,14.76,14.91,14.45,14.75,400957
07-15-2016,14.98,15,14.65,14.73,326099
07-18-2016,14.86,15.12,14.7,15.04,335838
07-19-2016,14.67,15.07,14.54,14.8,379191
07-20-2016,15.14,15.16,14.61,14.71,441609
07-21-2016,15.62,15.99,15.185,15.28,567665
07-22-2016,15.95,16.32,15.6,15.78,592893
07-25-2016,15.79,16.24,15.63,16.08,362330
07-26-2016,15.51,16.19,15.36,15.79,580941
07-27-2016,15.84,15.91,15.55,15.6,312716
07-28-2016,15.64,15.86,15.41,15.83,227803
07-29-2016,15.65,15.85,15.38,15.63,295213
08-01-2016,15.91,16.14,15.6698,15.95,463020
08-02-2016,15.2,16.01,15.12,15.86,610618
08-03-2016,17.85,18.19,15.61,16.5,2095173
08-04-2016,17.3,18.635,17.26,17.92,717942
08-05-2016,17.62,18.06,17.34,17.35,738101
08-08-2016,17.77,18.05,17.52,17.64,598011
08-09-2016,19.38,19.48,17.8,17.84,997351
08-10-2016,18.77,19.959,18.2,19.77,1178892
08-11-2016,18.54,18.79,17.69,18.55,854700
08-12-2016,18.37,18.8,18.18,18.39,812077
08-15-2016,18.3,18.5,18.21,18.41,450209
08-16-2016,17.91,18.42,17.87,18.3,446510
08-17-2016,16.64,17.908,16.63,17.9,618169
08-18-2016,16.5,16.95,16.45,16.6,460528
08-19-2016,15.98,16.66,15.7,16.4,661521
08-22-2016,15.97,16.29,15.8,16,500684
08-23-2016,16.37,16.4,15.9528,16.17,448409
08-24-2016,15.7,18.4199,15.54,17.5,2300487
08-25-2016,14.98,16.549,14.68,15.95,1298879
08-26-2016,15.17,15.19,14.78,14.96,502735
08-29-2016,14.92,15.32,14.87,15.32,558534
08-30-2016,14.33,14.87,13.87,14.8,1219517
08-31-2016,14.27,14.44,13.86,14.12,626775
09-01-2016,14.36,14.655,13.96,14.43,371622
09-02-2016,14.63,14.77,14.07,14.35,261677
09-06-2016,14.93,15,14.52,14.7,431893
09-07-2016,15.71,16,14.5,15.14,1223510
09-08-2016,15.26,15.85,15.15,15.77,665859
09-09-2016,14.16,15.2299,13.98,15.1,929352
09-12-2016,14.75,14.78,14.01,14.01,917293
09-13-2016,13.67,14.67,13.57,14.64,952943
09-14-2016,13.51,13.95,13.4,13.68,1002136
09-15-2016,13.46,13.7479,13.25,13.53,708907
09-16-2016,13.84,14.06,13.496,13.61,763678
09-19-2016,13.57,14,13.49,13.9,593560
09-20-2016,13.75,13.91,13.48,13.8,613233
09-21-2016,13.27,13.83,12.79,13.83,1191965
09-22-2016,12.88,13.58,12.82,13.14,1398083
09-23-2016,12.56,12.96,12.38,12.87,1056601
09-26-2016,12.38,12.72,12.31,12.55,718532
09-27-2016,12.8,12.81,12.27,12.45,522282
09-28-2016,12.72,13.14,12.47,12.99,577346
09-29-2016,12.08,12.71,11.9501,12.68,830686
09-30-2016,11.79,12,11.55,11.92,895378
10-03-2016,12.63,12.82,11.7,11.75,1792038
10-04-2016,12.27,12.85,12.12,12.71,459848
10-05-2016,12.99,13,12.25,12.25,596934
10-06-2016,12.36,13.0899,12.33,12.72,585115
10-07-2016,12.28,12.4,11.95,12.29,597004
10-10-2016,12.67,12.82,12.23,12.28,360078
10-11-2016,12.21,12.636,12.08,12.51,519573
10-12-2016,11.87,12.25,11.77,12.22,532656
10-13-2016,11.8,12.5,11.21,11.5,1168659
10-14-2016,11.05,11.99,11,11.74,719553
10-17-2016,10.88,11.165,10.591,11.05,515288
10-18-2016,11.26,11.786,10.87,10.91,1089946
10-19-2016,11.14,11.425,11.01,11.19,458084
10-20-2016,11.85,11.87,11.17,11.19,580979
10-21-2016,11.52,12.05,11.45,11.9,386541
10-24-2016,11.29,11.91,11.25,11.52,272957
10-25-2016,11.19,11.4799,11.17,11.24,288212
10-26-2016,11.18,11.5223,11.11,11.19,227682
10-27-2016,10.82,11.3102,10.79,11.3,425069
10-28-2016,10.76,11.05,10.37,10.75,344809
10-31-2016,10.81,11.03,10.58,10.93,447303
11-01-2016,11.15,11.22,10.5,10.82,507685
11-02-2016,10.31,11.36,10.25,11.25,904443
11-03-2016,10.02,10.94,10.01,10.8,912376
11-04-2016,10.69,11.12,10.02,10.03,771908
11-07-2016,11.99,12.48,10.88,11.01,1403477
11-08-2016,11.75,12.72,11.5445,12.6,832733
11-09-2016,13.56,13.72,12.34,12.4,1686604
11-10-2016,14.05,15.059,13.7,14.23,1702657
11-11-2016,13.63,14.01,13.44,14,742203
11-14-2016,14.53,14.69,13.6356,13.9,748971
11-15-2016,14.1,14.75,13.88,14.6,636605
11-16-2016,12.72,14.1,12.65,14.1,722103
11-17-2016,13.49,13.5,12.61,12.61,528683
11-18-2016,13.45,13.6399,13.25,13.56,531744
11-21-2016,13.26,13.5399,12.88,13.42,405783
11-22-2016,12.27,13.1958,12.13,13.14,742522
11-23-2016,12.71,12.73,11.51,12,525199
11-25-2016,13.2,13.25,12.63,12.77,391718
11-28-2016,12.62,13.184,12.6,13.12,483761
11-29-2016,12.79,12.97,12.4091,12.64,504082
11-30-2016,11.79,12.85,11.6,12.8,888887
12-01-2016,11.13,11.9756,11.011,11.86,923246
12-02-2016,11.02,11.32,10.91,11.09,564738
12-05-2016,11.28,11.4489,11.1,11.25,549450
12-06-2016,11.24,11.42,10.907,11.42,802296
12-07-2016,10.7,11.4,10.57,11.05,842360
12-08-2016,9.43,10.94,8.7,10.66,3780167
12-09-2016,9.37,9.929,9.1,9.13,1503701
12-12-2016,9.14,9.5,9.08,9.37,701839
12-13-2016,9.07,9.3,8.94,9.17,698348
12-14-2016,9.07,9.25,8.8701,8.95,695328
12-15-2016,9.19,9.24,9.0228,9.11,464075
12-16-2016,9.09,9.364,9.07,9.19,2342576
12-19-2016,9.46,9.79,9.09,9.11,896855
12-20-2016,9.23,9.72,9.2,9.46,537428
12-21-2016,9.26,9.45,9.1,9.26,657749
12-22-2016,9.08,9.3,8.95,9.26,1028269
12-23-2016,9.21,9.29,9.09,9.13,574798
12-27-2016,9.33,9.59,9.27,9.32,600677
12-28-2016,9.11,9.5,9.07,9.44,726111
12-29-2016,9.23,9.2698,9.02,9.12,791759
12-30-2016,9.2,9.4,9.02,9.23,509552
01-03-2017,9.86,9.92,9.25,9.29,1120081
01-04-2017,10.5,10.99,9.9,9.95,1745115
01-05-2017,10.72,11.22,10.51,10.79,1905758
01-06-2017,10.29,11,10.15,10.99,855600
01-09-2017,10.25,10.41,9.51,10.37,1364731
01-10-2017,10.05,10.38,9.98,10.22,1066986
01-11-2017,9.93,10.2188,9.58,10.05,809182
01-12-2017,10.39,10.55,9.88,9.94,1257873
01-13-2017,10.26,10.81,10.12,10.81,1248179
01-17-2017,10.3,10.6,10.15,10.55,768165
01-18-2017,10.83,11.14,10.3396,10.49,1878680
01-19-2017,10.18,11.06,10,11.01,1266742
01-20-2017,10,10.48,9.95,10.48,763072
01-23-2017,10.08,10.13,9.72,10,738114
01-24-2017,10,10.08,9.57,10.05,1145108
01-25-2017,9.85,10.07,9.61,10.01,1162619
01-26-2017,10.14,10.19,9.82,9.82,787150
01-27-2017,9.99,10.16,9.88,10.14,709585
01-30-2017,10.01,10.15,9.75,10.15,1210339
01-31-2017,10.24,10.4797,9.96,10,1203720
02-01-2017,10.04,10.39,9.88,10.23,1334148
02-02-2017,9.89,10.18,9.83,10,600734
02-03-2017,9.91,10.06,9.83,9.99,640962
02-06-2017,10.19,10.23,9.87,9.91,582924
02-07-2017,9.96,10.23,9.89,10.22,572959
02-08-2017,9.68,9.99,9.6263,9.87,741075
02-09-2017,9.61,9.88,9.57,9.7,562738
02-10-2017,9.65,9.73,9.6,9.64,522658
02-13-2017,9.5,9.9,9.47,9.9,647555
02-14-2017,9.64,9.77,9.3,9.4,1153075
02-15-2017,10.82,11,9.64,9.64,3244290
02-16-2017,10.74,11.23,10.49,11.12,1795573
02-17-2017,11.1,11.15,10.56,10.71,1392172
02-21-2017,12.65,12.67,10.98,11.26,2350817
02-22-2017,13.48,13.56,12.25,12.6,2638146
02-23-2017,12.8,13.69,12.46,13.61,2144302
02-24-2017,12.03,12.65,11.8,12.26,1672547
02-27-2017,12.35,12.41,11.8459,11.98,721945
02-28-2017,12.76,13.08,12.2,12.61,1173776
03-01-2017,12.57,13.2845,12.555,12.84,1404405
03-02-2017,12.07,12.76,11.97,12.5,1175211
03-03-2017,11.47,12.06,11.2,11.89,1474519
03-06-2017,11.29,11.684,11.1654,11.4,571303
03-07-2017,10.93,11.42,10.76,11.15,726710
03-08-2017,11.07,11.63,10.79,10.79,1159131
03-09-2017,10.9,11.27,10.8,11.03,368121
03-10-2017,11.1,11.169,10.84,10.89,302222
03-13-2017,10.9,11.2153,10.75,11.13,661708
03-14-2017,10.82,11,10.65,10.77,499871
03-15-2017,10.55,10.94,10.5,10.85,921677
03-16-2017,10.06,10.63,9.8,10.46,1266690
03-17-2017,9.97,10.15,9.81,9.9,813589
03-20-2017,10.26,10.37,9.92,10,536927
03-21-2017,9.97,10.5,9.9,10.28,876592
03-22-2017,10.21,10.27,9.98,10,343429
03-23-2017,10.57,11.69,10.41,11.18,2162759
03-24-2017,10.61,10.92,10.31,10.57,725276
