03-28-2016,10.11,10.48,10.1,10.48,732755
03-29-2016,10.42,10.43,9.9,10.05,1099626
03-30-2016,10.47,10.92,10.44,10.5,1034711
03-31-2016,10.94,11.14,10.43,10.52,2029977
04-01-2016,11.2,11.26,10.74,10.9,1774152
04-04-2016,11.23,11.56,11.16,11.26,1665860
04-05-2016,10.79,11.2,10.78,11.11,968432
04-06-2016,11.74,11.98,11.15,11.29,3629659
04-07-2016,11.45,11.83,11.2,11.69,1344170
04-08-2016,11.28,11.66,11.13,11.62,726338
04-11-2016,11.02,11.49,10.91,11.33,884825
04-12-2016,11.42,11.52,11.01,11.01,1190717
04-13-2016,11.42,11.59,11.16,11.48,1052528
04-14-2016,11.35,11.5,11.23,11.42,676307
04-15-2016,11.27,11.49,11.19,11.3,952339
04-18-2016,11.63,11.66,11.16,11.19,2558634
04-19-2016,11.03,11.62,11.01,11.62,1135846
04-20-2016,10.71,11.18,10.3,11.05,1533396
04-21-2016,10.81,10.81,10.13,10.6,1057276
04-22-2016,10.84,11,10.38,10.85,959485
04-25-2016,10.845,10.96,10.66,10.83,827756
04-26-2016,10.25,10.9,9.06,10.4,10081356
04-27-2016,10.49,10.74,10.1,10.12,3727877
04-28-2016,10.83,11.07,10.28,10.49,3043766
04-29-2016,10.45,10.85,10.43,10.8,1395256
05-02-2016,10.76,10.77,10.31,10.47,976029
05-03-2016,10.44,10.8,10.42,10.67,1283825
05-04-2016,10.22,10.68,10.13,10.38,2225200
05-05-2016,10.15,10.27,10,10.26,1349693
05-06-2016,10.02,10.22,9.78,10.09,1227407
05-09-2016,10.22,10.38,9.79,10.01,971507
05-10-2016,10.95,11.18,10.74,11.17,3121713
05-11-2016,10.64,11.16,10.62,10.91,1572356
05-12-2016,10.31,10.69,10.22,10.69,1277872
05-13-2016,10.44,10.64,10.26,10.26,961634
05-16-2016,10.75,10.88,10.24,10.52,1077154
05-17-2016,10.8,10.92,10.64,10.73,1196106
05-18-2016,11.01,11.11,10.71,10.77,936511
05-19-2016,11.22,11.29,10.91,10.96,2063468
05-20-2016,11.42,11.425,11.1,11.26,1996222
05-23-2016,11.44,11.67,11.42,11.47,1187350
05-24-2016,12.06,12.08,11.47,11.52,1232558
05-25-2016,12.27,12.4,12,12.1,1727887
05-26-2016,12.23,12.365,12.15,12.25,1148825
05-27-2016,12.38,12.4,12.22,12.3,788647
05-31-2016,12.49,12.585,12.36,12.43,1071521
06-01-2016,12.69,12.98,12.46,12.46,1457334
06-02-2016,13.21,13.21,12.69,12.69,2068787
06-03-2016,12.95,13.18,12.72,13.15,1310387
06-06-2016,13.25,13.25,12.8,12.99,919269
06-07-2016,12.96,13.15,12.93,13.15,928611
06-08-2016,13.16,13.21,12.87,12.97,680080
06-09-2016,13,13.27,12.82,13.03,753090
06-10-2016,12.87,13.06,12.76,12.79,649778
06-13-2016,12.75,13.06,12.715,12.77,877900
06-14-2016,12.87,13.14,12.58,12.74,1173380
06-15-2016,12.75,13.02,12.72,12.92,647898
06-16-2016,13.06,13.08,12.6,12.63,827991
06-17-2016,12.55,13,12.525,13,1536914
06-20-2016,12.72,12.83,12.51,12.72,1126693
06-21-2016,12.68,12.94,12.48,12.77,993737
06-22-2016,12.64,13.165,12.51,12.67,1277781
06-23-2016,12.95,13.005,12.52,12.74,1007792
06-24-2016,12.24,12.55,12.04,12.29,2278266
06-27-2016,12.18,12.47,12.025,12.11,1341543
06-28-2016,12.8,13.15,12.45,12.45,1494992
06-29-2016,12.97,13.09,12.645,12.96,995717
06-30-2016,13.075,13.17,12.85,13.01,1150133
07-01-2016,13.19,13.24,12.955,13.08,832353
07-05-2016,13.06,13.25,12.94,13.11,667990
07-06-2016,13.15,13.19,12.97,13.01,886478
07-07-2016,13.12,13.32,12.89,13.15,944391
07-08-2016,13.37,13.43,12.9,13.11,1166994
07-11-2016,13.22,13.5,13,13.47,1137688
07-12-2016,12.76,13.34,12.73,13.29,2483151
07-13-2016,12.34,12.88,12.3,12.8,1533995
07-14-2016,12.55,12.62,12.18,12.47,1113927
07-15-2016,13.61,13.76,12.62,12.7,2694026
07-18-2016,13.76,13.94,13.62,13.64,1258858
07-19-2016,13.54,13.93,13.53,13.76,1053439
07-20-2016,13.91,13.9693,13.55,13.62,1454249
07-21-2016,13.84,14.18,13.74,13.96,769358
07-22-2016,14.27,14.35,13.9,13.92,828105
07-25-2016,14.07,14.33,13.88,14.26,1192012
07-26-2016,14.15,14.36,14,14.08,681249
07-27-2016,14.61,14.62,14.19,14.19,831886
07-28-2016,14.34,14.78,14.19,14.62,1370054
07-29-2016,14.13,14.61,13.93,14.29,1399101
08-01-2016,13.94,14.33,13.89,14.18,2263943
08-02-2016,13.83,14.2,13.675,13.94,1266020
08-03-2016,14.24,14.26,13.68,13.75,990957
08-04-2016,14.16,14.39,14.04,14.22,1612534
08-05-2016,13.39,14.3,13.24,14.27,1801275
08-08-2016,13.12,13.3854,12.84,13.33,1308031
08-09-2016,13.14,13.35,12.84,13.13,887128
08-10-2016,13.18,13.32,12.91,13.1,1186976
08-11-2016,13.34,13.485,13.03,13.2,977050
08-12-2016,13.36,13.44,12.8418,13.31,671771
08-15-2016,13.47,13.51,13.3,13.46,740548
08-16-2016,13.32,13.46,13.14,13.44,818453
08-17-2016,13.4,13.44,13.12,13.27,585665
08-18-2016,13.6,13.7,13.367,13.37,1537382
08-19-2016,13.5,13.6,13.45,13.51,718498
08-22-2016,13.8,13.8,13.53,13.57,673478
08-23-2016,13.97,14,13.66,13.85,969790
08-24-2016,13.5,14.165,13.47,13.98,1314583
08-25-2016,13.5,13.87,13.24,13.52,992985
08-26-2016,13.63,13.82,13.39,13.49,850972
08-29-2016,13.62,13.76,13.45,13.67,431258
08-30-2016,13.42,13.75,13.41,13.63,626239
08-31-2016,13.34,13.525,13.1,13.37,792427
09-01-2016,13.35,13.48,13.2,13.35,533355
09-02-2016,13.26,13.48,13.14,13.44,458277
09-06-2016,13.99,14.02,13.4,13.4,839819
09-07-2016,14.09,14.238,13.8,14.04,665017
09-08-2016,13.95,14.21,13.64,14.08,2031819
09-09-2016,13.5,13.855,13.37,13.72,1056596
09-12-2016,13.99,14.06,13.34,13.47,2080835
09-13-2016,13.99,14.1,13.65,13.87,824357
09-14-2016,14.5,14.64,14.03,14.09,1027566
09-15-2016,15.05,15.14,14.25,14.52,1566815
09-16-2016,14.92,15.18,14.89,15.06,1154165
09-19-2016,14.89,15.33,14.63,15.05,1343208
09-20-2016,15.1,15.166,14.5709,15,1700329
09-21-2016,15.59,15.65,15.13,15.13,1755953
09-22-2016,15.87,16.11,15.54,15.69,2528101
09-23-2016,15.72,15.99,15.7,15.81,951581
09-26-2016,15.51,15.7,15.43,15.66,1100634
09-27-2016,16.1,16.11,15.42,15.6,1045934
09-28-2016,15.88,16.165,15.71,16.09,1555082
09-29-2016,15.4,15.83,15.3,15.83,944081
09-30-2016,15.88,15.93,15.17,15.54,992558
10-03-2016,16,16.03,15.49,15.74,1217860
10-04-2016,15.81,16.09,15.65,15.97,661153
10-05-2016,15.92,16.105,15.72,15.82,1332637
10-06-2016,15.69,15.9,15.645,15.82,894590
10-07-2016,15.71,15.93,15.54,15.74,901937
10-10-2016,15.85,15.97,15.59,15.76,1482261
10-11-2016,15.25,15.8199,15.2,15.76,1625493
10-12-2016,14.39,15.56,14.34,15.27,2160348
10-13-2016,14.11,14.42,13.98,14.24,2802789
10-14-2016,13.64,14.23,13.63,14.23,1168813
10-17-2016,13.8,13.96,13.325,13.63,1376595
10-18-2016,13.91,14.17,13.822,13.98,2408775
10-19-2016,13.75,14.19,13.74,14.12,1149931
10-20-2016,13.91,13.95,13.7,13.7,1151340
10-21-2016,13.79,14.06,13.72,13.86,759400
10-24-2016,13.55,13.94,13.53,13.94,759374
10-25-2016,13.68,13.76,13.46,13.54,816045
10-26-2016,13.44,13.93,13.32,13.65,661225
10-27-2016,13.03,13.67,12.88,13.58,1424761
10-28-2016,13.19,13.41,12.68,12.95,924473
10-31-2016,12.77,13.25,12.77,13.22,804849
11-01-2016,12.78,12.98,12.48,12.81,1456950
11-02-2016,12.66,13.15,12.655,12.71,1499039
11-03-2016,12.69,13.5,12.65,13.5,1676369
11-04-2016,13.57,13.67,12.76,12.76,1293118
11-07-2016,14.18,14.185,13.5,13.79,1366723
11-08-2016,14.59,14.86,13.98,14.06,1601990
11-09-2016,16.13,16.4,15.0826,15.3,4085504
11-10-2016,16.53,16.74,15.8601,16.05,3066017
11-11-2016,16.75,16.89,16.07,16.2,2162029
11-14-2016,16.67,16.75,16.03,16.75,2048751
11-15-2016,16.76,16.83,16.43,16.56,1066375
11-16-2016,16.28,16.82,16.27,16.67,1296780
11-17-2016,16.19,16.55,16.17,16.38,2139104
11-18-2016,16.11,16.31,15.91,16.28,1334857
11-21-2016,16.41,16.455,15.9,16.08,1021814
11-22-2016,15.93,16.49,15.87,16.45,797247
11-23-2016,16.53,16.55,15.41,15.64,1770623
11-25-2016,16.62,16.65,16.31,16.63,344683
11-28-2016,15.78,16.46,15.76,16.4,1057687
11-29-2016,15.73,16.01,15.64,15.86,1462141
11-30-2016,15.605,15.94,15.51,15.78,1102803
12-01-2016,15.21,15.854,15.15,15.7,1283112
12-02-2016,15.51,15.74,14.98,15.17,1281546
12-05-2016,15.37,15.88,15.205,15.48,1806242
12-06-2016,15.39,15.6,15.12,15.47,1259846
12-07-2016,14.69,15.365,14.62,15.09,1185069
12-08-2016,14.89,14.9,14.45,14.64,1002014
12-09-2016,15.24,15.39,14.69,14.82,1298557
12-12-2016,15.22,15.55,15.05,15.27,904438
12-13-2016,15.525,15.55,15.13,15.37,977658
12-14-2016,15.65,15.66,15.31,15.46,889369
12-15-2016,15.47,15.7899,15.33,15.69,972224
12-16-2016,15.74,16.08,15.48,15.53,2106402
12-19-2016,16.08,16.305,15.63,15.7,914346
12-20-2016,16.07,16.35,15.91,15.91,526437
12-21-2016,16.01,16.26,15.83,15.83,462953
12-22-2016,15.37,16.03,14.83,16.03,3749452
12-23-2016,15.69,15.8,15.24,15.5,942349
12-27-2016,15.51,15.93,15.5,15.78,656090
12-28-2016,15.21,15.62,15.17,15.52,699804
12-29-2016,15.24,15.44,15.2,15.25,581268
12-30-2016,15.29,15.5699,15.06,15.25,561933
01-03-2017,14.87,15.49,14.75,15.44,1000069
01-04-2017,15.35,15.47,14.775,14.85,2039821
01-05-2017,15.43,15.56,15.13,15.33,1191139
01-06-2017,15.85,16,15.43,15.43,861849
01-09-2017,16.31,16.45,15.66,15.96,1547074
01-10-2017,16.38,16.56,16.18,16.39,1429228
01-11-2017,15.665,16.39,15.4,16.18,2099897
01-12-2017,15.51,15.69,15.24,15.6,1072302
01-13-2017,15.67,15.82,15.5,15.61,913658
01-17-2017,15.04,15.84,14.8899,15.2,927259
01-18-2017,15.2,15.22,15.005,15.17,679182
01-19-2017,14.76,15.3749,14.76,15.2,1682601
01-20-2017,14.77,15.005,14.62,14.77,737771
01-23-2017,14.65,14.82,14.5,14.77,865134
01-24-2017,14.52,14.79,14.05,14.67,2289326
01-25-2017,14.38,14.77,14.34,14.69,980507
01-26-2017,13.95,14.59,13.94,14.35,971172
01-27-2017,13.97,14.06,13.65,13.93,1112757
01-30-2017,14,14.371,13.43,14.08,1702426
01-31-2017,14.38,14.48,13.86,13.9,1404367
02-01-2017,15.07,15.11,14.37,14.38,1744978
02-02-2017,15.46,15.87,14.74,14.74,2352626
02-03-2017,15.42,15.555,15.16,15.51,1399177
02-06-2017,15.76,15.81,14.6,15.42,994439
02-07-2017,15.64,16.19,15.57,15.78,1982706
02-08-2017,15.6,15.89,15.38,15.55,1395789
02-09-2017,16.38,16.39,15.55,15.6,1761480
02-10-2017,16.44,16.53,16.2,16.35,1171182
02-13-2017,16.41,16.51,16.281,16.51,699071
02-14-2017,16.77,16.815,16.15,16.34,1079142
02-15-2017,17.18,17.19,16.1662,16.71,893147
02-16-2017,16.98,17.24,16.7,17.15,1260937
02-17-2017,17.14,17.21,16.71,16.98,790648
02-21-2017,17.12,17.3097,16.985,17.11,1209564
02-22-2017,16.87,17.49,16.3901,17.12,1391390
02-23-2017,16.81,16.95,16.55,16.83,1451512
02-24-2017,16.42,16.77,16.3,16.64,1287620
02-27-2017,16.77,16.8,16.04,16.39,1356976
02-28-2017,16.89,17.26,16.48,16.7,1874395
03-01-2017,17.295,17.33,16.83,17.15,2036691
03-02-2017,17.4,17.665,17.19,17.25,2851158
03-03-2017,17.48,17.5999,16.98,17.39,1470459
03-06-2017,17.46,17.745,17.23,17.28,1128498
03-07-2017,17.45,17.51,17.1,17.31,1711224
03-08-2017,17.72,17.925,17.42,17.48,2391042
03-09-2017,18,18.5299,17.79,17.79,3171355
03-10-2017,17.37,18.22,17.31,18.21,2161015
03-13-2017,17.03,17.33,16.89,17.33,3129635
03-14-2017,17.16,17.17,16.78,16.96,1112262
03-15-2017,17.54,17.59,17.115,17.2,1049672
03-16-2017,17.67,17.75,17.3073,17.5,757880
03-17-2017,17.56,17.67,17.22,17.59,1105717
03-20-2017,17.61,17.92,17.38,17.54,1940320
03-21-2017,16.95,17.68,16.91,17.68,1266936
03-22-2017,17.1,17.14,16.84,17.03,767799
03-23-2017,17.15,17.34,16.84,16.84,843203
03-24-2017,17.14,17.42,16.97,17.21,1051573
