03-28-2016,26.06,27.79,25.89,25.89,520115
03-29-2016,28.52,28.64,25.6105,25.95,584313
03-30-2016,27.7,29.18,27.4,28.84,527248
03-31-2016,27.8,28.77,26.91,27.7,511872
04-01-2016,28.25,28.5417,27.13,27.44,398879
04-04-2016,30.52,30.95,28.26,28.26,649034
04-05-2016,30.25,31.22,29.26,30.01,555701
04-06-2016,34.45,34.87,30.45,30.45,1034042
04-07-2016,34.8,35.73,33.97,34.42,778066
04-08-2016,34.28,35.8793,33.38,35.5,489885
04-11-2016,33.06,34.81,32.86,34.81,389209
04-12-2016,33.38,33.67,32.12,32.93,294483
04-13-2016,34.36,34.6,32.8801,33.5,300044
04-14-2016,35.51,36.15,33.92,34.42,415642
04-15-2016,35.34,36.11,34.99,35.29,389278
04-18-2016,36.85,37.38,35,35,442499
04-19-2016,36.14,37.61,35.52,36.95,350447
04-20-2016,35.63,36.595,34.7715,36.15,251912
04-21-2016,37.13,37.915,35.14,35.64,459906
04-22-2016,37.98,38.18,36.76,37.28,471158
04-25-2016,37.41,38.416,36.84,37.83,370260
04-26-2016,36.72,37.34,35.59,37.31,301675
04-27-2016,35.63,36.88,34.52,36.52,497053
04-28-2016,34.29,36.54,33.65,36.24,480692
04-29-2016,34.32,35.08,33.77,34.49,308729
05-02-2016,35.08,35.24,34.13,34.62,305485
05-03-2016,35.07,36.25,34.3401,34.68,374016
05-04-2016,32.18,34.99,32.07,34.64,358299
05-05-2016,31.25,32.6,30.45,32.33,473690
05-06-2016,30.99,31.77,30.1601,30.72,274992
05-09-2016,33.14,33.79,30.98,31.17,346583
05-10-2016,33.44,33.95,32.2,33.36,276437
05-11-2016,32.33,34,32.13,33.34,260215
05-12-2016,31.63,32.5128,30.67,32.27,284993
05-13-2016,32.43,33.49,31.63,31.63,275023
05-16-2016,34.71,34.85,32.5,32.76,285960
05-17-2016,33.71,35.3,33.51,34.52,388785
05-18-2016,34.59,35.45,33.48,33.6,354798
05-19-2016,34.22,35.42,33.43,34.43,338782
05-20-2016,35.23,35.65,33.92,34.51,355595
05-23-2016,36.74,36.77,34.5201,35.24,573113
05-24-2016,36.91,37.33,35.88,37.33,359318
05-25-2016,36.94,37.8,36.41,37.26,307176
05-26-2016,36.93,37.28,35.43,36.88,320924
05-27-2016,37.33,37.67,36.08,37.15,400007
05-31-2016,38.7,39.11,37.37,37.71,361105
06-01-2016,39.45,40.05,38.22,38.6,330791
06-02-2016,40.49,41.29,39.45,39.63,358116
06-03-2016,39.94,40.5299,38.32,40.17,392913
06-06-2016,40.91,41.72,39.84,40.3,330258
06-07-2016,40.9,41.5433,39.55,40.58,286293
06-08-2016,41.15,42.025,40.16,40.96,213190
06-09-2016,41.31,41.9,40.44,40.7,398186
06-10-2016,40.29,41.91,39.61,40.64,476573
06-13-2016,39.21,41.58,38.75,39.99,750758
06-14-2016,38.35,39.98,37.73,39.04,571041
06-15-2016,39.17,40,38.32,38.72,456079
06-16-2016,39.21,39.615,37.94,38.82,300570
06-17-2016,37.43,39.61,36.86,39.22,1433728
06-20-2016,38.67,39.85,37.34,37.81,616099
06-21-2016,36.61,38.6,35.9,38.6,570671
06-22-2016,35.91,36.98,35.05,36.74,575846
06-23-2016,37.74,37.75,35.85,36.55,342533
06-24-2016,36.38,37.4,35.23,35.65,1581782
06-27-2016,34.66,37.1999,33.96,35.94,674419
06-28-2016,35.8,37.5771,34.2101,35,512075
06-29-2016,37.43,37.83,36.36,36.36,644400
06-30-2016,38.82,38.8999,37.02,37.48,626937
07-01-2016,39.68,40.28,38.07,38.83,479140
07-05-2016,38.93,39.46,38.06,39.37,300344
07-06-2016,39.49,39.98,38.51,38.66,276226
07-07-2016,39.67,39.8476,38.6,39.74,396072
07-08-2016,40.64,40.76,39.137,39.99,305582
07-11-2016,41,41.27,40.26,40.91,208345
07-12-2016,41.45,42.18,41,41.41,288081
07-13-2016,39.77,41.97,39.39,41.65,324686
07-14-2016,38.9,40.32,37.7,40.32,340795
07-15-2016,39.66,39.74,38.47,38.98,246639
07-18-2016,39.41,40,38.98,39.58,229095
07-19-2016,38.76,39.74,38.57,39.44,240646
07-20-2016,40.48,40.59,38.89,39.19,384038
07-21-2016,41.03,41.8,39.99,40.75,441463
07-22-2016,41.3,41.38,40.52,41.05,264789
07-25-2016,40.92,41.74,40.22,41.38,207032
07-26-2016,40.33,41.2998,40.1,40.66,245863
07-27-2016,41.59,41.65,40.43,40.5,235737
07-28-2016,40.97,42.17,40.59,41.72,278890
07-29-2016,40.8,42.03,39.96,40.81,393437
08-01-2016,41.24,41.29,40.47,41.01,602602
08-02-2016,40.98,41.53,40.4087,41.15,352442
08-03-2016,40.94,41.462,40.43,40.84,333009
08-04-2016,40.78,41.86,40.6,41.3,337500
08-05-2016,42.72,43.85,40.72,41.44,1060305
08-08-2016,42.98,43.69,42.19,42.89,1354777
08-09-2016,43,44.02,42.64,42.94,617249
08-10-2016,41.25,43.26,41.07,43.01,599489
08-11-2016,40.72,41.8476,40.63,41.49,288370
08-12-2016,40.29,40.7,40.07,40.67,209952
08-15-2016,41.01,41.3,40.18,40.3,319512
08-16-2016,41.045,41.6,40.45,40.97,376021
08-17-2016,40.18,41.045,39.5625,40.99,323138
08-18-2016,40.96,41.05,40,40.07,228871
08-19-2016,40.73,41.05,40.49,40.71,304897
08-22-2016,40.99,41.51,40.54,40.85,333052
08-23-2016,41.96,42.36,40.8,41.19,458082
08-24-2016,40.65,42.83,40.14,41.81,611116
08-25-2016,39.68,42.96,39.02,40.73,400025
08-26-2016,40.38,40.94,39.62,39.79,324363
08-29-2016,40.7,41.17,39.87,40.47,270975
08-30-2016,40.99,41.24,40.34,40.63,447171
08-31-2016,40.34,41.43,40.1,41.07,304979
09-01-2016,40.63,40.96,40.02,40.35,327019
09-02-2016,40.43,41.02,39.96,40.81,179408
09-06-2016,41.55,42.691,40.43,40.43,526538
09-07-2016,43.86,43.99,41.67,41.67,558504
09-08-2016,43.85,44.259,42.8801,43.94,435050
09-09-2016,42.35,43.74,42.32,43.22,322181
09-12-2016,43.78,43.95,42.04,42.1,202523
09-13-2016,42.7,43.94,41.74,43.42,255620
09-14-2016,43.46,43.97,42.81,42.81,235642
09-15-2016,44.3,45,43.54,43.65,521468
09-16-2016,44.48,45.13,43.64,44.29,783278
09-19-2016,44.14,45.2,43.91,44.9,599295
09-20-2016,43.59,44.92,43.46,44.45,337649
09-21-2016,40.89,44.19,40.52,43.64,873005
09-22-2016,40.87,41.19,39.765,41.11,516938
09-23-2016,42.4,42.83,40.87,40.87,589622
09-26-2016,40.76,42.4,40.71,42.25,330489
09-27-2016,41.52,41.73,40.2,40.55,421396
09-28-2016,42.35,42.4,40.7,41.63,2938856
09-29-2016,15.42,16.23,14.8801,15.41,15898553
09-30-2016,15.24,15.87,14.44,15.41,5567863
10-03-2016,15.46,15.75,15.2,15.24,1982372
10-04-2016,14.65,15.4229,14.56,15.4,1546287
10-05-2016,14.94,15.2549,14.345,14.61,1354471
10-06-2016,14.83,14.89,14.48,14.81,809686
10-07-2016,15.145,15.2,14.64,14.91,854749
10-10-2016,15.09,15.46,15.01,15.21,1101036
10-11-2016,14.46,15.09,14.25,14.89,823346
10-12-2016,13.59,14.62,13.55,14.48,785507
10-13-2016,13.43,13.99,13.29,13.48,714501
10-14-2016,13.03,13.6195,12.98,13.5,591671
10-17-2016,13.25,13.28,12.85,13.08,882016
10-18-2016,13.12,13.62,13.0265,13.36,615527
10-19-2016,13.11,13.18,12.95,13.12,579751
10-20-2016,13.21,13.35,13.011,13.05,427880
10-21-2016,13.65,13.93,13.07,13.07,879630
10-24-2016,13.3,13.92,13.19,13.69,534450
10-25-2016,13.06,13.53,13.01,13.34,647198
10-26-2016,12.86,13.18,12.75,13.05,799827
10-27-2016,12.2,13.03,12.17,12.94,810148
10-28-2016,12.16,12.38,11.66,12.09,609011
10-31-2016,12.4,12.59,11.97,12.15,633325
11-01-2016,12.84,12.91,12.34,12.48,797744
11-02-2016,11.79,12.85,11.77,12.85,767580
11-03-2016,10.87,11.96,10.81,11.77,915785
11-04-2016,11.36,11.59,10.8,10.8,572743
11-07-2016,12.04,12.13,11.53,11.65,458657
11-08-2016,12,12.2197,11.36,11.88,427433
11-09-2016,14.1,14.24,12.7936,12.96,1561298
11-10-2016,13.55,15.03,13.49,14.56,1052966
11-11-2016,14.4,14.45,13.37,13.49,948655
11-14-2016,14.3,14.77,14.13,14.57,719036
11-15-2016,13.91,14.3,13.83,14.16,557044
11-16-2016,13.45,14.0299,13.32,13.91,601326
11-17-2016,13.58,13.67,13.28,13.54,425787
11-18-2016,13.95,14.15,13.72,13.97,549932
11-21-2016,13.52,14.04,13.36,14,482475
11-22-2016,13.25,13.72,13.1,13.56,458278
11-23-2016,13.58,13.65,12.75,13.11,618229
11-25-2016,13.66,13.76,13.41,13.73,299513
11-28-2016,13.35,13.745,13.24,13.61,458287
11-29-2016,13.63,14.01,13.3,13.34,609119
11-30-2016,13.94,14.02,13.61,13.73,503086
12-01-2016,13.99,14.23,13.65,13.94,615262
12-02-2016,15.02,15.23,13.42,13.91,1259353
12-05-2016,15.44,15.49,14.96,15.19,1307371
12-06-2016,16.37,16.5,15.2001,15.51,1116230
12-07-2016,16.21,16.4,15.77,16.24,1108516
12-08-2016,15.97,16.74,15.5318,16.67,730981
12-09-2016,15.5,16.2192,15.41,16.11,717858
12-12-2016,15.27,15.76,14.75,15.44,740477
12-13-2016,15.3,15.91,14.98,15.39,889593
12-14-2016,15.27,15.44,14.5,15.24,688222
12-15-2016,16.1,16.35,14.91,15.39,1042966
12-16-2016,15.99,17,15.835,16.93,3096881
12-19-2016,15.63,16.35,15.42,15.94,496805
12-20-2016,15.5,15.93,15.4,15.64,314582
12-21-2016,15.05,16.09,15.04,15.55,400477
12-22-2016,14.84,15.92,14.7,15.81,490320
12-23-2016,16.14,16.18,14.78,14.79,401526
12-27-2016,15.92,16.41,15.875,16.12,245718
12-28-2016,15.54,16.05,15.45,16,253938
12-29-2016,15.52,15.809,15.29,15.57,284731
12-30-2016,15.09,15.8,15.09,15.45,476224
01-03-2017,15.73,15.76,15.16,15.36,410794
01-04-2017,16.97,16.99,15.75,15.8,529340
01-05-2017,16.63,17.09,16.27,16.9,385270
01-06-2017,16.71,17.59,16.51,16.76,612629
01-09-2017,16.77,17.1,16.47,16.82,450343
01-10-2017,16.55,16.89,16.25,16.84,412388
01-11-2017,15.605,16.7099,15.32,16.58,563128
01-12-2017,14.78,15.6799,14.68,15.47,824811
01-13-2017,14.93,15.63,14.81,14.81,470305
01-17-2017,14.19,14.99,14.16,14.79,408151
01-18-2017,14.16,14.41,13.815,14.33,497208
01-19-2017,13.85,14.26,13.8099,14.17,303529
01-20-2017,13.58,14.12,13.51,14,398980
01-23-2017,13.66,13.84,13.52,13.62,333173
01-24-2017,13.47,13.72,13.06,13.68,338906
01-25-2017,13.55,13.685,13.34,13.58,274686
01-26-2017,13.64,13.99,13.56,13.56,158856
01-27-2017,13.57,13.8,13.38,13.61,202875
01-30-2017,13.33,13.43,12.8,13.43,274515
01-31-2017,14.44,14.605,13.01,13.2,808809
02-01-2017,13.75,14.62,13.58,14.44,395155
02-02-2017,13.91,13.929,13.52,13.64,227916
02-03-2017,14.15,14.21,13.75,14.09,206468
02-06-2017,14.54,14.61,14.05,14.11,354118
02-07-2017,14.05,14.66,13.8549,14.57,197059
02-08-2017,13.73,14.25,13.58,14.03,426226
02-09-2017,13.65,14.0275,13.5,13.79,363558
02-10-2017,13.62,13.81,13.53,13.68,277958
02-13-2017,13.27,13.63,13.19,13.5,677561
02-14-2017,13.63,13.73,13.19,13.2,600677
02-15-2017,13.49,13.6,13.34,13.56,419161
02-16-2017,13.3,13.53,13,13.5,610417
02-17-2017,13.27,13.43,13.12,13.25,437362
02-21-2017,13.05,13.4,12.89,13.3,405551
02-22-2017,12.75,13.06,12.675,13,354023
02-23-2017,12.9,13.22,12.66,12.75,324274
02-24-2017,12.81,12.9648,12.65,12.77,145383
02-27-2017,13.51,13.53,12.8,12.8,300002
02-28-2017,13.05,13.56,12.91,13.45,592949
03-01-2017,14.6,14.78,10.425,13.36,2661887
03-02-2017,15.12,16.9,14.61,14.63,1545578
03-03-2017,14.32,15.43,14.14,15.14,593479
03-06-2017,13.71,14.589,13.65,14.27,591836
03-07-2017,13.68,13.9482,13.42,13.79,504966
03-08-2017,14.16,14.67,13.76,13.76,464127
03-09-2017,14.3,14.75,14.02,14.2,313451
03-10-2017,14.51,14.6,14.025,14.46,283997
03-13-2017,14.99,15.02,14.4,14.54,412645
03-14-2017,14.77,15.05,14.6,14.94,349089
03-15-2017,15.42,15.5,14.8,14.88,328246
03-16-2017,15.75,15.82,15.22,15.4,403814
03-17-2017,15.16,15.94,15.02,15.72,729806
03-20-2017,14.86,15.34,14.71,15.15,352025
03-21-2017,14.15,15.2355,14.05,15,979533
03-22-2017,14.41,14.439,13.64,14.15,1482453
03-23-2017,14.8,15.01,14.2,14.34,437589
03-24-2017,14.76,14.93,14.49,14.89,217033
