03-28-2016,43.49,44.99,41.8206,42.95,1096666
03-29-2016,44.42,44.48,42.1,43.24,970745
03-30-2016,44.22,46.15,43.3467,45.03,702081
03-31-2016,45.91,46.59,43.87,43.87,843151
04-01-2016,48.63,48.99,44.69,45.56,1139143
04-04-2016,50.29,51.99,48.5001,49.02,1171200
04-05-2016,50.03,51.16,49.09,49.72,868146
04-06-2016,53.72,54.38,49.97,49.97,1249627
04-07-2016,51.32,54.4,51.11,52.92,1118830
04-08-2016,50.27,52.4799,48.37,52.21,1130180
04-11-2016,49.67,51.5,49.05,50.4,714027
04-12-2016,50.67,51.56,48.75,49.66,648563
04-13-2016,50.96,51.58,50.2186,51.11,595050
04-14-2016,50.1,51.46,49.54,51.14,723235
04-15-2016,50.14,50.57,49.35,49.98,468008
04-18-2016,47.93,48.99,46.62,46.93,1702709
04-19-2016,46.15,48.11,46,47.97,984284
04-20-2016,48.98,49.4,46.95,47.9,1168434
04-21-2016,50.44,51,48.2375,48.63,821049
04-22-2016,50.25,51.625,48.78,50.98,589531
04-25-2016,49.06,50.6021,48.9212,50.25,465503
04-26-2016,47.32,49.7,47.3,48.96,627351
04-27-2016,46.5,47.72,45.9,46.81,759541
04-28-2016,46.61,48.17,45.515,46.22,645074
04-29-2016,46.28,47.625,45.85,46.56,519612
05-02-2016,47.8,47.975,45.28,46.68,615910
05-03-2016,45.05,47.55,44.89,47.15,721234
05-04-2016,43.71,45.27,42.99,44.64,732441
05-05-2016,43.79,44.36,43.04,43.55,494586
05-06-2016,44.65,45.06,43.01,43.54,697977
05-09-2016,45.8,46.398,43.605,44.59,819393
05-10-2016,45.78,47.3,43.9001,46.28,801367
05-11-2016,43.17,45.159,43.11,44.97,910713
05-12-2016,42.07,43.8,41.495,43.35,617380
05-13-2016,42.64,43.23,41.8335,41.85,478821
05-16-2016,45.04,45.25,42.51,43.08,728110
05-17-2016,43.71,45.21,43.4,44.95,512157
05-18-2016,45.56,45.86,43.47,43.47,457979
05-19-2016,45.48,46.5,44.57,45.33,308640
05-20-2016,47,47.15,45.055,45.62,449632
05-23-2016,48.18,48.908,46.69,47.03,415368
05-24-2016,48.2,50,47.85,48.92,945590
05-25-2016,48.01,49,47.41,48.46,578005
05-26-2016,47.81,49,47.41,47.72,743631
05-27-2016,47.79,48.23,47.13,48.13,601804
05-31-2016,51.25,51.52,48.06,48.11,888520
06-01-2016,50.87,52.3,50.64,51.24,543347
06-02-2016,54.87,54.95,50.73,51.57,1089219
06-03-2016,52.08,54.6616,51.39,54.43,987344
06-06-2016,57.42,59.79,51.76,53.72,2281704
06-07-2016,56.06,57.91,55.45,57.41,893114
06-08-2016,56.18,57.12,55.45,56.16,1179912
06-09-2016,53.42,56.77,53.31,55.86,738906
06-10-2016,51.3,52.43,50.63,52.42,807773
06-13-2016,50.94,53.03,50.57,50.57,647840
06-14-2016,50.54,51.7,49.36,50.83,764917
06-15-2016,52.58,53.4,50.75,50.96,725391
06-16-2016,52.49,52.63,51.26,52.3,395723
06-17-2016,49.73,53.2685,49.6,52.66,825247
06-20-2016,51.09,51.47,50,50.68,772030
06-21-2016,50.91,51.76,49.68,51.56,752241
06-22-2016,51.14,52.28,49.78,50.97,778516
06-23-2016,53.11,53.19,50.71,51.67,626842
06-24-2016,50.74,52.47,49.86,50.44,1334757
06-27-2016,49.39,50.5,49.01,50.06,882910
06-28-2016,50.88,51.13,50.02,50.45,991936
06-29-2016,50.99,52.1699,50.42,51.78,864826
06-30-2016,50,50.97,49.32,50.72,618352
07-01-2016,50.95,51.01,49.7501,49.98,740873
07-05-2016,51.42,51.81,49.78,50.48,413863
07-06-2016,51.5,51.54,50.12,50.67,562837
07-07-2016,52.1,52.41,50.95,51.84,1422119
07-08-2016,48.53,49.99,46.8,49.32,4978492
07-11-2016,47.68,49.5,47.6,49.25,1451998
07-12-2016,46.96,48.38,46.89,48.04,1416380
07-13-2016,48.53,51.25,48.37,50.49,2243141
07-14-2016,47.97,49.208,47.45,49.03,760555
07-15-2016,48.66,49.31,48.06,48.23,461580
07-18-2016,48.64,49.23,47.95,48.95,401030
07-19-2016,47.37,49.12,47.17,48.38,546462
07-20-2016,49.82,49.82,47.43,47.43,785478
07-21-2016,50.18,51.48,49.5,50.17,510116
07-22-2016,50.75,51.0991,49.66,50.23,324063
07-25-2016,51.51,51.79,50.58,50.85,397354
07-26-2016,52,52.44,51.14,51.35,705853
07-27-2016,54.23,54.25,52.14,52.14,502414
07-28-2016,54.52,55.15,53.5401,54.39,584262
07-29-2016,56.63,57.74,54,54.2,729385
08-01-2016,57.03,57.8,55.89,57,627006
08-02-2016,55.98,56.929,54.39,56.26,678010
08-03-2016,59.25,59.29,55.43,55.7,782054
08-04-2016,58.39,60.92,58.1,59.3,734633
08-05-2016,58.59,59.7,58.2,58.74,563285
08-08-2016,58.25,59.149,57.311,58.8,565597
08-09-2016,59.2,59.96,56.02,56.49,944674
08-10-2016,58.03,59.73,57.8,59,573467
08-11-2016,58.7,59.505,57.11,58.5,702052
08-12-2016,60.16,60.24,57.99,58.45,673544
08-15-2016,62.51,63.1,60.17,60.17,907833
08-16-2016,61.84,64.3,61.74,62.66,768262
08-17-2016,60.32,62.82,59.76,62.02,761618
08-18-2016,60.35,60.68,59.58,60.55,856006
08-19-2016,60.5,60.5799,59.8,60.2,603263
08-22-2016,61.23,61.86,60,60,678962
08-23-2016,60.33,61.86,60.26,61.65,389458
08-24-2016,57.5,60.67,57,59.75,908100
08-25-2016,57.88,59.46,56.39,57.59,678663
08-26-2016,58.64,59.12,57.189,58.17,568615
08-29-2016,58.04,59.05,57.4601,58.74,335365
08-30-2016,58.71,60.62,57.9,57.9,748777
08-31-2016,57.62,57.985,55.26,57.9,947776
09-01-2016,58.87,58.96,57,57.53,358434
09-02-2016,58.76,59.84,58.1929,59.22,344674
09-06-2016,60.2,60.31,58.34,59,685404
09-07-2016,61.12,61.395,60.01,60.33,716968
09-08-2016,60.98,61.7246,60.06,61.35,461118
09-09-2016,56.73,60.79,56.63,60.04,726233
09-12-2016,57.22,57.8,56.02,56.55,1224689
09-13-2016,55.1,57.28,54.2,56.77,879194
09-14-2016,54.76,55.605,53.68,55.01,1012918
09-15-2016,55.37,55.66,53.79,55.14,707286
09-16-2016,57.63,57.84,54.661,55.02,962257
09-19-2016,56.01,59,55.94,58.3,849709
09-20-2016,55.68,57.17,55.415,55.9,800866
09-21-2016,55.58,56.53,54,56.53,926701
09-22-2016,54.93,56.19,54.25,56.18,862951
09-23-2016,54.57,55.05,53.3,54.68,1048751
09-26-2016,54.98,55.14,53.5,54.03,2102098
09-27-2016,60.04,61.7499,59.02,60.9,5918775
09-28-2016,56.46,60.4,55.9,60.4,2196888
09-29-2016,55.98,56.98,55.75,56.4,1164468
09-30-2016,55.86,57.394,55.2,56.09,1425909
10-03-2016,55.09,55.95,54.27,55.41,547098
10-04-2016,54.84,56.06,54.61,55.13,466058
10-05-2016,56.41,56.49,54.85,55.01,498746
10-06-2016,55.66,56.905,55,55.97,626519
10-07-2016,55.72,57.655,55.14,55.58,1130601
10-10-2016,57.74,57.75,56.09,56.11,632880
10-11-2016,55.37,57.83,54.97,57.33,596583
10-12-2016,51.66,55.6,51.62,54.52,817909
10-13-2016,51.42,52.58,50.22,51.07,777437
10-14-2016,49.3,51.86,49.29,51.49,850348
10-17-2016,49.5,51.98,48.59,51.3,1087869
10-18-2016,49.66,50.14,48.42,49.85,1332654
10-19-2016,45.92,50.04,45.87,49.88,1969360
10-20-2016,45.32,46.4,43.76,45.5,2096230
10-21-2016,47.01,48.01,45.01,45.23,1616750
10-24-2016,46.21,47.43,45.35,47.05,786273
10-25-2016,46.02,46.25,45.53,46.21,557785
10-26-2016,45.68,46.3,45.2,46.03,516166
10-27-2016,44.01,46.51,43.82,46.11,934657
10-28-2016,44.59,45.49,42.98,43.91,826224
10-31-2016,44.29,44.6822,43.24,44.55,616816
11-01-2016,44.47,45.4,43,44.45,859478
11-02-2016,42.16,44.41,41.75,44.23,1059168
11-03-2016,40.01,42.17,39.82,42.09,1472179
11-04-2016,42.7,42.74,39.99,40,1139810
11-07-2016,45.69,45.99,42.64,43.44,1959421
11-08-2016,45.57,46.18,44.721,45.46,1148902
11-09-2016,49.61,49.88,47.04,48.65,2906789
11-10-2016,50.9,51.65,48.98,50.18,1458412
11-11-2016,51.5,51.97,49.774,51.04,1164503
11-14-2016,52.23,52.3,50.8,51.55,906627
11-15-2016,50.5,52.47,49.8408,52.23,808296
11-16-2016,50.11,52.38,50.06,50.46,838760
11-17-2016,50.56,50.89,49.25,50.5,773374
11-18-2016,51.8,52.14,50,50.6,804164
11-21-2016,53.68,54.3995,52.18,52.63,1296469
11-22-2016,51.69,53.92,50.75,53.31,818876
11-23-2016,50.9,53.19,48.25,49.88,1946696
11-25-2016,50.56,51.42,49.85,51.42,513204
11-28-2016,48.35,50.52,48.13,50.21,782017
11-29-2016,49.01,49.6,48.39,48.76,594913
11-30-2016,50.93,51.85,49.19,49.22,1174186
12-01-2016,50.72,51.95,49.86,51.55,1349538
12-02-2016,50.76,52.4,50.021,50.59,1046367
12-05-2016,53.62,55.71,52,52.7,2409152
12-06-2016,51.1,55.42,49.75,53.53,2290794
12-07-2016,46.82,50.99,46.4,49.61,2310549
12-08-2016,45.07,46.88,43.95,46.5,1550687
12-09-2016,45.89,47.6577,45,45.44,1090453
12-12-2016,47.84,48.42,45.68,46.1,1110705
12-13-2016,46.61,48.6,46.5,48.15,767187
12-14-2016,47.63,47.95,46.5701,46.58,735107
12-15-2016,49.27,49.32,47.62,47.81,719248
12-16-2016,51.76,52.5799,49.28,49.46,2043754
12-19-2016,50.63,52.38,49.96,51.25,903994
12-20-2016,51.38,51.77,50.6,50.86,553501
12-21-2016,48.89,51.52,48.55,51.4,773532
12-22-2016,46.09,49.05,45.7,49.05,860328
12-23-2016,47.9,48.19,45.89,45.89,779924
12-27-2016,47.72,49.63,47.58,48.16,547695
12-28-2016,46.25,47.88,45.98,47.71,508099
12-29-2016,45.25,46.77,45,46.08,636378
12-30-2016,44.84,46.2,44.61,45.43,708438
01-03-2017,45.95,46.45,44.84,45.5,727007
01-04-2017,48.98,49.086,46.66,46.75,1001091
01-05-2017,49.68,49.865,48.3,48.92,920158
01-06-2017,51.24,52.03,49.73,49.9,727548
01-09-2017,51.99,52.47,50.3,51.77,789142
01-10-2017,51.74,53.9,49.03,53.8,1498909
01-11-2017,49.05,51.74,48.2,51.71,1101670
01-12-2017,49.33,50.97,48.25,48.62,803398
01-13-2017,49.44,50.39,49.06,49.5,1055456
01-17-2017,47.46,49.4,47.22,48.96,700377
01-18-2017,47.58,47.8486,46.82,47.58,773998
01-19-2017,47.63,47.95,46.96,47.41,473102
01-20-2017,47.21,47.9,47.15,47.74,580324
01-23-2017,45.91,47.9713,45.8,47.75,633453
01-24-2017,47.98,48,45.31,46,720989
01-25-2017,48.77,49.36,47.37,48.19,618227
01-26-2017,48.76,49.29,47.75,49.05,519295
01-27-2017,48.44,49,47.95,48.75,626220
01-30-2017,48.74,49.19,47.7,48.41,922131
01-31-2017,50.97,51,48.04,48.88,1390236
02-01-2017,52.57,52.83,51,51.37,911252
02-02-2017,52.1,52.89,50.57,51,1106629
02-03-2017,52.87,53.16,52.15,52.29,1010385
02-06-2017,53.32,53.42,52.5,52.53,687380
02-07-2017,52.835,53.78,52.72,53.71,569814
02-08-2017,52.47,52.96,51,52.55,741204
02-09-2017,52.81,53.5,52.33,52.39,879213
02-10-2017,52.71,53.44,52.42,52.53,298279
02-13-2017,53.97,54.3,52.39,52.9,679964
02-14-2017,54.54,54.6,53.81,54.12,603888
02-15-2017,55.49,55.65,54.0101,54.46,654886
02-16-2017,54.47,55.7692,53.55,55.49,622382
02-17-2017,54.66,55.2,53.6,54.49,611163
02-21-2017,55.01,56.27,54.39,54.72,843907
02-22-2017,53.68,55.275,53.64,54.4,543535
02-23-2017,52.97,53.93,52.08,53.68,517878
02-24-2017,52.6,52.8924,51.42,52.72,548638
02-27-2017,56.83,57,52.55,53.92,1191223
02-28-2017,70.77,72.8,62.3301,62.98,9726815
03-01-2017,79.62,80.82,68.05,71.25,6986071
03-02-2017,75.1,76.1099,74.32,75.19,7742406
03-03-2017,72.53,75.1,71.5,74.11,2718887
03-06-2017,73.9,75.87,72.76,74.18,2107168
03-07-2017,74.37,77.88,72.79,72.9,2370357
03-08-2017,75.78,77.48,74.83,75.5,1565203
03-09-2017,81.79,82.46,76.0101,76.44,3073028
03-10-2017,83.98,84.5,80.61,82.6,2301734
03-13-2017,85.92,88.58,83.51,83.51,2872780
03-14-2017,83.89,86.304,82.28,86,1910854
03-15-2017,83.56,85.93,82.65,85.3,1672914
03-16-2017,84.35,85.74,82.6,83.31,1348169
03-17-2017,83.98,85.5,82.37,83.69,2983581
03-20-2017,84.94,86.6,83.3,84.05,1321261
03-21-2017,76.67,85.7932,76.34,85.66,2464738
03-22-2017,76.38,79.46,76.22,77.56,1901721
03-23-2017,74.5,77.38,74.06,76.61,1282666
03-24-2017,76.84,77.75,74.58,74.65,1063363
