03-28-2016,4.59,4.6005,4.15,4.27,82366
03-29-2016,4.57,4.7,4.5353,4.63,28061
03-30-2016,4.4,4.6073,4.22,4.55,37819
03-31-2016,4.35,4.46,4.25,4.35,10113
04-01-2016,4.6,4.874,4.2,4.3,166398
04-04-2016,4.62,4.6964,4.345,4.55,76795
04-05-2016,4.57,4.7,4.12,4.52,169919
04-06-2016,4.74,4.84,4.5,4.6,114718
04-07-2016,5.18,5.3,4.86,4.97,733999
04-08-2016,5.29,5.61,5.09,5.39,265485
04-11-2016,5.33,5.79,5.1201,5.6,185147
04-12-2016,5.08,5.4058,4.85,5.28,132583
04-13-2016,5.4,5.42,4.92,5.08,161030
04-14-2016,5.37,5.7,5.2852,5.5,137139
04-15-2016,5.41,5.56,5.3101,5.5,53335
04-18-2016,5.56,5.96,5.2,5.35,130410
04-19-2016,5.66,5.97,5.52,5.52,130437
04-20-2016,5.57,5.74,5.51,5.72,84264
04-21-2016,5.4701,5.56,5.4,5.5,45406
04-22-2016,5.405,5.5101,5.2,5.51,59332
04-25-2016,5.21,5.37,5.2,5.37,36456
04-26-2016,5.3599,5.4099,4.9188,5.17,100887
04-27-2016,5.67,5.74,5.45,5.45,98505
04-28-2016,5.4,5.86,5.4,5.68,58206
04-29-2016,5.56,5.6799,5.3101,5.4,77938
05-02-2016,5.77,5.895,5.56,5.715,111092
05-03-2016,5.94,6.26,5.75,5.75,139785
05-04-2016,5.6401,6.1311,5.62,6.0299,140242
05-05-2016,5.83,5.89,5.613,5.684,35525
05-06-2016,5.9,6,5.6,5.886,61956
05-09-2016,6.05,6.8497,5.75,5.75,310364
05-10-2016,5.95,6.49,5.81,6.2,412262
05-11-2016,5.9,6.32,5.82,6.32,39096
05-12-2016,6.27,6.75,6,6.07,558923
05-13-2016,6.56,6.79,6.2,6.51,268174
05-16-2016,6.68,6.95,6.4,6.78,214355
05-17-2016,6.2,6.51,5.83,6.51,328398
05-18-2016,6.34,6.45,6.1,6.25,83357
05-19-2016,6.18,6.4886,6,6.31,101764
05-20-2016,5.19,6.34,5.03,6.34,618255
05-23-2016,4.75,5.34,4.5,5.26,427494
05-24-2016,4.23,4.84,4.08,4.73,380982
05-25-2016,4.39,4.52,4.2686,4.45,302516
05-26-2016,4.69,4.74,4.21,4.43,113113
05-27-2016,4.59,4.99,4.51,4.51,119543
05-31-2016,4.7,4.91,4.53,4.53,80684
06-01-2016,4.84,4.84,4.6,4.61,36399
06-02-2016,4.71,4.85,4.7,4.79,45171
06-03-2016,4.62,4.83,4.55,4.7,64256
06-06-2016,4.63,4.79,4.33,4.76,65554
06-07-2016,4.59,4.64,4.4801,4.54,43248
06-08-2016,4.69,4.85,4.5499,4.555,57766
06-09-2016,4.5899,4.81,4.575,4.68,38322
06-10-2016,4.6,4.67,4.45,4.51,28784
06-13-2016,4.36,4.65,4.3401,4.54,63170
06-14-2016,4.39,4.44,4.35,4.41,21940
06-15-2016,4.49,4.58,4.26,4.32,24781
06-16-2016,4.36,4.43,4.26,4.41,18627
06-17-2016,4.15,4.39,3.84,4.2884,148988
06-20-2016,4.05,4.3899,4,4.15,94281
06-21-2016,3.98,4.1297,3.81,4.1297,37273
06-22-2016,3.89,4.14,3.8,3.95,81826
06-23-2016,3.81,3.97,3.68,3.85,60039
06-24-2016,3.86,4.38,3.67,3.75,532814
06-27-2016,3.85,4.22,3.75,4.17,168982
06-28-2016,3.39,3.97,3.35,3.97,413521
06-29-2016,3.11,3.3,2.93,3.2,1103861
06-30-2016,3.12,3.22,3.06,3.2,158369
07-01-2016,3.13,3.15,2.98,3.15,223264
07-05-2016,2.96,3.0776,2.5901,3,170537
07-06-2016,2.91,3.04,2.8,3.04,102161
07-07-2016,2.93,2.9806,2.86,2.94,71327
07-08-2016,3.09,3.09,2.8756,2.91,50070
07-11-2016,3.1,3.22,3.08,3.2,116512
07-12-2016,3.09,3.13,2.98,3.11,165851
07-13-2016,2.9999,3.11,2.92,3.11,91244
07-14-2016,2.99,3.08,2.93,3.05,79520
07-15-2016,3.01,3.04,2.95,2.95,33656
07-18-2016,3.06,3.06,3.02,3.05,58602
07-19-2016,2.98,3.1,2.93,3.1,121054
07-20-2016,3.0101,3.02,2.92,2.95,76290
07-21-2016,2.96,3.0001,2.96,3.0001,35950
07-22-2016,2.97,2.9899,2.88,2.97,71968
07-25-2016,2.8,2.89,2.76,2.89,76001
07-26-2016,2.77,2.87,2.7,2.87,117679
07-27-2016,2.96,2.9999,2.7814,2.8,172371
07-28-2016,2.995,3.08,2.84,3.01,163166
07-29-2016,3.0099,3.07,2.939,2.99,179358
08-01-2016,3.05,3.149,2.98,3,160055
08-02-2016,3.07,3.11,3,3.11,158801
08-03-2016,3.2499,3.34,3.06,3.08,1079181
08-04-2016,3.18,3.2284,3.01,3.22,307383
08-05-2016,3.27,3.27,3.08,3.2,273511
08-08-2016,3.4,3.44,3.22,3.33,470914
08-09-2016,3.38,3.49,3.3,3.47,430346
08-10-2016,3.33,3.59,3.21,3.56,693182
08-11-2016,3.14,3.28,3.0735,3.28,320439
08-12-2016,3.06,3.12,2.82,3.12,310744
08-15-2016,3.18,3.18,3.07,3.14,178736
08-16-2016,3.07,3.194,2.97,3.16,169260
08-17-2016,3.07,3.0799,2.87,3,185962
08-18-2016,3.12,3.16,3.02,3.05,70515
08-19-2016,3.21,3.25,3.12,3.16,71657
08-22-2016,3.16,3.24,3.11,3.24,38845
08-23-2016,3.13,3.13,2.98,3.13,58026
08-24-2016,3.07,3.1275,3.05,3.07,27567
08-25-2016,3.04,3.09,3.01,3.04,56271
08-26-2016,3.02,3.1,3.0171,3.0913,75971
08-29-2016,3.01,3.0457,2.89,3,117778
08-30-2016,2.96,3.0575,2.92,3.01,45904
08-31-2016,2.99,3.02,2.9301,2.9478,48540
09-01-2016,2.91,2.975,2.88,2.95,72636
09-02-2016,2.87,2.98,2.85,2.98,104870
09-06-2016,2.96,3.09,2.91,2.95,116606
09-07-2016,3.25,3.37,2.95,2.9524,1091770
09-08-2016,3.3,3.48,3.22,3.23,715151
09-09-2016,3.17,3.39,3.05,3.39,234008
09-12-2016,3.24,3.26,3.1001,3.24,117399
09-13-2016,3.15,3.24,3.0312,3.21,160743
09-14-2016,3.15,3.21,3.09,3.15,86389
09-15-2016,3.23,3.29,3.15,3.16,171216
09-16-2016,3.19,3.2458,3.15,3.21,55107
09-19-2016,3.09,3.2209,3.06,3.16,96642
09-20-2016,3.09,3.15,3.05,3.13,62846
09-21-2016,3.14,3.16,3.06,3.15,74857
09-22-2016,3.22,3.2699,3.0701,3.14,104891
09-23-2016,3.25,3.265,3.18,3.22,93683
09-26-2016,3.27,3.34,3.225,3.27,123853
09-27-2016,3.62,4.15,3.24,3.24,5161349
09-28-2016,3.54,3.77,3.35,3.6,791053
09-29-2016,3.5,3.64,3.3,3.5,371047
09-30-2016,3.48,3.51,3.4,3.48,101412
10-03-2016,3.47,3.47,3.33,3.45,138488
10-04-2016,3.57,3.77,3.502,3.54,299270
10-05-2016,3.76,3.9309,3.55,3.59,633680
10-06-2016,3.77,4.24,3.6,3.84,803587
10-07-2016,3.79,3.9699,3.6,3.8,222987
10-10-2016,4.07,4.1399,3.68,3.82,735703
10-11-2016,4.32,4.55,3.94,4.1,1078599
10-12-2016,4.12,4.3995,4.1,4.28,431044
10-13-2016,3.82,4.05,3.78,4,397708
10-14-2016,3.57,3.88,3.51,3.85,398203
10-17-2016,3.59,3.6499,3.5128,3.54,121758
10-18-2016,3.77,3.8729,3.6,3.66,283801
10-19-2016,3.86,4.08,3.78,3.79,357789
10-20-2016,3.87,3.88,3.75,3.83,82061
10-21-2016,3.95,4.056,3.87,3.92,128658
10-24-2016,3.86,4.08,3.83,3.98,166590
10-25-2016,3.83,3.9567,3.71,3.89,167554
10-26-2016,3.77,3.86,3.71,3.86,83514
10-27-2016,3.56,3.766,3.3963,3.75,273485
10-28-2016,3.44,3.59,3.35,3.53,149899
10-31-2016,3.43,3.52,3.3561,3.41,132957
11-01-2016,3.36,3.62,3.3,3.6,63189
11-02-2016,3.25,3.35,3.24,3.33,85650
11-03-2016,3.12,3.3,3.1,3.25,108218
11-04-2016,3.16,3.2841,3.05,3.11,82804
11-07-2016,3.23,3.34,3.18,3.34,44923
11-08-2016,3.29,3.33,3.2045,3.33,27812
11-09-2016,3.55,3.6,3.24,3.24,188796
11-10-2016,3.45,3.61,3.32,3.61,133168
11-11-2016,3.61,3.65,3.4153,3.51,158276
11-14-2016,3.53,3.65,3.5,3.55,114090
11-15-2016,3.47,3.57,3.45,3.51,102608
11-16-2016,3.58,3.64,3.38,3.51,103807
11-17-2016,3.75,3.7772,3.4938,3.53,179183
11-18-2016,3.67,3.82,3.6,3.82,91965
11-21-2016,3.65,3.67,3.59,3.66,77777
11-22-2016,3.5769,3.69,3.51,3.61,58720
11-23-2016,3.51,3.64,3.49,3.6,44269
11-25-2016,3.58,3.62,3.4,3.55,30193
11-28-2016,3.45,3.6296,3.3901,3.59,66720
11-29-2016,3.42,3.508,3.4,3.44,40920
11-30-2016,3.3,3.4305,3.29,3.37,75288
12-01-2016,3.23,3.35,3.22,3.33,44151
12-02-2016,3.38,3.46,3.21,3.23,68936
12-05-2016,3.39,3.46,3.23,3.46,68340
12-06-2016,3.44,3.49,3.32,3.45,84209
12-07-2016,3.51,3.7799,3.4,3.55,295646
12-08-2016,3.5,3.63,3.42,3.63,100789
12-09-2016,3.44,3.55,3.34,3.4,76717
12-12-2016,3.46,3.549,3.38,3.48,81225
12-13-2016,3.3,3.4901,3.2901,3.44,104686
12-14-2016,3.14,3.34,2.88,3.26,255133
12-15-2016,3.195,3.21,3.0701,3.14,39595
12-16-2016,3.19,3.25,3.11,3.17,22508
12-19-2016,3.1,3.2499,3.1,3.2499,37513
12-20-2016,3.08,3.17,3.08,3.1,36242
12-21-2016,2.98,3.1024,2.92,3.08,99521
12-22-2016,2.93,3.03,2.9,2.93,57452
12-23-2016,2.98,3.05,2.94,2.94,38523
12-27-2016,3.1157,3.1418,2.95,2.96,79115
12-28-2016,3.07,3.17,3.0606,3.1,19186
12-29-2016,3.1307,3.15,3.0546,3.0546,49174
12-30-2016,3.11,3.22,3.06,3.17,63326
01-03-2017,3.17,3.22,3.05,3.22,26906
01-04-2017,3.21,3.2492,3.16,3.216,10349
01-05-2017,3.35,3.38,3.25,3.28,41681
01-06-2017,3.34,3.3999,3.32,3.39,33152
01-09-2017,3.2887,3.42,3.2355,3.37,33287
01-10-2017,3.16,3.3,3.15,3.2893,81116
01-11-2017,3.14,3.21,3.14,3.2005,33730
01-12-2017,3.22,3.49,3.1,3.12,309714
01-13-2017,3.0402,3.2689,3.0238,3.22,150973
01-17-2017,3.1618,3.1699,2.9,3.08,223281
01-18-2017,3.12,3.25,3.12,3.25,71082
01-19-2017,3.04,3.18,2.95,3.13,57063
01-20-2017,3.09,3.09,3,3.0399,41322
01-23-2017,2.8801,3.12,2.78,3.12,206863
01-24-2017,2.93,2.9624,2.75,2.88,121444
01-25-2017,2.98,3.14,2.89,2.9,46825
01-26-2017,2.87,3,2.87,3,40540
01-27-2017,2.79,2.8789,2.75,2.87,43311
01-30-2017,2.7,2.8764,2.66,2.8129,69223
01-31-2017,2.7,2.8501,2.7,2.73,69535
02-01-2017,2.77,2.95,2.72,2.95,128075
02-02-2017,2.79,2.85,2.71,2.82,90872
02-03-2017,2.88,2.8973,2.75,2.85,67318
02-06-2017,2.55,3.03,2.55,3.03,525780
02-09-2017,2.15,2.19,1.51,1.53,806809
02-10-2017,2.1199,2.35,2.06,2.2,222631
02-13-2017,1.99,2.19,1.9001,2.19,133131
02-14-2017,1.9107,2.05,1.89,1.9901,82508
02-15-2017,1.83,1.9355,1.57,1.89,184801
02-16-2017,1.82,1.9,1.76,1.9,31848
02-17-2017,1.78,1.8799,1.74,1.8,36509
02-21-2017,1.82,1.8872,1.76,1.77,36758
02-22-2017,1.73,1.8011,1.7,1.77,49603
02-23-2017,1.73,1.7527,1.7,1.74,29284
02-24-2017,1.69,1.7109,1.68,1.7,35821
02-27-2017,1.9,2.47,1.85,1.85,2913076
02-28-2017,1.9,2.04,1.77,1.9,255809
03-01-2017,2.06,2.074,1.92,2.01,152736
03-02-2017,2.03,2.21,2.01,2.02,66760
03-03-2017,1.96,2.12,1.85,1.98,52340
03-06-2017,1.94,2.03,1.91,2.03,30728
03-07-2017,1.96,1.99,1.94,1.94,13329
03-08-2017,2.14,2.43,2.07,2.33,839752
03-09-2017,2.11,2.23,2.09,2.14,158519
03-10-2017,2.0367,2.21,2.02,2.21,49407
03-13-2017,2,2.08,1.92,2.08,32676
03-14-2017,2.03,2.12,1.97,2,66919
03-15-2017,2.1425,2.15,2.0301,2.0301,32709
03-16-2017,2.16,2.16,2.02,2.09,19579
03-17-2017,2.1,2.2,2.0572,2.2,19880
03-20-2017,2.03,2.12,2,2.01,27855
03-21-2017,1.99,2.17,1.96,2.12,53991
03-22-2017,2.049,2.08,1.95,1.99,27718
03-23-2017,2.04,2.1159,2.01,2.09,41107
03-24-2017,2.0422,2.0753,2,2.0331,24436
