03-28-2016,4.95,5.32,4.83,5.07,98271
03-29-2016,5.05,5.14,4.61,4.95,293503
03-30-2016,4.86,5.475,4.75,5.475,150840
03-31-2016,3.94,5,3.6626,4.99,1074270
04-01-2016,3.81,4.08,3.77,4,406458
04-04-2016,3.6,3.87,3.6,3.86,281684
04-05-2016,3.47,3.58,3.445,3.54,326240
04-06-2016,3.19,3.52,3.15,3.46,1318140
04-07-2016,3.2,3.31,3.04,3.25,2092079
04-08-2016,3.2,3.41,3.03,3.25,3716929
04-11-2016,3.62,3.68,3.32,3.34,2323230
04-12-2016,3.87,3.9,3.45,3.7,1755625
04-13-2016,3.99,4.02,3.72,3.91,969921
04-14-2016,4.22,4.36,3.86,4,1611703
04-15-2016,4.19,4.3,3.93,4.25,821331
04-18-2016,3.99,4.3,3.98,4.23,717639
04-19-2016,3.82,4.12,3.79,4.03,525819
04-20-2016,3.91,4.06,3.82,3.86,388019
04-21-2016,4.01,4.05,3.86,3.92,394251
04-22-2016,4.18,4.2,3.94,4.01,282502
04-25-2016,3.96,4.2,3.9183,4.19,368056
04-26-2016,3.87,4,3.74,4,260590
04-27-2016,3.82,3.9299,3.78,3.87,221771
04-28-2016,3.76,3.88,3.725,3.83,316778
04-29-2016,3.56,3.74,3.43,3.74,372730
05-02-2016,3.67,3.7119,3.46,3.6,418866
05-03-2016,3.48,3.662,3.4502,3.6,235378
05-04-2016,3.34,3.53,3.27,3.44,340314
05-05-2016,3.22,3.37,3.15,3.37,233345
05-06-2016,3.1,3.24,3.06,3.24,210628
05-09-2016,3.23,3.28,3.08,3.12,194411
05-10-2016,3.14,3.28,3.065,3.28,152930
05-11-2016,3.01,3.14,2.98,3.14,216897
05-12-2016,2.86,3.14,2.81,3.14,297110
05-13-2016,2.91,2.99,2.81,2.86,93354
05-16-2016,3.06,3.1,2.89,2.96,200123
05-17-2016,3.15,3.17,3.0499,3.0499,241806
05-18-2016,3.1,3.19,3.1,3.13,98476
05-19-2016,3.01,3.135,2.91,3.07,139317
05-20-2016,3.15,3.18,3,3.02,137740
05-23-2016,3.22,3.29,3.1,3.16,150581
05-24-2016,3.33,3.36,3.18,3.24,176878
05-25-2016,3.3,3.3899,3.16,3.35,255679
05-26-2016,3.21,3.35,3.16,3.32,116729
05-27-2016,3.23,3.36,3.174,3.22,99892
05-31-2016,3.31,3.356,3.25,3.27,184667
06-01-2016,3.48,3.48,3.25,3.31,219269
06-02-2016,3.56,3.56,3.43,3.48,106876
06-03-2016,3.47,3.57,3.36,3.55,97929
06-06-2016,3.49,3.55,3.35,3.45,260554
06-07-2016,3.28,3.55,3.27,3.54,306140
06-08-2016,3.22,3.34,3.15,3.33,176577
06-09-2016,3.13,3.31,3.0899,3.21,247937
06-10-2016,3.07,3.1787,3.03,3.13,147957
06-13-2016,3.1,3.176,3,3.03,198365
06-14-2016,3.01,3.15,2.95,3.1,113762
06-15-2016,3.01,3.15,2.95,3.01,161171
06-16-2016,2.92,3.05,2.89,2.97,382821
06-17-2016,2.8,2.95,2.77,2.94,233845
06-20-2016,2.74,2.88,2.71,2.81,195137
06-21-2016,2.78,2.82,2.64,2.76,182507
06-22-2016,2.8,2.9499,2.74,2.81,175148
06-23-2016,2.94,2.96,2.84,2.85,121026
06-24-2016,2.86,2.87,2.75,2.8,657157
06-27-2016,2.56,2.87,2.55,2.81,153671
06-28-2016,2.53,2.7,2.5001,2.65,123130
06-29-2016,2.7,2.75,2.48,2.59,108341
06-30-2016,2.78,2.8,2.65,2.69,84970
07-01-2016,2.94,2.94,2.75,2.78,172807
07-05-2016,2.81,2.94,2.77,2.94,58898
07-06-2016,2.81,2.87,2.75,2.81,66095
07-07-2016,2.74,2.93,2.71,2.84,181053
07-08-2016,2.85,2.87,2.73,2.75,92787
07-11-2016,2.73,2.89,2.67,2.89,118627
07-12-2016,2.74,2.8,2.71,2.8,90368
07-13-2016,2.68,2.83,2.64,2.74,312876
07-14-2016,2.67,2.76,2.64,2.7,49714
07-15-2016,2.7,2.71,2.6256,2.6301,30466
07-18-2016,2.72,2.72,2.64,2.7,56237
07-19-2016,2.62,2.79,2.62,2.72,101888
07-20-2016,3.06,3.1,2.64,2.64,761080
07-21-2016,2.96,3.39,2.94,3.09,1089983
07-22-2016,2.9,2.96,2.86,2.96,216137
07-25-2016,2.88,2.92,2.85,2.91,67201
07-26-2016,2.88,2.92,2.85,2.86,85169
07-27-2016,3.1,3.11,2.89,2.89,184262
07-28-2016,2.97,3.14,2.88,3.08,316388
07-29-2016,3.41,3.43,2.911,2.97,1430526
08-01-2016,3.17,3.72,3.15,3.49,968594
08-02-2016,3.09,3.32,3.0101,3.17,290264
08-03-2016,3.29,3.4,3.06,3.06,376603
08-04-2016,3.2,3.42,3.16,3.33,169564
08-05-2016,3.31,3.42,3.22,3.22,296687
08-08-2016,3.3,3.422,3.27,3.41,107373
08-09-2016,3.18,3.3,3.15,3.3,101020
08-10-2016,2.97,3.21,2.93,3.16,272335
08-11-2016,3.22,3.25,2.94,2.94,217668
08-12-2016,3.42,3.472,3.2,3.27,313104
08-15-2016,3.66,3.85,3.33,3.41,849064
08-16-2016,3.52,3.63,3.39,3.55,246201
08-17-2016,3.38,3.625,3.3414,3.55,124008
08-18-2016,3.37,3.45,3.19,3.37,410260
08-19-2016,3.34,3.39,3.2001,3.29,118532
08-22-2016,3.25,3.42,3.23,3.33,152393
08-23-2016,3.25,3.34,3.22,3.27,84542
08-24-2016,3.01,3.32,2.96,3.23,216944
08-25-2016,2.94,3.205,2.84,3.01,178908
08-26-2016,2.98,3.15,2.805,2.96,180340
08-29-2016,2.9,3.09,2.8201,2.97,76797
08-30-2016,2.97,3.02,2.88,2.91,52459
08-31-2016,2.92,2.99,2.89,2.96,107708
09-01-2016,2.95,2.99,2.88,2.91,93665
09-02-2016,2.9,2.97,2.88,2.97,217966
09-06-2016,3.15,3.15,2.9301,2.94,215400
09-07-2016,3.05,3.19,3,3.15,138332
09-08-2016,3.11,3.16,3,3.07,85649
09-09-2016,3.08,3.15,3.02,3.06,70071
09-12-2016,3.13,3.16,3.02,3.03,90504
09-13-2016,3.06,3.14,2.96,3.08,126393
09-14-2016,3.24,3.25,3.07,3.0701,262852
09-15-2016,3.26,3.33,3.18,3.27,160051
09-16-2016,3.21,3.37,3.15,3.2,399538
09-19-2016,3.27,3.29,3.11,3.24,85560
09-20-2016,3.22,3.3,3.12,3.3,93486
09-21-2016,3.29,3.33,3.19,3.24,99813
09-22-2016,3.33,3.5,3.2601,3.3,243024
09-23-2016,3.3,3.4,3.21,3.32,99125
09-26-2016,3.27,3.33,3.15,3.28,41640
09-27-2016,3.3,3.42,3.22,3.315,58877
09-28-2016,3.23,3.34,3.2001,3.31,32136
09-29-2016,3.18,3.2788,3.16,3.2496,101927
09-30-2016,3.18,3.3,3.15,3.17,85152
10-03-2016,3.19,3.24,3.16,3.18,58410
10-04-2016,3.22,3.29,3.16,3.2,77213
10-05-2016,3.25,3.38,3.23,3.259,131354
10-06-2016,2.97,3.2626,2.97,3.2,288556
10-07-2016,2.9,2.99,2.84,2.97,135408
10-10-2016,3.04,3.04,2.88,2.92,249413
10-11-2016,2.89,3.108,2.88,3,71419
10-12-2016,2.86,3.1,2.85,2.9,141802
10-13-2016,2.88,2.89,2.83,2.85,56757
10-14-2016,2.78,3.01,2.71,2.85,221208
10-17-2016,2.7,2.8,2.7,2.75,62051
10-18-2016,2.75,2.75,2.65,2.75,62409
10-19-2016,2.75,2.85,2.6,2.7,43335
10-20-2016,2.95,2.95,2.8,2.84,42410
10-21-2016,2.9,3,2.85,2.95,35385
10-24-2016,3.05,3.25,3,3.15,301773
10-25-2016,2.85,3.05,2.825,3,123363
10-26-2016,2.95,2.975,2.8,2.8,46003
10-27-2016,2.9,3.05,2.9,3,58062
10-28-2016,2.8,2.9495,2.8,2.9,27190
10-31-2016,2.75,2.849,2.7,2.75,97302
11-01-2016,2.65,2.85,2.6,2.75,151445
11-02-2016,2.6,2.65,2.6,2.65,36049
11-03-2016,2.55,2.6457,2.55,2.6,60980
11-04-2016,2.7,2.7,2.55,2.55,51818
11-07-2016,2.8,2.85,2.65,2.75,84769
11-08-2016,2.7,2.8,2.6,2.6,43413
11-09-2016,2.95,2.95,2.7,2.7,103681
11-10-2016,3.15,3.15,2.7,2.95,330838
11-11-2016,3.15,3.2,2.95,3.15,105137
11-14-2016,3.5,3.5,2.95,3.2,318708
11-15-2016,3.4,3.5,3.2,3.5,106956
11-16-2016,3.4,3.45,3.25,3.4,60699
11-17-2016,3.6,3.65,3.35,3.45,370724
11-18-2016,3.75,3.8,3.55,3.65,468581
11-21-2016,3.55,3.8,3.3,3.75,154345
11-22-2016,3.3,3.65,3.3,3.55,124576
11-23-2016,3.3,3.45,3.15,3.25,94276
11-25-2016,3.15,3.3,3.15,3.2,21720
11-28-2016,3.05,3.2,3,3.1,109245
11-29-2016,3.15,3.15,3,3,36860
11-30-2016,3.1,3.15,3.05,3.15,46266
12-01-2016,3.1,3.2,3.05,3.15,69482
12-02-2016,3.05,3.1,2.9,3.1,82369
12-05-2016,3.25,3.2965,3,3,64795
12-06-2016,3.4,3.45,3.2497,3.25,83347
12-07-2016,3.4,3.45,3.3,3.4,77206
12-08-2016,3.55,3.6,3.35,3.35,113434
12-09-2016,3.6,3.688,3.5,3.6,141687
12-12-2016,3.65,3.65,3.4,3.55,162494
12-13-2016,2.8,3.3795,2.75,3.2,746460
12-14-2016,2.5,3.1,2.45,3.1,352467
12-15-2016,2.35,2.65,2.2,2.5,469049
12-16-2016,2.4,2.5,2.3001,2.4,1009400
12-19-2016,2.15,2.3501,2.1,2.35,462168
12-20-2016,2.15,2.3,2.15,2.25,255234
12-21-2016,2.3,2.45,2.1,2.15,428475
12-22-2016,2.4,2.4574,2.3,2.35,475458
12-23-2016,2.45,2.55,2.4,2.45,150920
12-27-2016,2.55,2.55,2.4,2.4,158092
12-28-2016,2.3,2.55,2.3,2.55,195745
12-29-2016,2.25,2.4,2.2,2.35,167906
12-30-2016,2.15,2.3,2.125,2.25,186273
01-03-2017,2.35,2.4,2.25,2.25,126817
01-04-2017,2.45,2.525,2.35,2.4,123400
01-05-2017,2.4,2.55,2.4,2.5,87061
01-06-2017,2.45,2.5,2.425,2.45,52879
01-09-2017,2.5,2.55,2.41,2.5,51175
01-10-2017,2.5,2.6,2.5,2.5,114267
01-11-2017,2.35,2.6,2.35,2.55,165033
01-12-2017,2.5,2.55,2.3,2.35,115261
01-13-2017,2.5,2.55,2.5,2.5,28828
01-17-2017,2.45,2.582,2.45,2.5,157735
01-18-2017,3.25,3.45,2.7,2.75,3103681
01-19-2017,3,3.1,2.9,3,517780
01-20-2017,3,3.05,2.9,2.95,129114
01-23-2017,2.95,3,2.9,2.95,116396
01-24-2017,3.05,3.1,2.9,2.9,125041
01-25-2017,3.05,3.15,2.9,3,81149
01-26-2017,3.05,3.1,2.9,2.95,86861
01-27-2017,3,3.1,3,3.1,39530
01-30-2017,3.3,3.35,2.95,2.95,157898
01-31-2017,3.3,3.4,3.1,3.35,181380
02-01-2017,3.25,3.4,3.25,3.3,104721
02-02-2017,3.25,3.3,3.25,3.25,62729
02-03-2017,3.25,3.3,3.25,3.25,41381
02-06-2017,3.4,3.45,3.25,3.25,296797
02-07-2017,3.3,3.4,3.3,3.4,84446
02-08-2017,3.3,3.35,3.3,3.35,40541
02-09-2017,3.35,3.35,3.3,3.3,37581
02-10-2017,3.4,3.4,3.3,3.4,59018
02-13-2017,3.35,3.43,3.35,3.425,101832
02-14-2017,3.3501,3.5334,3.35,3.4,190536
02-15-2017,3.4,3.5,3.3,3.4,86759
02-16-2017,3.45,3.5,3.425,3.425,52393
02-17-2017,3.55,3.55,3.5,3.5001,54581
02-21-2017,3.65,3.7,3.5,3.6,102535
02-22-2017,3.725,3.75,3.65,3.6605,60317
02-23-2017,3.425,3.8,3.4,3.75,54418
02-24-2017,3.375,3.4,3.35,3.4,56292
02-27-2017,3.45,3.5,3.35,3.35,66132
02-28-2017,4,4.45,3.85,4.15,4127708
03-01-2017,3.75,4,3.7,3.95,463193
03-02-2017,3.55,3.8992,3.5,3.8,88525
03-03-2017,3.45,3.95,3.325,3.85,401037
03-06-2017,3.4,3.45,3.3,3.4,91381
03-07-2017,3.35,3.399,3.3,3.35,55093
03-08-2017,3.35,3.35,3.3,3.3,52023
03-09-2017,3.65,3.65,3.3,3.3,77585
03-10-2017,3.6,3.7,3.6,3.65,68174
03-13-2017,3.6,3.7,3.55,3.65,92652
03-14-2017,3.45,3.649,3.4,3.5581,38290
03-15-2017,3.55,3.6,3.45,3.55,24233
03-16-2017,3.8,3.85,3.6,3.6,93759
03-17-2017,3.8,4,3.65,4,63128
03-20-2017,3.7,3.8,3.65,3.75,31946
03-21-2017,3.65,3.7,3.45,3.65,148818
03-22-2017,3.45,3.5965,3.4,3.55,39415
03-23-2017,3.5,3.5,3.4,3.5,34437
03-24-2017,3.55,3.55,3.4209,3.475,26651
