03-28-2016,18.79,19.3181,18.22,19.18,72219
03-29-2016,19.37,19.63,18.01,18.78,123226
03-30-2016,19.5,19.99,18.68,19.66,112551
03-31-2016,20.91,21.8,19.63,19.63,224223
04-01-2016,21.45,22.5,20.415,20.74,174101
04-04-2016,22.12,23.8,21.55,21.56,251831
04-05-2016,21.82,22.93,21.68,21.8,146037
04-06-2016,22.8,23.26,21.85,21.85,241243
04-07-2016,22.16,23.3,21.905,22.62,143648
04-08-2016,21.81,22.95,21.29,22.69,118922
04-11-2016,21.63,22.46,21.15,22.08,97155
04-12-2016,22.15,22.26,21.21,21.61,78745
04-13-2016,21.83,22.54,21.7,22.37,110679
04-14-2016,22.1,22.41,21.64,21.85,102706
04-15-2016,22.3,22.45,21.32,22.02,117807
04-18-2016,21.6,22.61,21.4,22.17,111259
04-19-2016,20.4,22.103,20.01,21.66,108390
04-20-2016,20.25,20.69,20.03,20.46,61914
04-21-2016,19.38,20.75,19.18,20.18,167411
04-22-2016,19.97,20.184,18.92,19.5,194789
04-25-2016,19.39,20,19.295,19.94,98646
04-26-2016,19.26,19.37,18.4245,19.37,164186
04-27-2016,19.37,19.62,18.55,19.21,250113
04-28-2016,18.7,19.69,18.54,19.14,107835
04-29-2016,18.51,18.95,17.7,18.69,136149
05-02-2016,18.96,19.06,17.9275,18.75,86255
05-03-2016,18.51,18.8532,18.21,18.7,79561
05-04-2016,17.19,18.48,16.715,18.31,160484
05-05-2016,16.41,17.455,16.1,17.36,160705
05-06-2016,15.59,16.44,14.24,16.17,298062
05-09-2016,15.82,16.4299,15.255,15.57,111125
05-10-2016,15.64,15.92,15.12,15.92,134915
05-11-2016,15.34,15.95,15.09,15.57,78586
05-12-2016,15.03,15.58,14.82,15.52,316407
05-13-2016,15.35,15.7,14.85,14.94,79006
05-16-2016,15.91,15.95,15.2101,15.5,222163
05-17-2016,15.29,16,15.05,15.88,97816
05-18-2016,15.17,15.59,15.03,15.18,71329
05-19-2016,14.87,15.37,14.55,15.09,103892
05-20-2016,15.5,15.6,14.91,14.95,88086
05-23-2016,15.9,16.2,15.31,15.52,89350
05-24-2016,15.78,16.86,15.53,16.25,255010
05-25-2016,15.92,16.1796,15.63,15.89,169651
05-26-2016,15.44,16.02,15.08,16.02,170887
05-27-2016,15.59,16.03,15.15,15.54,179883
05-31-2016,16.1,16.38,15.3,15.79,314914
06-01-2016,16.08,16.515,15.96,16.03,147844
06-02-2016,16.48,16.69,15.89,16,216584
06-03-2016,16.15,16.9,15.49,16.41,166512
06-06-2016,16.56,16.645,15.65,16.04,135004
06-07-2016,16.69,16.95,15.77,16.42,124838
06-08-2016,17.87,17.95,16.37,16.74,218884
06-09-2016,17.73,17.85,17.4,17.67,179588
06-10-2016,17.52,17.62,16.98,17.39,210827
06-13-2016,17.3,18.09,17.18,17.45,144870
06-14-2016,17.29,17.77,16.38,17.29,241795
06-15-2016,17.57,17.9,17.07,17.46,221453
06-16-2016,17.76,17.865,17.09,17.41,183170
06-17-2016,17.31,17.95,17.18,17.7,277647
06-20-2016,17.33,17.77,17.2,17.49,123621
06-21-2016,16.8,17.65,16.48,17.42,140960
06-22-2016,17.62,18.13,17.1213,17.19,238726
06-23-2016,18.47,18.55,17.6,17.86,178130
06-24-2016,16.75,18.09,16.5,17.44,222824
06-27-2016,15.42,16.7,15.39,16.46,235050
06-28-2016,16.41,16.69,15.73,15.73,95867
06-29-2016,16.62,16.83,16.25,16.66,92926
06-30-2016,16,16.7,15.82,16.67,157206
07-01-2016,16.06,16.76,15.76,16.01,146501
07-05-2016,16.17,16.36,15.57,15.85,54363
07-06-2016,16.31,16.7,15.93,16.05,75974
07-07-2016,16.37,16.8519,15.92,16.43,78364
07-08-2016,16.85,16.99,15.955,16.45,115359
07-11-2016,16.56,17.04,16.49,16.94,94037
07-12-2016,17.1,17.419,16.38,16.78,140087
07-13-2016,15.99,17.8,15.89,17.21,198865
07-14-2016,15.7,16.21,15.62,16.21,75056
07-15-2016,15.88,15.99,15.65,15.86,61660
07-18-2016,16.37,16.469,15.77,15.96,67993
07-19-2016,15.66,16.41,15.5509,16.34,66507
07-20-2016,16.55,16.69,15.7,15.75,104777
07-21-2016,16,17.01,15.85,16.65,117672
07-22-2016,16.14,16.3,15.84,16.07,52004
07-25-2016,16.15,16.26,15.91,16.13,57427
07-26-2016,16.39,16.55,15.9984,16.08,57560
07-27-2016,17.47,17.57,16.48,16.48,168977
07-28-2016,16.98,17.94,16.62,17.38,91048
07-29-2016,17,17.11,16.69,16.91,67217
08-01-2016,17.57,17.89,16.92,17.11,73192
08-02-2016,17.89,18.25,17.271,17.54,113384
08-03-2016,18.57,18.85,17.79,17.79,92356
08-04-2016,17.97,18.75,17.94,18.69,83691
08-05-2016,18.44,18.599,18.01,18.04,54564
08-08-2016,18.25,18.535,17.84,18.38,68369
08-09-2016,18.12,19.0706,17.63,18.32,123215
08-10-2016,17.45,18.66,17.2,18.21,161776
08-11-2016,18.31,18.44,17.15,17.55,85975
08-12-2016,18.21,18.52,17.83,18.33,76725
08-15-2016,18.39,18.76,18.01,18.38,73452
08-16-2016,18.27,18.564,17.811,18.35,99254
08-17-2016,17.99,18.33,17.84,18.23,100046
08-18-2016,18.38,18.4,17.661,18,46270
08-19-2016,18.38,18.44,17.865,18.27,85590
08-22-2016,18.86,18.96,18.1,18.35,87082
08-23-2016,19.05,19.4,18.8825,19.06,85558
08-24-2016,17.9,19.474,17.607,19,87215
08-25-2016,17.04,18.389,16.8,17.94,114487
08-26-2016,17.58,17.7,16.88,17.02,71803
08-29-2016,17.1,17.62,16.94,17.62,47569
08-30-2016,17.21,17.743,17,17.06,41863
08-31-2016,16.35,17.2,16.29,17.2,127313
09-01-2016,16.48,16.56,16.16,16.33,40768
09-02-2016,16.15,16.62,16.04,16.59,72144
09-06-2016,16.41,16.88,16.24,16.24,90606
09-07-2016,16.02,16.5431,15.77,16.41,99851
09-08-2016,18.61,18.9899,16.35,17.05,387506
09-09-2016,19.52,20.36,18.792,18.86,463963
09-12-2016,20.07,20.39,19.28,19.28,176206
09-13-2016,21.09,21.33,19.7355,20,135199
09-14-2016,22.23,23.1,21.9501,22,293949
09-15-2016,22.25,22.31,21.83,22.22,107794
09-16-2016,22.26,22.73,22.04,22.19,115543
09-19-2016,22.89,23.5999,22.05,22.49,181865
09-20-2016,27.03,27.25,22.45,23.15,362404
09-21-2016,26.27,27.65,24.9,27.03,294441
09-22-2016,26.92,27.05,25.82,26.44,168101
09-23-2016,26.33,28.2,26.14,26.99,183000
09-26-2016,25.82,26.32,25.57,26.09,162829
09-27-2016,25.74,26.49,25.4,25.64,102737
09-28-2016,25.51,25.88,25.26,25.88,98742
09-29-2016,23.6,25.56,23.51,25.56,180193
09-30-2016,23.79,24.52,23.38,23.7,116250
10-03-2016,23.48,23.8772,22.05,23.7,142335
10-04-2016,23.64,23.78,23.0701,23.44,107617
10-05-2016,23.93,24.54,23.47,23.64,77320
10-06-2016,23.35,23.68,23.17,23.68,58454
10-07-2016,22.86,23.485,22.25,23.35,89660
10-10-2016,22.99,23.92,22.93,23.2,119693
10-11-2016,22.19,23.1,21.87,22.68,94232
10-12-2016,20.6,22.13,20.48,22.09,168555
10-13-2016,20.06,21,19.95,20.32,91575
10-14-2016,18.48,20.1802,18.31,20.09,199253
10-17-2016,18.4,18.96,17.78,18.48,174552
10-18-2016,18.5,19.01,18.4,18.65,105571
10-19-2016,18.17,18.53,17.67,18.36,104340
10-20-2016,18.94,19.02,18.12,18.12,71154
10-21-2016,19.5,19.55,18.211,18.79,88535
10-24-2016,20.15,20.28,19.35,19.6,98234
10-25-2016,19.85,20.24,19.39,20.08,94013
10-26-2016,19.86,20.04,19.34,19.77,116459
10-27-2016,19.87,20.13,19.55,20.03,79435
10-28-2016,18.25,19.71,18.08,19.71,263625
10-31-2016,17.5,18.27,17.35,18.27,143179
11-01-2016,18.31,18.395,17.37,17.63,104803
11-02-2016,17.7,18.97,17.66,18.46,88937
11-03-2016,16.38,17.82,16.34,17.82,135712
11-04-2016,16.18,16.61,14.63,16.43,569758
11-07-2016,17.395,17.465,16.36,16.53,138977
11-08-2016,16.92,17.44,16.31,17.18,189566
11-09-2016,19.35,19.44,17,17,212303
11-10-2016,20.61,20.96,18.95,19.79,248594
11-11-2016,21.4,21.75,19.9601,20.61,170260
11-14-2016,21.13,21.59,20.79,21.59,131976
11-15-2016,21.37,21.69,20.73,21,135129
11-16-2016,20.25,21.51,20.23,21.23,117439
11-17-2016,21.06,21.15,19.8908,20.38,87442
11-18-2016,20.5,21.295,20.38,21.17,70243
11-21-2016,19.61,20.89,19.53,20.51,79605
11-22-2016,18.2,19.7,18.03,19.7,125018
11-23-2016,18.97,19.06,17.96,17.96,122434
11-25-2016,19.56,19.68,18.63,19.1,49118
11-28-2016,18.37,19.54,18.13,19.28,86630
11-29-2016,18.16,18.48,17.9452,18.36,58989
11-30-2016,18.1,18.765,17.93,18.21,70302
12-01-2016,17.72,18.22,17.5,18.22,91318
12-02-2016,17.78,18.27,17.5301,17.68,52287
12-05-2016,18.29,18.72,17.795,18.03,47714
12-06-2016,18.9,19.14,17.97,18.34,56480
12-07-2016,18.52,18.8799,17.69,18.63,57736
12-08-2016,18.79,18.98,18.06,18.4,64995
12-09-2016,18.76,19.72,18.61,18.78,82975
12-12-2016,17.65,18.7848,17.6,18.58,110961
12-13-2016,17.21,18.1799,17.1049,17.84,111050
12-14-2016,17.66,17.88,17.0981,17.13,65089
12-15-2016,18.33,18.39,17.3284,17.72,68668
12-16-2016,18.02,18.9099,17.94,18.48,121466
12-19-2016,17.81,18.57,17.65,18.08,63635
12-20-2016,18.16,18.365,17.925,17.93,47058
12-21-2016,17.81,18.15,17.7,18.12,53957
12-22-2016,17.73,18.09,17.54,17.99,86251
12-23-2016,18.89,18.9,17.55,17.55,99677
12-27-2016,17.87,18.94,17.85,18.69,112591
12-28-2016,17.19,18.209,17.16,17.97,79217
12-29-2016,16.89,17.35,16.41,17.2,127537
12-30-2016,17.53,17.75,16.89,16.89,115054
01-03-2017,18,18.7,17.52,17.64,185131
01-04-2017,19.19,19.7399,18.01,18.01,173948
01-05-2017,19.13,19.68,18.08,19.18,179528
01-06-2017,20.72,20.81,18.76,18.76,216091
01-09-2017,20.99,21.52,20.07,20.85,140461
01-10-2017,21.43,21.6183,20.57,21.03,70341
01-11-2017,20.57,21.56,20.21,21.31,143364
01-12-2017,21.24,21.49,20.17,20.34,111814
01-13-2017,21.89,22.31,21.14,21.29,195379
01-17-2017,20.42,21.53,20.04,21.53,172628
01-18-2017,20.66,20.98,20.02,20.55,84672
01-19-2017,19.93,20.8499,19.51,20.66,138551
01-20-2017,20.13,20.88,19.87,19.97,110512
01-23-2017,19.69,20.3879,19.6,20.08,124591
01-24-2017,19.65,20.16,19.06,19.86,200565
01-25-2017,20.29,20.76,19.68,19.96,174131
01-26-2017,19.5,20.435,19.37,20.28,116962
01-27-2017,20.09,20.295,19.39,19.5,224743
01-30-2017,19.18,20.04,19.06,20.04,166388
01-31-2017,19.45,19.65,18.55,19.11,231301
02-01-2017,19.44,19.95,19.19,19.54,141913
02-02-2017,19.43,19.64,18.94,19.43,148029
02-03-2017,19.49,19.7599,19.108,19.65,153387
02-06-2017,19.41,19.6,19.2,19.41,115514
02-07-2017,19.47,19.89,19.135,19.55,189766
02-08-2017,19.46,19.62,19.17,19.34,124392
02-09-2017,19.56,19.8,19.21,19.44,119884
02-10-2017,19.5,19.65,19.37,19.6,115123
02-13-2017,19.19,19.74,19.09,19.69,251387
02-14-2017,19.28,19.58,19.17,19.21,269733
02-15-2017,19.41,19.63,19.3,19.31,210111
02-16-2017,19.43,19.85,19.22,19.5,178078
02-17-2017,18.97,19.5,18.34,19.4,269174
02-21-2017,18.09,19.47,17.69,19.1,353571
02-22-2017,16.97,18.239,16.71,17.95,314022
02-23-2017,18.22,18.3,16.7378,16.98,335376
02-24-2017,19.87,20.38,17.26,17.6,657644
02-27-2017,35.12,37.67,28.2,28.41,18295993
02-28-2017,33.51,35.47,33.06,35.3,2252777
03-01-2017,34.38,36.3676,33,34.02,1473438
03-02-2017,34.36,35.88,33.6,34.99,912235
03-03-2017,34.53,35.37,33.81,34.15,430097
03-06-2017,33.13,34.85,32.82,34.35,638122
03-07-2017,32.42,34.25,32.25,34.12,548049
03-08-2017,32.5,32.9599,31.8,32.34,375226
03-09-2017,34.41,34.58,32.51,32.58,599319
03-10-2017,36.06,36.71,33.65,34.64,824620
03-13-2017,35.24,36.57,34.5,35.79,1011330
03-14-2017,34.68,35.12,34.08,34.99,414049
03-15-2017,35.16,36,34.19,34.83,420474
03-16-2017,34.77,35.2,33.921,35.03,347876
03-17-2017,35.88,36.08,33.7705,34.38,658241
03-20-2017,38.44,39.28,35.7,35.93,836468
03-21-2017,33.59,38.45,33.01,36.7,1228234
03-22-2017,34.11,34.43,33.035,33.67,639607
03-23-2017,35.02,36.88,34.651,34.82,3756527
03-24-2017,34.92,35.3677,34.23,35,551008
