03-28-2016,41.25,42.49,40.38,41.95,2635487
03-29-2016,38.75,38.89,35.55,38.3,8502305
03-30-2016,37.39,40.58,37,38.85,4593814
03-31-2016,45.98,46.88,41.7,43.1,16998219
04-01-2016,46.19,46.54,43.76,45.15,4893145
04-04-2016,44.18,46.48,43.82,46.32,3657476
04-05-2016,43.92,45.25,43.75,43.85,3385380
04-06-2016,47.09,47.12,44.47,44.76,4547170
04-07-2016,45.99,49.86,45.76,46.7,4240011
04-08-2016,46.45,47.04,45.23,46.95,2875062
04-11-2016,45.24,46.575,45.03,46.48,2399830
04-12-2016,45.73,45.79,43.9,45.28,2285976
04-13-2016,49.37,50.4,48.25,49.05,6149919
04-14-2016,49.22,50.41,48.51,49.1,3221725
04-15-2016,51.17,52.25,49.41,49.54,6169004
04-18-2016,53.36,54.55,51.73,52.57,6015284
04-19-2016,52.15,54.35,51.04,54.25,4008619
04-20-2016,51.38,52.84,50.91,52.5,2814951
04-21-2016,53.32,53.35,50.815,51.54,2503247
04-22-2016,52.64,53.35,51.8,53.03,2419782
04-25-2016,52.07,52.94,51.8,52.5,1651699
04-26-2016,51.82,52.485,50.92,52.39,1695311
04-27-2016,52.05,52.42,50.825,51.6,2225779
04-28-2016,56.17,56.95,55,55.9,13731889
04-29-2016,57.8,59.92,55.5,56.17,8966595
05-02-2016,58.01,58.25,56.86,57.48,3509530
05-03-2016,57.52,58.85,57.5,58,3658521
05-04-2016,59.06,59.95,58.27,59.5,5185037
05-05-2016,59.22,60.4,58.88,59.12,5742357
05-06-2016,60,60.99,59.53,60,3837765
05-09-2016,62.54,62.87,59.7,60.1,6268593
05-10-2016,62,62.94,61.55,62.56,3632908
05-11-2016,61.01,62.33,60.86,61.62,3459924
05-12-2016,60.79,61.72,60.58,61.15,2278884
05-13-2016,61.17,61.7525,60.71,60.71,2003692
05-16-2016,61.72,62.08,60.76,60.81,2041583
05-17-2016,60.71,62.07,60.5,61.38,2237666
05-18-2016,61,61.32,60.28,60.67,1733191
05-19-2016,60.73,61.28,60.31,61.12,1233251
05-20-2016,60.56,61.43,60.15,60.73,1904111
05-23-2016,60.75,61.59,60.42,60.5,2101678
05-24-2016,61.91,62.19,60.55,60.67,3524610
05-25-2016,61.48,62.39,61.09,62.35,4746329
05-26-2016,60.31,61.8205,60.25,61.75,2872180
05-27-2016,60.63,60.95,59.58,60.46,3009021
05-31-2016,60.46,61.3892,59.94,60.34,2245641
06-01-2016,61.14,61.27,60,60.01,1667185
06-02-2016,60.97,61.3846,60.5,61.2,2335912
06-03-2016,60.8,61.075,60.27,60.6,1682864
06-06-2016,59.63,60.7,58.52,60.34,2848284
06-07-2016,59.68,60.34,59.18,59.34,1634116
06-08-2016,60.07,60.4268,59.18,59.5,1354961
06-09-2016,60.1,60.33,59.2032,59.43,1355144
06-10-2016,60.01,60.3,59.38,59.71,1474735
06-13-2016,60.03,60.28,59.47,59.66,2515228
06-14-2016,60.07,60.44,59.26,60.08,1645933
06-15-2016,59.54,60.44,59.45,60.07,902170
06-16-2016,59.36,59.8794,59.1,59.47,1007897
06-17-2016,59.33,59.64,58.5,59,2914099
06-20-2016,59.47,60,59.1,59.55,1717933
06-21-2016,58.97,59.83,58.61,59.35,2215293
06-22-2016,58.89,59.93,58.6,58.79,1700133
06-23-2016,59.26,59.57,58.79,59.2,1480488
06-24-2016,56.95,58.42,56.87,58,6065855
06-27-2016,56.61,57.24,56.24,56.46,3070090
06-28-2016,57.79,58.07,56.801,56.94,2404629
06-29-2016,60.95,60.99,59.2,59.48,3699830
06-30-2016,60.3,61.21,60.02,60.62,2998898
07-01-2016,60.12,61,59.45,60.18,1611686
07-05-2016,61.76,62.69,58.8,59.86,5703797
07-06-2016,62.33,62.75,61.6,62.53,4563340
07-07-2016,62.74,62.98,62.25,62.6,1372739
07-08-2016,62.1,62.92,61.99,62.92,1387353
07-11-2016,62.23,62.79,62.14,62.55,2084971
07-12-2016,62.15,62.64,62.05,62.59,1687993
07-13-2016,61.57,62.66,61.52,62,1546190
07-14-2016,61.74,62.03,61.55,61.91,976773
07-15-2016,61.88,61.98,61.5,61.66,1886852
07-18-2016,61.83,62.14,61.533,61.88,702671
07-19-2016,61.87,62.14,61.41,61.67,1012236
07-20-2016,61.81,62.11,61.55,62.05,1234858
07-21-2016,62.54,63.23,61.545,62.13,2792223
07-22-2016,62.63,63.345,62.5,62.79,907217
07-25-2016,63.11,63.16,62.05,62.77,1368833
07-26-2016,62.64,63.2001,62.35,62.97,1263674
07-27-2016,62.55,63.01,62.271,62.49,924432
07-28-2016,62.49,62.98,61.57,62.55,1409688
07-29-2016,63.99,64.162,62.1,62.19,2861829
08-01-2016,64.08,64.39,63.56,64,1916505
08-02-2016,63.58,63.88,62.69,63.59,2227215
08-03-2016,64.08,64.12,63.2615,63.62,1007292
08-04-2016,63.73,64.39,63.48,63.96,1022493
08-05-2016,63.25,64.09,62.95,63.76,1426801
08-08-2016,63.18,63.47,62.99,63.36,1067796
08-09-2016,63.45,63.6299,62.62,63.12,1913041
08-10-2016,63.99,64.48,63.45,63.6,3196645
08-11-2016,65.6,65.92,63.58,63.99,3831309
08-12-2016,66.02,66.19,65.22,65.54,1568717
08-15-2016,65.3,66.01,65.03,66,1240294
08-16-2016,65.215,65.65,65.13,65.22,1400618
08-17-2016,66.48,68.37,65,65.07,2576025
08-18-2016,67.19,67.5,66.42,66.5,1714672
08-19-2016,67.16,67.4,67,67.19,1425679
08-22-2016,80.42,80.67,80.36,80.62,46909728
08-23-2016,80.27,80.5,80.26,80.4,16753071
08-24-2016,80.23,80.36,80.2,80.35,14142941
08-25-2016,80.24,80.31,80.2,80.24,8163074
08-26-2016,80.35,80.35,80.21,80.24,7546241
08-29-2016,80.28,80.34,80.26,80.3,5801882
08-30-2016,80.36,80.38,80.25,80.3,6541233
08-31-2016,80.56,80.57,80.38,80.38,5898656
09-01-2016,80.93,80.98,80.45,80.45,6700788
09-02-2016,80.85,80.98,80.72,80.91,3300174
09-06-2016,80.84,80.99,80.74,80.81,3284681
09-07-2016,80.97,80.97,80.75,80.84,2414353
09-08-2016,80.76,80.99,80.745,80.91,3284013
09-09-2016,80.81,80.97,80.78,80.78,3225886
09-12-2016,81,81.03,80.76,80.76,4640591
09-13-2016,80.96,81.04,80.91,80.92,5070617
09-14-2016,81.12,81.15,80.95,80.96,5900277
09-15-2016,81.05,81.15,81.02,81.07,5646157
09-16-2016,80.87,81.09,80.87,81.04,5722621
09-19-2016,80.9,81.07,80.87,80.94,3100847
09-20-2016,80.9,81.04,80.855,80.94,3705545
09-21-2016,81.03,81.04,80.87,80.93,3975663
09-22-2016,81.08,81.1,80.94,81.03,2757122
09-23-2016,81.42,81.45,81.4,81.43,16114557
09-26-2016,81.42,81.45,81.42,81.42,3028409
09-27-2016,81.44,81.48,81.43,81.44,7203016
