03-28-2016,9.46,9.95,9.32,9.95,21786
03-29-2016,9.15,9.5893,9.09,9.5893,21466
03-30-2016,9.1,9.54,9.1,9.2,3168
03-31-2016,9.62,9.8,9.4,9.4,41988
04-01-2016,9.55,9.77,9.38,9.7,34910
04-04-2016,9.53,9.75,9.53,9.6078,16422
04-05-2016,9.42,9.78,9.42,9.78,9690
04-06-2016,9.34,9.62,9.29,9.62,30294
04-07-2016,9.19,9.37,9.11,9.3401,12036
04-08-2016,9.09,9.5643,9.0584,9.17,37429
04-11-2016,9.16,9.78,9.12,9.16,33968
04-12-2016,9.22,9.32,9.12,9.16,29807
04-13-2016,9.57,9.79,9.3,9.5304,75959
04-14-2016,9.47,9.71,9.44,9.71,27897
04-15-2016,9.46,9.66,9.33,9.45,49187
04-18-2016,8.97,9.55,8.91,9.18,86034
04-19-2016,9,9.39,8.92,9.39,126253
04-20-2016,9.01,9.14,8.83,8.96,42081
04-21-2016,9.37,9.76,9.23,9.31,80108
04-22-2016,9.26,9.58,9.22,9.48,24523
04-25-2016,9.04,9.34,9,9.33,24268
04-26-2016,8.865,9.14,8.82,9.14,68688
04-27-2016,8.62,8.86,8.25,8.8,11749
04-28-2016,8.6,8.86,8.44,8.59,74769
04-29-2016,7.97,8.55,7.91,8.49,46721
05-02-2016,8.27,8.37,8.05,8.05,28744
05-03-2016,8.4,8.6001,8.3,8.6,13649
05-04-2016,8.07,8.2,8.03,8.03,11776
05-05-2016,7.74,8.22,7.69,8.22,16821
05-06-2016,7.5,7.64,7.28,7.6301,16761
05-09-2016,7.56,7.606,7.49,7.55,15636
05-10-2016,6.99,7.32,6.8,7.01,104447
05-11-2016,7,7.1501,6.9401,6.98,24213
05-12-2016,6.77,7.1,6.77,7.1,15966
05-13-2016,6.62,6.77,6.6101,6.72,16175
05-16-2016,6.74,6.8288,6.71,6.71,22796
05-17-2016,6.88,6.9999,6.73,6.9999,22978
05-18-2016,6.82,6.87,6.55,6.56,5785
05-19-2016,6.83,6.83,6.52,6.75,11350
05-20-2016,7.07,7.29,6.89,7.29,48801
05-23-2016,7.24,7.64,7.2,7.2,45107
05-24-2016,7.12,7.27,7,7.27,24629
05-25-2016,6.87,7.25,6.79,6.99,41287
05-26-2016,6.88,6.9,6.78,6.9,16312
05-27-2016,6.91,6.91,6.81,6.8356,5403
05-31-2016,7.07,7.2,6.99,7.2,42141
06-14-2016,4.2,5.2,3.98,5.2,483551
06-15-2016,4.23,4.33,3.93,4.21,165789
06-16-2016,4.13,4.14,3.95,4.02,110059
06-17-2016,3.9,4.2,3.8901,4.09,58199
06-20-2016,4.09,4.18,4.01,4.05,153214
06-21-2016,4.04,4.1396,4,4.04,24657
06-22-2016,3.92,4.14,3.82,4.14,19018
06-23-2016,3.9814,3.9814,3.7,3.75,35518
06-24-2016,3.8,3.89,3.8,3.8,27494
06-27-2016,3.54,3.6999,3.52,3.68,51932
06-28-2016,3.89,3.96,3.5,3.5,41007
06-29-2016,3.98,4,3.83,4,59858
06-30-2016,3.96,4.2,3.9,4.2,8873
07-01-2016,4.3,4.5,4.1,4.25,115106
07-05-2016,4.1197,4.22,4,4.22,96886
07-06-2016,4.08,4.09,3.9009,4.01,34709
07-07-2016,3.9128,4.1654,3.91,4.02,8905
07-08-2016,4.12,4.13,3.91,3.99,70950
07-11-2016,4.06,4.2199,3.99,4.07,23064
07-12-2016,4.13,4.18,3.99,4.06,39055
07-13-2016,4.12,4.34,4,4.05,53079
07-14-2016,4.09,4.14,3.95,4.11,39305
07-15-2016,4.12,4.15,3.95,3.98,17821
07-18-2016,4.26,4.26,4.13,4.17,9468
07-19-2016,4.15,4.21,4.06,4.19,2810
07-20-2016,4.19,4.2,4.13,4.17,2000
07-21-2016,4.2,4.24,4.07,4.24,10077
07-22-2016,4.24,4.24,4.186,4.24,7021
07-25-2016,4.3,4.3,4.1523,4.1523,2788
07-26-2016,4.28,4.35,4.14,4.23,12158
07-27-2016,4.2,4.2,4.16,4.19,6570
07-28-2016,4.24,4.29,4.0911,4.0911,3509
07-29-2016,4.1,4.28,4.08,4.08,8678
08-01-2016,4.19,4.38,4.11,4.11,24391
08-02-2016,4.16,4.34,4.15,4.24,10216
08-03-2016,4.2,4.29,4.1001,4.1001,2151
08-04-2016,4.33,4.37,4.22,4.22,11924
08-05-2016,4.31,4.41,4.31,4.34,16619
08-08-2016,4.28,4.3,4.25,4.27,4169
08-09-2016,4.95,5.18,4.41,4.41,50022
08-10-2016,4.83,5.09,4.83,4.95,28860
08-11-2016,5.7,5.7,5.021,5.16,54619
08-12-2016,6.54,6.54,5.81,5.81,75054
08-15-2016,6.36,6.57,6.06,6.3,76642
08-16-2016,5.7001,6.2,5.6,6.18,55380
08-17-2016,5.84,6.3004,5.71,6.1,26839
08-18-2016,5.87,5.87,5.58,5.83,19437
08-19-2016,5.64,5.71,5.59,5.65,11920
08-22-2016,5.6199,5.7399,5.47,5.59,13809
08-23-2016,5.57,5.6299,5.46,5.56,6176
08-24-2016,4.98,5.4,4.96,5.37,28107
08-25-2016,5.07,5.26,5.0184,5.26,14210
08-26-2016,5.2,5.2999,5.12,5.13,6881
08-29-2016,5.38,5.56,5.27,5.27,36906
08-30-2016,5.21,5.45,5.1601,5.45,19277
08-31-2016,5.01,5.37,4.94,5.28,14567
09-01-2016,4.9556,5.1056,4.88,5.09,30567
09-02-2016,4.96,4.96,4.8529,4.95,5032
09-06-2016,5.12,5.13,4.88,4.9,21287
09-07-2016,5.21,5.21,4.73,5.1199,62542
09-08-2016,4.89,5.1,4.77,5.1,31847
09-09-2016,4.61,4.88,4.59,4.88,22864
09-12-2016,4.54,4.59,4.4205,4.59,20771
09-13-2016,4.5,4.7597,4.44,4.6,19925
09-14-2016,4.5,4.56,4.4999,4.4999,6312
09-15-2016,4.7,4.71,4.54,4.6,11904
09-16-2016,4.47,4.6,4.37,4.6,25027
09-19-2016,4.36,4.48,4.36,4.47,12339
09-20-2016,4.42,4.5,4.26,4.35,29065
09-21-2016,4.5,4.54,4.25,4.43,22230
09-22-2016,4.59,5.06,4.3,4.47,28780
09-23-2016,4.42,4.7879,4.42,4.7879,26449
09-26-2016,4.41,4.7,4.37,4.47,32681
09-27-2016,4.27,4.451,4.25,4.41,10062
09-28-2016,4.44,4.46,4.29,4.3,11589
09-29-2016,4.18,4.4,4.18,4.4,20633
09-30-2016,4.31,4.32,4.2001,4.26,5522
10-03-2016,4.37,4.38,4.28,4.37,10037
10-04-2016,4.26,4.38,4.21,4.3,18664
10-05-2016,4.29,4.37,4.21,4.37,15361
10-06-2016,4.539,4.68,4.4,4.5,52114
10-07-2016,4.44,4.6,4.3897,4.6,3662
10-10-2016,4.44,4.48,4.391,4.48,2843
10-11-2016,4.34,4.5,4.29,4.5,13832
10-12-2016,4.23,4.3372,4.1856,4.3372,13039
10-13-2016,4.37,4.43,4.36,4.4,2904
10-14-2016,4.32,4.44,4.32,4.35,3905
10-17-2016,4.12,4.24,4.0961,4.22,24603
10-18-2016,4.18,4.2644,4.17,4.23,6838
10-19-2016,4.3,4.47,4.19,4.19,1531
10-20-2016,4.24,4.401,4.2,4.4,9830
10-21-2016,4.2996,4.42,4.2901,4.42,1599
10-24-2016,4.2996,4.49,4.26,4.47,2597
10-25-2016,4.06,4.3,4.0301,4.2893,15402
10-26-2016,4.0648,4.07,4.0148,4.05,6250
10-27-2016,4.22,4.35,4.006,4.006,10835
10-28-2016,4.32,4.38,4.18,4.18,4363
10-31-2016,4.42,4.5736,4.3044,4.3699,8400
11-01-2016,4.45,4.53,4.42,4.53,4972
11-02-2016,4.32,4.4,4.2243,4.4,3370
11-03-2016,4.2,4.2,4.111,4.17,10005
11-04-2016,4.4499,4.4899,4.07,4.0945,1188
11-07-2016,4.3,4.67,4.141,4.67,5927
11-08-2016,4.29,4.29,4.27,4.27,336
11-09-2016,4.15,4.4087,4.15,4.27,4875
11-10-2016,4.27,4.34,4.17,4.17,16427
11-11-2016,4.65,4.7353,4.4134,4.65,37036
11-14-2016,5.01,5.47,4.7571,4.8,44319
11-15-2016,5.05,5.05,4.94,5,49738
11-16-2016,4.56,4.85,4.47,4.85,46222
11-17-2016,4.76,4.8119,4.68,4.68,4961
11-18-2016,4.77,4.87,4.71,4.87,6696
11-21-2016,4.59,4.76,4.5415,4.76,19459
11-22-2016,4.61,4.77,4.5,4.65,13282
11-23-2016,4.58,5.05,4.58,4.69,14637
11-25-2016,4.57,4.59,4.56,4.59,1330
11-28-2016,4.8101,4.8557,4.4555,4.47,20305
11-29-2016,4.63,4.69,4.5679,4.69,5061
11-30-2016,4.52,4.64,4.5068,4.64,8067
12-01-2016,4.52,4.65,4.4076,4.5,19578
12-02-2016,4.5,4.77,4.39,4.57,11314
12-05-2016,4.4,4.54,4.3998,4.54,25748
12-06-2016,4.56,4.6,4.49,4.5,7900
12-07-2016,4.5782,4.6,4.5666,4.6,9148
12-08-2016,4.57,4.62,4.462,4.49,8255
12-09-2016,4.78,4.8629,4.65,4.65,15807
12-12-2016,5.27,5.29,5.12,5.12,20871
12-13-2016,5.62,5.73,5.29,5.5,28218
12-14-2016,5.68,5.9014,5.6213,5.71,15157
12-15-2016,5.5999,5.69,5.57,5.62,16192
12-16-2016,5.29,5.3,5.1611,5.29,16206
12-19-2016,4.91,5.239,4.9,5.2,22691
12-20-2016,5,5.01,4.93,4.99,21920
12-21-2016,4.981,5.2225,4.9665,5.2225,3724
12-22-2016,5.12,5.2237,4.9775,4.9775,5853
12-23-2016,5.58,5.6697,5.15,5.15,23455
12-27-2016,5.55,5.75,5.35,5.7408,23099
12-28-2016,5.6001,5.69,5.4281,5.49,17360
12-29-2016,5.56,5.7171,5.4799,5.4799,30509
12-30-2016,5.35,5.51,5.32,5.51,10357
01-03-2017,5.4,5.5646,5.3,5.35,15746
01-04-2017,5.4,5.47,5.28,5.36,21414
01-05-2017,5.55,5.56,5.35,5.4,24996
01-06-2017,5.63,5.74,5.55,5.74,12241
01-09-2017,5.99,6.2198,5.66,5.75,47444
01-10-2017,6.29,6.33,6.04,6.04,30219
01-11-2017,6.29,6.29,6.01,6.14,10506
01-12-2017,6.01,6.23,6,6.23,16180
01-13-2017,6.2286,6.29,5.937,6.102,18592
01-17-2017,6.3,6.3,5.965,6.15,11741
01-18-2017,6.1935,6.2803,6.1,6.2728,9551
01-19-2017,6.27,6.27,5.95,6.05,14197
01-20-2017,6.12,6.21,5.89,6.12,24164
01-23-2017,6.165,6.25,6.02,6.25,8401
01-24-2017,6.05,6.13,5.8601,5.8601,19448
01-25-2017,6.06,6.15,5.966,6,7738
01-26-2017,6.07,6.08,6.019,6.08,4650
01-27-2017,6.03,6.07,5.97,5.97,8021
01-30-2017,6,6.03,5.91,6.01,4455
01-31-2017,5.8701,5.989,5.8701,5.9175,5166
02-01-2017,5.8712,5.8712,5.8712,5.8712,527
02-02-2017,5.8399,5.87,5.62,5.87,11498
02-03-2017,6.01,6.01,5.8828,5.8828,6200
02-06-2017,5.77,5.9416,5.706,5.92,6348
02-07-2017,5.54,5.8,5.54,5.76,8605
02-08-2017,5.57,5.5701,5.39,5.51,28836
02-09-2017,5.81,6.04,5.5001,5.5001,18062
02-10-2017,5.9,6.03,5.71,5.86,3271
02-13-2017,5.95,6.0491,5.87,5.89,8997
02-14-2017,6.1,6.1,5.99,6,7382
02-15-2017,6.12,6.1519,6.0999,6.1,3456
02-16-2017,6.3212,6.49,6.16,6.2,40287
02-17-2017,6.41,6.57,6.281,6.57,33758
02-21-2017,6.49,6.58,6.44,6.44,22459
02-22-2017,6.44,6.53,6.38,6.53,15754
02-23-2017,6.54,6.5823,6.3765,6.48,5727
02-24-2017,6.4,6.59,6.4,6.59,14557
02-27-2017,6.4728,6.57,6.17,6.56,23515
02-28-2017,6.59,6.59,6.42,6.5,14791
03-01-2017,6.61,6.77,6.5,6.66,16856
03-02-2017,6.52,6.6239,6.43,6.55,65133
03-03-2017,6.79,6.85,6.53,6.53,12165
03-06-2017,6.73,6.8683,6.72,6.76,8810
03-07-2017,7.3614,7.5299,6.86,6.86,88658
03-08-2017,7.61,7.864,7.61,7.61,47392
03-09-2017,7.16,7.76,7.07,7.76,58717
03-10-2017,7.3557,7.75,7.33,7.75,11732
03-13-2017,7.77,7.78,7.47,7.5,30016
03-14-2017,7.76,7.8699,7.6999,7.8,14516
03-15-2017,7.9782,7.99,7.72,7.99,32032
03-16-2017,8.04,8.09,7.9612,8,13588
03-17-2017,8.11,8.29,8.0135,8.04,34152
03-20-2017,8.7,8.75,8.2,8.3,43288
03-21-2017,9.3,9.5099,8.95,8.95,91057
03-22-2017,8.73,9.2119,8.73,9.2,45459
03-23-2017,9.29,9.51,8.89,8.9,48148
03-24-2017,9.1,9.29,8.93,9.29,19198
