03-28-2016,5.08,5.4,4.83,5.28,73798
03-29-2016,5.18,5.34,4.79,5,38428
03-30-2016,5.22,5.3899,5.04,5.24,21633
03-31-2016,5.38,5.45,5.15,5.25,27397
04-01-2016,5.79,5.9,5.2255,5.31,50649
04-04-2016,5.9,6,5.51,5.75,82881
04-05-2016,6.02,6.02,5.71,5.81,82614
04-06-2016,5.98,6.05,5.77,6,69004
04-07-2016,6.02,6.02,5.7717,5.87,48082
04-08-2016,5.8,6.09,5.78,6.09,39878
04-11-2016,5.33,5.9,5.27,5.87,77326
04-12-2016,5.69,5.72,5.24,5.37,40133
04-13-2016,5.46,5.77,5.28,5.7599,57649
04-14-2016,5.17,5.43,5.11,5.42,61854
04-15-2016,5.62,5.7499,5.1,5.35,132717
04-18-2016,6.59,6.7,5.98,6.05,489135
04-19-2016,6.46,6.76,6.16,6.75,303022
04-20-2016,6.33,6.5,6.21,6.41,68684
04-21-2016,6.19,6.55,6.18,6.27,81326
04-22-2016,6.27,6.32,6.13,6.25,69265
04-25-2016,6.3,6.4,6.26,6.3,76427
04-26-2016,6.21,6.45,6.18,6.24,88209
04-27-2016,5.81,6.26,5.55,6.26,147101
04-28-2016,5.8601,6.096,5.79,5.81,39441
04-29-2016,5.49,5.99,5.4,5.89,85001
05-02-2016,5.42,5.7299,5.25,5.71,86983
05-03-2016,5.92,5.92,5.25,5.3,81810
05-04-2016,5.48,6.04,5.4,5.96,101820
05-05-2016,5.11,5.55,5.06,5.48,105600
05-06-2016,4.91,5.2,4.75,5.11,154718
05-09-2016,5.03,5.21,4.84,5,67430
05-10-2016,5,5.13,4.811,5.05,33582
05-11-2016,4.91,5.02,4.8,4.9,67148
05-12-2016,4.59,4.87,4.37,4.86,66871
05-13-2016,4.33,4.7,4.2,4.61,82009
05-16-2016,4.65,4.69,4.28,4.28,87428
05-17-2016,4.59,4.67,4.49,4.62,56021
05-18-2016,4.71,4.8934,4.535,4.55,44554
05-19-2016,4.58,4.73,4.4183,4.7,65561
05-20-2016,4.73,5,4.53,4.58,63148
05-23-2016,5.13,5.13,4.66,4.66,99584
05-24-2016,5.01,5.55,4.93,5.27,62545
05-25-2016,5.38,5.42,5.07,5.07,87297
05-26-2016,5.29,5.54,5.16,5.36,97635
05-27-2016,5.31,5.44,5,5.28,92841
05-31-2016,5.6,5.66,5.33,5.38,51102
06-01-2016,5.48,5.68,5.3,5.63,139263
06-02-2016,5.55,5.66,5.321,5.42,79436
06-03-2016,5.42,5.67,5.3,5.57,28481
06-06-2016,6.01,6.04,5.47,5.56,303201
06-07-2016,6.04,6.08,5.8,6.06,211257
06-08-2016,5.845,6.1499,5.67,6.1,163947
06-09-2016,5.59,5.92,5.52,5.75,76872
06-10-2016,5.34,5.47,5.25,5.42,116499
06-13-2016,1.62,1.98,1.5,1.97,3998471
06-14-2016,1.43,1.63,1.43,1.6,973727
06-15-2016,1.44,1.495,1.37,1.4,633063
06-16-2016,1.46,1.52,1.4,1.45,377739
06-17-2016,1.48,1.51,1.42,1.47,193956
06-20-2016,1.42,1.59,1.41,1.56,309591
06-21-2016,1.33,1.4384,1.311,1.43,417990
06-22-2016,1.34,1.43,1.29,1.43,313331
06-23-2016,1.43,1.45,1.31,1.34,385464
06-24-2016,1.34,1.37,1.19,1.25,302750
06-27-2016,1.24,1.3,1.21,1.3,421731
06-28-2016,1.3,1.4,1.25,1.33,1327174
06-29-2016,1.31,1.35,1.24,1.34,240276
06-30-2016,1.27,1.29,1.25,1.29,152528
07-01-2016,1.32,1.32,1.25,1.26,201081
07-05-2016,1.29,1.39,1.23,1.33,306440
07-06-2016,1.72,1.72,1.26,1.29,4556912
07-07-2016,1.505,1.81,1.46,1.79,1609566
07-08-2016,1.43,1.5699,1.41,1.55,452888
07-11-2016,1.38,1.47,1.35,1.47,416345
07-12-2016,1.55,1.56,1.36,1.42,541820
07-13-2016,1.76,1.85,1.57,1.64,3084881
07-14-2016,1.78,1.89,1.745,1.75,1281113
07-15-2016,2,2.23,1.75,1.84,3702849
07-18-2016,2.21,2.65,2.01,2.07,8104189
07-19-2016,1.93,2.26,1.85,2.23,1892147
07-20-2016,2.07,2.15,1.9,2.05,917856
07-21-2016,2.02,2.15,1.9676,2.11,518327
07-22-2016,1.94,2.129,1.88,2.11,668223
07-25-2016,1.85,1.9899,1.805,1.92,532979
07-26-2016,1.71,1.85,1.69,1.85,745468
07-27-2016,1.72,1.802,1.62,1.65,451192
07-28-2016,1.72,1.75,1.69,1.69,148551
07-29-2016,1.67,1.74,1.65,1.7,304444
08-01-2016,1.57,1.69,1.55,1.69,543728
08-02-2016,1.43,1.59,1.4,1.56,544431
08-03-2016,1.5,1.5,1.41,1.41,474682
08-04-2016,1.49,1.5,1.42,1.5,206020
08-05-2016,1.49,1.51,1.46,1.47,292182
08-08-2016,1.48,1.53,1.43,1.52,176150
08-09-2016,1.45,1.52,1.43,1.49,305923
08-10-2016,1.4,1.48,1.38,1.38,348796
08-11-2016,1.38,1.42,1.35,1.39,198180
08-12-2016,1.45,1.49,1.35,1.4,346387
08-15-2016,1.59,1.76,1.4401,1.5,1302335
08-16-2016,1.47,1.575,1.43,1.52,581993
08-17-2016,1.46,1.49,1.45,1.48,175262
08-18-2016,1.47,1.5214,1.4,1.44,421044
08-19-2016,1.5,1.59,1.41,1.47,547513
08-22-2016,1.7,1.73,1.51,1.51,891316
08-23-2016,1.61,1.68,1.5,1.64,1020224
08-24-2016,1.66,1.84,1.54,1.54,2528229
08-25-2016,1.66,1.79,1.58,1.7,1068641
08-26-2016,1.6,1.705,1.52,1.69,795817
08-29-2016,1.55,1.65,1.53,1.6,348089
08-30-2016,1.59,1.63,1.55,1.56,431160
08-31-2016,1.585,1.63,1.56,1.6,217208
09-01-2016,1.58,1.59,1.52,1.57,263875
09-02-2016,1.65,1.72,1.565,1.61,681531
09-06-2016,1.73,1.78,1.62,1.67,802151
09-07-2016,1.71,1.79,1.6,1.69,391043
09-08-2016,1.72,1.77,1.7,1.73,280603
09-09-2016,1.63,1.74,1.6,1.7,330276
09-12-2016,1.69,1.73,1.6,1.61,305475
09-13-2016,1.6,1.7,1.59,1.68,335400
09-14-2016,1.58,1.6448,1.56,1.59,226094
09-15-2016,1.64,1.68,1.56,1.59,238239
09-16-2016,1.69,1.7,1.61,1.62,306462
09-19-2016,1.81,1.86,1.69,1.71,677516
09-20-2016,1.82,1.86,1.75,1.82,339253
09-21-2016,1.76,1.85,1.72,1.85,241848
09-22-2016,1.76,1.8368,1.73,1.78,137688
09-23-2016,2.22,2.38,1.75,1.78,6413037
09-26-2016,2.18,2.2,2.03,2.18,989741
09-27-2016,2.17,2.34,2.1,2.21,1106300
09-28-2016,2.73,2.73,2.12,2.18,2376028
09-29-2016,2,2.47,1.8518,1.86,7521506
09-30-2016,1.82,2,1.75,2,2349878
10-03-2016,1.76,1.84,1.75,1.8,638263
10-04-2016,1.6,1.76,1.55,1.76,1064807
10-05-2016,1.65,1.71,1.5901,1.61,630871
10-06-2016,1.57,1.69,1.57,1.62,306668
10-07-2016,1.52,1.6,1.48,1.59,511858
10-10-2016,1.6,1.61,1.52,1.55,419911
10-11-2016,1.53,1.6,1.51,1.57,353122
10-12-2016,1.46,1.55,1.45,1.55,543657
10-13-2016,1.38,1.46,1.35,1.46,430388
10-14-2016,1.35,1.39,1.33,1.39,649332
10-17-2016,1.37,1.45,1.27,1.36,931922
10-18-2016,1.39,1.43,1.35,1.4,241496
10-19-2016,1.47,1.5498,1.4253,1.49,970519
10-20-2016,1.32,1.49,1.3,1.47,1190130
10-21-2016,1.33,1.39,1.3,1.3,453652
10-24-2016,1.33,1.38,1.3,1.38,217802
10-25-2016,1.33,1.34,1.31,1.32,149734
10-26-2016,1.305,1.38,1.3,1.32,273085
10-27-2016,1.27,1.34,1.265,1.3,306385
10-28-2016,1.21,1.27,1.2,1.26,375451
10-31-2016,1.22,1.23,1.2,1.23,183919
11-01-2016,1.23,1.24,1.2,1.22,126404
11-02-2016,1.13,1.2601,1.02,1.24,541131
11-03-2016,1.05,1.2459,1.05,1.16,228764
11-04-2016,1.07,1.13,1.04,1.05,161892
11-07-2016,1.1,1.13,1.08,1.1,183243
11-08-2016,1.13,1.145,1.08,1.11,112087
11-09-2016,1.18,1.2,1.06,1.06,356989
11-10-2016,1.2,1.25,1.15,1.22,337489
11-11-2016,1.19,1.2377,1.14,1.2,317947
11-14-2016,1.18,1.21,1.09,1.21,521339
11-15-2016,1.17,1.28,1.1401,1.21,592378
11-16-2016,1.15,1.2199,1.14,1.17,503372
11-17-2016,1.1,1.16,1.08,1.16,387776
11-18-2016,1.1,1.1283,1.04,1.12,459389
11-21-2016,1.1,1.14,1.06,1.14,812238
11-22-2016,1.15,1.24,1.086,1.12,2375744
11-23-2016,1.16,1.18,1.12,1.17,525085
11-25-2016,1.16,1.17,1.14,1.17,114028
11-28-2016,1.11,1.1642,1.1,1.16,417247
11-29-2016,1.08,1.14,1.04,1.13,454490
11-30-2016,1.05,1.1,1.05,1.1,263539
12-01-2016,1.03,1.07,1.01,1.06,248026
12-02-2016,1.02,1.12,0.95,1.04,538802
12-05-2016,1.02,1.0873,1.02,1.03,188359
12-06-2016,1.03,1.06,1.01,1.04,1222156
12-07-2016,0.96,1.03,0.95,1.03,899580
12-08-2016,0.94,0.99,0.92,0.98,599098
12-09-2016,0.9775,1.03,0.95,0.96,963493
12-12-2016,0.9579,0.988,0.95,0.98,315713
12-13-2016,0.9292,0.98,0.9001,0.9692,385408
12-14-2016,0.8687,0.93,0.85,0.92,523130
12-15-2016,0.85,0.88,0.8213,0.85,700138
12-16-2016,0.9177,0.9382,0.86,0.86,423859
12-19-2016,0.9301,0.9761,0.9001,0.92,228489
12-20-2016,0.9,0.9476,0.9,0.9337,186513
12-21-2016,0.8647,0.9199,0.86,0.89,195837
12-22-2016,0.8651,0.898,0.85,0.89,123597
12-23-2016,0.89,0.9,0.85,0.86,93832
12-27-2016,0.9088,0.9126,0.86,0.89,218274
12-28-2016,0.8702,0.911,0.87,0.911,145091
12-29-2016,0.835,0.88,0.8303,0.8701,279561
12-30-2016,1.01,1.28,0.971,1.05,15416099
01-03-2017,1.04,1.14,0.97,1.1,3041037
01-04-2017,1.04,1.07,1.01,1.04,838873
01-05-2017,1.01,1.065,0.985,1.04,671407
01-06-2017,1.0099,1.02,0.99,1,242996
01-09-2017,1.13,1.1317,1,1.05,1424519
01-10-2017,1.12,1.17,1.05,1.13,1081446
01-11-2017,1.11,1.1101,1.01,1.11,950045
01-12-2017,1.4,1.45,1.04,1.12,4077937
01-13-2017,1.22,1.44,1.12,1.29,3957026
01-17-2017,1.21,1.48,1.15,1.18,2331871
01-18-2017,1.19,1.28,1.17,1.2,982297
01-19-2017,1.16,1.23,1.16,1.18,644158
01-20-2017,1.16,1.18,1.06,1.16,950445
01-23-2017,1.37,1.87,1.32,1.4,27070779
01-24-2017,1.31,1.4686,1.25,1.41,2976232
01-25-2017,1.27,1.34,1.25,1.33,1432714
01-26-2017,1.274,1.33,1.22,1.27,2005717
01-27-2017,1.255,1.29,1.2,1.29,940054
01-30-2017,1.19,1.26,1.14,1.25,947830
01-31-2017,1.21,1.26,1.17,1.17,915831
02-01-2017,1.23,1.25,1.2,1.21,441389
02-02-2017,1.21,1.24,1.2,1.23,364273
02-03-2017,1.24,1.26,1.18,1.26,813013
02-06-2017,1.22,1.28,1.215,1.25,608063
02-07-2017,1.21,1.26,1.18,1.21,562689
02-08-2017,1.19,1.2176,1.19,1.2,252420
02-09-2017,1.199,1.2399,1.17,1.19,924860
02-10-2017,1.21,1.22,1.2,1.2,299241
02-13-2017,1.25,1.25,1.18,1.21,995817
02-14-2017,1.29,1.39,1.21,1.37,2842864
02-15-2017,1.37,1.37,1.26,1.29,1375304
02-16-2017,1.46,1.5,1.37,1.41,2999050
02-17-2017,1.46,1.49,1.36,1.49,1076446
02-21-2017,1.45,1.47,1.42,1.46,649666
02-22-2017,1.35,1.44,1.32,1.44,597642
02-23-2017,1.31,1.37,1.29,1.37,386958
02-24-2017,1.37,1.38,1.25,1.3,412922
02-27-2017,1.36,1.38,1.33,1.36,203112
02-28-2017,1.38,1.38,1.3102,1.34,299422
03-01-2017,1.35,1.38,1.33,1.38,316168
03-02-2017,1.33,1.35,1.33,1.34,210704
03-03-2017,1.33,1.35,1.31,1.34,236597
03-06-2017,1.37,1.38,1.31,1.34,466795
03-07-2017,1.37,1.4,1.32,1.37,378393
03-08-2017,1.51,1.6,1.37,1.37,2879645
03-09-2017,1.6,1.65,1.5,1.55,1931024
03-10-2017,1.56,1.64,1.51,1.59,744958
03-13-2017,1.7,1.75,1.5,1.56,1846685
03-14-2017,1.55,1.7,1.52,1.7,874030
03-15-2017,1.58,1.64,1.54,1.56,589843
03-16-2017,1.57,1.62,1.53,1.59,318514
03-17-2017,1.56,1.58,1.53,1.57,346204
03-20-2017,1.52,1.63,1.49,1.56,529150
03-21-2017,1.45,1.5323,1.4322,1.52,541114
03-22-2017,1.53,1.55,1.42,1.48,350843
03-23-2017,1.51,1.56,1.4807,1.51,232598
03-24-2017,1.52,1.53,1.48,1.5,169550
