05-19-2016,10.01,10.735,9.73,9.75,1023365
05-20-2016,10,10.23,9.91,10,196453
05-23-2016,10.01,10.1,9.85,9.85,49187
05-24-2016,10.16,10.4,10.02,10.02,13608
05-25-2016,10.22,10.34,10.2,10.21,7728
05-26-2016,8.35,10.43,8.2999,10.34,224646
05-27-2016,7.62,8.9399,7.5,8.5,155298
05-31-2016,8.61,8.76,7.53,7.53,51966
06-01-2016,8.69,8.98,8.24,8.98,20020
06-02-2016,8.82,8.99,8.61,8.99,31409
06-03-2016,8.51,8.95,8.26,8.95,6818
06-06-2016,9.35,9.35,8.67,8.67,20195
06-07-2016,9.8,9.9,9.5,9.5,8760
06-08-2016,9.06,9.8,8.75,9.8,22522
06-09-2016,9.65,9.65,8.79,8.79,8423
06-10-2016,9.15,9.59,8.75,9.06,6482
06-13-2016,9.29,9.57,9.1,9.57,27794
06-14-2016,8.36,9.4,8.02,9.07,152220
06-15-2016,8.2,8.84,7.6001,8.36,102730
06-16-2016,8.52,8.89,7.75,7.9,139482
06-17-2016,8.15,9.32,8.08,8.55,153075
06-20-2016,8.17,8.44,8.03,8.39,16385
06-21-2016,7.81,8.135,7.69,8,41096
06-22-2016,7.98,8,7.795,7.795,30743
06-23-2016,7.86,7.9,7.255,7.71,13321
06-24-2016,8,8.2,7.845,7.85,9920
06-27-2016,8.09,8.09,7.78,7.97,12336
06-28-2016,8,8.3899,7.95,8.3899,2851
06-29-2016,8,8,7.95,7.96,1400
06-30-2016,7.99,7.99,7.96,7.96,201
07-01-2016,8.02,8.02,7.96,8,1267
07-05-2016,8.11,8.14,8.11,8.14,1571
07-06-2016,8.2,8.22,8.2,8.2028,1000
07-07-2016,8.44,8.53,8.44,8.53,5551
07-08-2016,8.66,8.865,8.66,8.8323,4156
07-11-2016,8.44,8.94,8.18,8.9,9732
07-12-2016,8.2,8.2,8.2,8.2,100
07-13-2016,8.15,8.3999,8.15,8.3999,1313
07-14-2016,8.16,8.18,8.1501,8.18,1110
07-15-2016,8.39,8.4,8.2,8.25,4622
07-18-2016,8.26,8.399,8.15,8.37,6786
07-19-2016,8.25,8.73,8.25,8.35,380
07-20-2016,8.39,8.4,8,8.04,5195
07-21-2016,8.45,8.5551,8.4,8.4,5326
07-22-2016,8.48,8.7,8.37,8.7,26546
07-25-2016,8.48,8.68,8.48,8.68,372
07-26-2016,8.41,8.41,8.41,8.41,138
07-27-2016,8.47,8.68,8.25,8.68,10208
07-28-2016,8.5,8.55,8.345,8.5,3231
07-29-2016,10.54,10.89,8.5,8.5,20067
08-01-2016,9.69,10.2,9.51,10.2,8123
08-02-2016,9.44,9.4992,9.21,9.495,1275
08-03-2016,8.97,9.38,8.7601,9.38,4882
08-04-2016,8.97,8.97,8.8579,8.8579,305
08-05-2016,9.313,9.313,9.313,9.313,344
08-08-2016,9.28,9.3,8.97,9.26,3253
08-09-2016,9.17,9.25,8.9,9.25,4522
08-10-2016,9.21,9.21,8.96,9.05,5534
08-11-2016,9,9.16,8.42,8.42,4902
08-15-2016,9.08,9.6,9.08,9.6,900
08-16-2016,9.3,9.43,9.08,9.08,7958
08-17-2016,9.4,9.7,9,9.11,5690
08-18-2016,9.12,9.2667,9,9.25,6534
08-19-2016,9.03,9.376,8.67,8.67,15544
08-22-2016,9.2,9.43,8.692,8.835,2828
08-23-2016,9.12,9.28,8.957,8.96,5197
08-24-2016,9.2,9.2,9.0012,9.09,2044
08-25-2016,9.13,9.3638,8.74,8.89,3416
08-26-2016,8.91,8.91,8.91,8.91,150
08-29-2016,9.07,9.07,9.05,9.05,3314
08-30-2016,9.1,9.1,9.08,9.08,450
08-31-2016,9.1,9.1559,9.09,9.15,2220
09-06-2016,9.15,9.15,8.845,9.1,1178
09-07-2016,9.26,9.5,9.15,9.15,10679
09-08-2016,9.425,9.5999,9.19,9.3,11550
09-09-2016,9.98,9.98,9.3,9.4,26550
09-12-2016,9.86,10.08,9.5,9.9841,14848
09-13-2016,9.69,10.007,9.69,10.007,4012
09-14-2016,9.89,10.2703,9.87,9.99,4586
09-15-2016,9.87,10.304,9.77,9.77,7000
09-16-2016,10.3,10.48,10,10.48,5646
09-19-2016,10.64,10.64,10.15,10.22,6195
09-20-2016,10.34,10.64,10.34,10.64,6603
09-21-2016,10.66,10.7,10.2501,10.5999,3152
09-22-2016,10.65,10.65,10.5,10.5,2231
09-23-2016,11.68,11.68,10.73,10.73,5410
09-26-2016,11.51,11.81,11.15,11.15,2563
09-27-2016,11.24,11.5,11.11,11.5,3587
09-28-2016,12.1968,12.34,11.32,11.32,7677
09-29-2016,14.99,16.7099,12.6001,12.6001,116193
09-30-2016,16.75,16.98,15,16,27518
10-03-2016,17.82,18.51,15.56,16.71,47763
10-04-2016,18,19.4,17.79,18.01,10539
10-05-2016,18.16,18.83,18.15,18.59,7193
10-06-2016,17.46,18.5292,16.81,18.39,18362
10-07-2016,17.99,18,17.35,17.35,5581
10-10-2016,17.66,18.07,17.61,17.77,3611
10-11-2016,17.21,17.5986,17.203,17.52,6663
10-12-2016,16.7301,17.2706,16.5,17.2,8584
10-13-2016,16.92,17.69,16.5498,16.77,4298
10-14-2016,17.51,18.5812,17.5,18.5812,1652
10-17-2016,17.52,17.6089,17.45,17.6089,1170
10-18-2016,17.91,18.4444,17.518,17.6,2047
10-19-2016,18.55,18.9704,18.26,18.42,5241
10-20-2016,18.6,19.36,18.55,18.55,2580
10-21-2016,18.76,18.9999,18.76,18.85,2425
10-24-2016,18.8001,19.5299,18.8,19.4,5482
10-25-2016,18.2867,19.6292,17.8,18.59,5269
10-26-2016,18.4129,18.4129,17.81,17.81,551
10-28-2016,18.12,18.58,18.01,18.58,3683
10-31-2016,17.8,17.93,17.8,17.9011,3273
11-01-2016,16.8,17.85,16.8,17.85,2589
11-02-2016,15.36,17,15.0235,17,3995
11-03-2016,17.95,17.95,14.854,14.854,958
11-04-2016,15.21,17.75,15.21,17.74,2681
11-07-2016,15.25,16.41,14.85,14.85,9279
11-08-2016,15.85,16.3,15.001,15.25,1494
11-10-2016,16.4857,16.4857,16.45,16.45,1757
11-11-2016,17.4,17.6499,16.69,16.69,1119
11-14-2016,16.85,17.5,16.85,17.47,5764
11-15-2016,16.99,17.5,16.3,17.5,7192
11-16-2016,16.76,16.99,16.76,16.95,637
11-17-2016,16,17.1589,16,17,1968
11-18-2016,17.4899,17.4899,16.5,16.5,542
11-21-2016,15.51,17.44,15.51,17.439,712
11-28-2016,15.9,17.4999,15.9,17.4999,3665
11-29-2016,15.9,16.6197,15.9,16.6197,2040
11-30-2016,15.166,15.6,15.166,15.6,1847
12-01-2016,15.01,15.85,15.01,15.85,395
12-02-2016,15.1,15.64,15.1,15.2,1375
12-05-2016,15.09,15.5989,15.07,15.5,1662
12-06-2016,15.32,15.75,15.25,15.65,822
12-07-2016,15.6,17.49,15.6,17.49,660
12-08-2016,15.5,15.76,15.5,15.76,541
12-09-2016,15.75,15.8,15.75,15.8,2739
12-12-2016,15.65,16.0203,15.5,15.8,1788
12-13-2016,15.5,15.75,15.5,15.75,733
12-14-2016,15.125,15.67,15.09,15.5,3412
12-15-2016,15,15.5,15,15.5,1779
12-16-2016,13.85,16.75,13.85,16.75,1302
12-19-2016,14.15,14.5,13.53,14,14493
12-20-2016,14.15,14.7102,13.13,14.6,5962
12-21-2016,20.22,22.185,19.6,22,808650
12-22-2016,19.99,21.28,19.81,21.23,74110
12-23-2016,19.94,20.375,19,20.14,42668
12-27-2016,20.91,21,19.98,19.98,35128
12-28-2016,20.97,21.6,20.9,21.6,9883
12-29-2016,21.38,21.5,19.8,20.85,38664
12-30-2016,21.11,21.22,20.569,21.22,11918
01-03-2017,21.07,21.3,20.5453,21.29,13045
01-04-2017,25.88,26.1262,21.17,21.5,106436
01-05-2017,24.24,26.25,23.48,26.25,39233
01-06-2017,24.36,24.9057,23.0813,24.89,19474
01-09-2017,23.38,24.63,23.38,24.56,27038
01-10-2017,22.74,23.7999,22.5,23.35,9820
01-11-2017,21.75,22.5,21.51,22.5,19585
01-12-2017,23.96,23.96,21.77,21.77,16149
01-13-2017,23.2,24.5,22.5,23.1453,17924
01-17-2017,24,25.472,23.55,23.55,17430
01-18-2017,24.08,24.39,23.77,24,27869
01-19-2017,24.44,24.93,23.87,24.51,36805
01-20-2017,24.76,25,24.08,24.75,36956
01-23-2017,24.5,25.26,23.77,25.2287,9076
01-24-2017,24.84,25.25,24.1849,25,18730
01-25-2017,24.13,25.69,23.86,24.5,34741
01-26-2017,24.035,24.441,24,24.24,4167
01-27-2017,23.94,24.3,23.82,24,6480
01-30-2017,24.75,24.98,24.01,24.01,22725
01-31-2017,26.11,27.36,24.45,24.55,16971
02-01-2017,24.76,26.24,24.46,26.03,18415
02-02-2017,24.49,25.02,24.33,25.02,89273
02-03-2017,23.19,25.19,23.19,24.61,22037
02-06-2017,23.97,24.3756,22.9,23.31,55149
02-07-2017,24.14,24.38,23.75,23.76,7905
02-08-2017,23.95,24.4999,23.83,24.06,16126
02-09-2017,24.06,24.485,23.78,24.2,5388
02-10-2017,24.075,24.5,24,24.01,4839
02-13-2017,26.04,26.25,24.01,24.24,20118
02-14-2017,25.49,26.25,25.155,26.25,43705
02-15-2017,25.9,26,24.79,25.98,827154
02-16-2017,25,25.75,24.35,25.62,27738
02-17-2017,25.22,25.82,25.19,25.22,8252
02-21-2017,24.71,25.4999,24.71,25.29,10889
02-22-2017,24.06,25.84,24.02,24.75,22776
02-23-2017,24.01,24.4,24.01,24.4,4074
02-24-2017,24.62,25.2,24.08,24.1,15512
02-27-2017,24.75,24.95,24.3354,24.51,16576
02-28-2017,24.51,25.1,24.2622,24.54,19725
03-01-2017,25.93,25.99,24.22,24.66,150197
03-02-2017,29,29,25.487,25.487,79054
03-03-2017,29.45,29.75,28.64,29,35352
03-06-2017,32.23,33.634,30.5,30.63,114980
03-07-2017,30.82,33.025,29.06,32.5,80720
03-08-2017,29.72,31.83,28.86,31.83,42700
03-09-2017,29.75,32.8932,29.74,29.75,35144
03-10-2017,30.02,30.48,28.885,29.945,27615
03-13-2017,29.29,30.03,29,30,36853
03-14-2017,29.98,30,29.01,29.09,19841
03-15-2017,29.99,30,29.405,30,20652
03-16-2017,29.67,30.5561,29.0655,30,117276
03-17-2017,29.98,30.78,29.97,30,54432
03-20-2017,28.5,30.5,28.02,30.5,47516
03-21-2017,26.06,27.2,25.3801,26.5,71367
03-22-2017,24.6,26.205,24.03,26,59702
03-23-2017,25.33,25.4,24.425,24.425,48664
03-24-2017,24.59,25.48,24.54,25.48,31057
