03-28-2016,0.249,0.254,0.2411,0.251,952166
03-29-2016,0.2437,0.25,0.2375,0.245,854845
03-30-2016,0.2606,0.2655,0.2405,0.2425,1115703
03-31-2016,0.2728,0.2749,0.254,0.26,1985984
04-01-2016,0.27,0.28,0.27,0.28,1445102
04-04-2016,0.28,0.29,0.2726,0.28,1649605
04-05-2016,0.2882,0.294,0.28,0.285,1223438
04-06-2016,0.3,0.313,0.2889,0.29,1689532
04-07-2016,0.3063,0.31,0.301,0.31,1642881
04-08-2016,0.3071,0.31,0.305,0.31,732296
04-11-2016,0.3105,0.312,0.3022,0.3074,1082350
04-12-2016,0.326,0.3398,0.31,0.315,2655668
04-13-2016,0.3101,0.342,0.3093,0.34,2012158
04-14-2016,0.31,0.3249,0.306,0.31,817435
04-15-2016,0.3219,0.34,0.3105,0.3106,1586070
04-18-2016,0.35,0.365,0.33,0.338,2977223
04-19-2016,0.327,0.37,0.327,0.36,2531479
04-20-2016,0.33,0.34,0.3122,0.34,1457431
04-21-2016,0.33,0.34,0.3135,0.33,903894
04-22-2016,0.32,0.338,0.32,0.33,638313
04-25-2016,0.3199,0.33,0.3199,0.3283,847916
04-26-2016,0.314,0.331,0.305,0.331,1230956
04-27-2016,0.3101,0.32,0.3025,0.318,558822
04-28-2016,0.3009,0.3195,0.29,0.3195,1600017
04-29-2016,0.2954,0.31,0.29,0.29,1161768
05-02-2016,0.2901,0.3,0.289,0.3,763757
05-03-2016,0.319,0.33,0.29,0.295,2495335
05-04-2016,0.3299,0.3401,0.3136,0.33,3163268
05-05-2016,0.319,0.337,0.3159,0.337,870632
05-06-2016,0.317,0.335,0.315,0.323,1366816
05-09-2016,0.315,0.326,0.3,0.305,1511693
05-10-2016,0.3162,0.32,0.305,0.31,1665134
05-11-2016,0.3195,0.3241,0.31,0.32,708633
05-12-2016,0.303,0.33,0.303,0.32,1460883
05-13-2016,0.2955,0.3185,0.2931,0.31,1729487
05-16-2016,0.3115,0.3197,0.2969,0.31,2230441
05-17-2016,0.3003,0.3168,0.298,0.316,1712249
05-18-2016,0.3048,0.3099,0.297,0.3,1399892
05-19-2016,0.2999,0.3095,0.285,0.3095,1582368
05-20-2016,0.3,0.31,0.2949,0.295,1836595
05-23-2016,0.3075,0.3099,0.3005,0.3099,1359874
05-24-2016,0.3055,0.3145,0.3012,0.31,1521153
05-25-2016,0.34,0.3499,0.3,0.307,5123054
05-26-2016,0.34,0.369,0.3276,0.36,4170054
05-27-2016,0.3361,0.35,0.3361,0.345,2021453
05-31-2016,0.386,0.39,0.34,0.3475,3650159
06-01-2016,0.4149,0.449,0.4053,0.41,7955159
06-02-2016,0.43,0.445,0.3952,0.43,3782341
06-03-2016,0.417,0.44,0.4,0.44,3621179
06-06-2016,0.412,0.4232,0.4052,0.42,3379522
06-07-2016,0.38,0.39,0.335,0.355,6080485
06-08-2016,0.36,0.379,0.3512,0.372,2298062
06-09-2016,0.3705,0.416,0.365,0.38,3409679
06-10-2016,0.3777,0.39,0.365,0.3705,2214259
06-13-2016,0.3909,0.4015,0.377,0.4,3784348
06-14-2016,0.4112,0.415,0.39,0.4,4611193
06-15-2016,0.43,0.455,0.41,0.419,6890505
06-16-2016,0.4301,0.4501,0.4212,0.45,4184122
06-17-2016,0.4279,0.4361,0.42,0.435,1665987
06-20-2016,0.429,0.453,0.412,0.45,6051824
06-21-2016,0.438,0.4444,0.422,0.429,4128720
06-22-2016,0.4507,0.4769,0.438,0.444,6250519
06-23-2016,0.4563,0.472,0.4452,0.472,2987055
06-24-2016,0.4496,0.455,0.4201,0.4201,3304002
06-27-2016,0.464,0.479,0.44,0.4501,3509971
06-28-2016,0.472,0.48,0.45,0.47,3336506
06-29-2016,0.46,0.48,0.455,0.48,3097645
06-30-2016,0.47,0.47,0.36,0.4689,6736364
07-01-2016,0.45,0.4786,0.44,0.4608,3939394
07-05-2016,0.4745,0.4775,0.4467,0.45,1953960
07-06-2016,0.471,0.499,0.4618,0.48,3737622
07-07-2016,0.4739,0.4894,0.4694,0.471,1843119
07-08-2016,0.4895,0.49,0.471,0.48,2416958
07-11-2016,0.4742,0.5,0.4726,0.4988,2404589
07-12-2016,0.4442,0.477,0.4133,0.477,6251472
07-13-2016,0.4418,0.4695,0.44,0.4599,1910599
07-14-2016,0.4402,0.468,0.4251,0.4436,2512903
07-15-2016,0.4323,0.45,0.4271,0.45,2613851
07-18-2016,0.4425,0.456,0.435,0.45,2405463
07-19-2016,0.4328,0.455,0.43,0.455,2094062
07-20-2016,0.4297,0.4401,0.42,0.44,1894713
07-21-2016,0.4114,0.442,0.403,0.442,3275639
07-22-2016,0.439,0.439,0.411,0.428,2895415
07-25-2016,0.4198,0.45,0.4018,0.45,4672573
07-26-2016,0.35,0.365,0.22,0.34,16976521
07-27-2016,0.365,0.372,0.3318,0.35,4128720
07-28-2016,0.3631,0.3732,0.353,0.37,1957687
07-29-2016,0.3572,0.3698,0.34,0.36,2858388
08-01-2016,0.3563,0.375,0.345,0.3716,3161653
08-02-2016,0.3498,0.359,0.3421,0.3572,1972281
08-03-2016,0.3484,0.3588,0.3415,0.358,1762685
08-04-2016,0.3447,0.359,0.3422,0.35,1648940
08-05-2016,0.3448,0.35,0.26,0.317,2056948
08-08-2016,0.3478,0.35,0.33,0.33,1628966
08-09-2016,0.3511,0.36,0.3405,0.36,1396311
08-10-2016,0.349,0.38,0.3448,0.35,1287443
08-11-2016,0.3523,0.355,0.3448,0.349,1305097
08-12-2016,0.3899,0.394,0.35,0.355,4474549
08-15-2016,0.4169,0.4337,0.385,0.4,4269090
08-16-2016,0.4152,0.425,0.4002,0.42,2209503
08-17-2016,0.395,0.411,0.3915,0.41,1630205
08-18-2016,0.405,0.415,0.3901,0.3903,2048372
08-19-2016,0.4019,0.4149,0.3963,0.4095,1258670
08-22-2016,0.4139,0.43,0.4019,0.4019,2096784
08-23-2016,0.415,0.42,0.4001,0.4003,1399640
08-24-2016,0.4023,0.4201,0.4,0.4021,1567936
08-25-2016,0.3959,0.41,0.395,0.4,1479313
08-26-2016,0.39,0.415,0.3846,0.39,1367923
08-29-2016,0.407,0.41,0.395,0.408,1662362
08-30-2016,0.4291,0.44,0.4149,0.415,2566890
08-31-2016,0.4388,0.44,0.425,0.4317,2102274
09-01-2016,0.5191,0.6,0.4412,0.4412,18661251
09-02-2016,0.5521,0.5688,0.48,0.53,8489118
09-06-2016,0.651,0.7088,0.58,0.613,20474509
09-07-2016,0.6468,0.6773,0.611,0.64,8102819
09-08-2016,0.63,0.7025,0.615,0.69,6869058
09-09-2016,0.613,0.6479,0.561,0.6475,6291435
09-12-2016,0.582,0.615,0.54,0.5969,6168608
09-13-2016,0.509,0.5999,0.35,0.59,17646389
09-14-2016,0.4947,0.5194,0.4,0.4863,6170177
09-15-2016,0.5699,0.5898,0.5,0.52,7755525
09-16-2016,0.615,0.615,0.52,0.59,5956873
09-19-2016,0.5887,0.605,0.5737,0.59,3962463
09-20-2016,0.59,0.5988,0.567,0.58,16239406
09-21-2016,0.123,0.135,0.1001,0.11,126524303
09-22-2016,0.1331,0.147,0.125,0.134,48132398
09-23-2016,0.1274,0.1389,0.125,0.1351,23151235
09-26-2016,0.123,0.137,0.115,0.13,24914275
09-27-2016,0.1137,0.125,0.112,0.125,16211220
09-28-2016,0.1063,0.1183,0.1023,0.1171,13055934
09-29-2016,0.101,0.1095,0.1,0.108,14066054
09-30-2016,0.11,0.1149,0.091,0.101,19240408
10-03-2016,0.108,0.1148,0.1035,0.1148,7624368
10-04-2016,0.0999,0.108,0.097,0.108,8354921
10-05-2016,0.1,0.104,0.0979,0.0999,7204969
10-06-2016,0.0962,0.105,0.0951,0.105,5941196
10-07-2016,0.096,0.102,0.0915,0.102,7070960
10-10-2016,0.096,0.099,0.093,0.099,3377369
10-11-2016,0.095,0.1,0.094,0.1,3392998
10-12-2016,0.091,0.0948,0.091,0.0935,4237614
10-13-2016,0.0862,0.0948,0.08,0.0945,10995573
10-14-2016,0.08,0.089,0.078,0.0881,8566885
10-17-2016,0.085,0.096,0.0827,0.096,11454771
10-18-2016,0.0848,0.09,0.0812,0.085,7237329
10-19-2016,0.0876,0.0984,0.083,0.09,8466907
10-20-2016,0.0871,0.09,0.085,0.09,4177695
10-21-2016,0.086,0.0878,0.085,0.085,3797003
10-24-2016,0.084,0.09,0.084,0.0891,4553224
10-25-2016,0.0805,0.0862,0.08,0.0862,4509771
10-26-2016,0.0795,0.081,0.0755,0.08,3985807
10-27-2016,0.078,0.081,0.076,0.0801,2626838
10-28-2016,0.078,0.0808,0.075,0.08,2798141
10-31-2016,0.0767,0.0798,0.0755,0.079,2700206
11-01-2016,0.072,0.0767,0.068,0.075,6383223
11-02-2016,0.0745,0.075,0.07,0.0702,2549446
11-03-2016,0.079,0.0864,0.0765,0.0841,8952489
11-04-2016,0.0784,0.0841,0.0759,0.0841,3498815
11-07-2016,0.0722,0.0799,0.07,0.0799,3463332
11-08-2016,0.0706,0.0777,0.07,0.0777,2246784
11-09-2016,0.0709,0.0738,0.069,0.07,3343394
11-10-2016,0.0784,0.079,0.0705,0.0745,4828709
11-11-2016,0.0797,0.087,0.0779,0.0784,5101473
11-14-2016,0.0799,0.0847,0.0755,0.08,3895948
11-15-2016,0.0799,0.08,0.076,0.0799,2986186
11-16-2016,0.0778,0.0798,0.075,0.075,2945541
11-17-2016,0.0755,0.078,0.0715,0.0715,2320967
11-18-2016,0.0735,0.077,0.0715,0.077,2663411
11-21-2016,0.0955,0.1019,0.0808,0.089,45733331
11-22-2016,0.096,0.1085,0.0941,0.101,26082599
11-23-2016,0.0927,0.1,0.0861,0.1,10721684
11-25-2016,0.0934,0.097,0.0893,0.0964,3793201
11-28-2016,0.0964,0.1,0.09,0.0942,7440058
11-29-2016,0.0929,0.0989,0.09,0.0971,4835045
11-30-2016,0.0856,0.0931,0.085,0.09,5419190
12-01-2016,0.0865,0.0876,0.083,0.0876,3414290
12-02-2016,0.0832,0.0849,0.0741,0.08,4344937
12-05-2016,0.0841,0.0865,0.08,0.082,2270372
12-06-2016,0.082,0.0849,0.076,0.0831,5096177
12-07-2016,0.0834,0.086,0.0783,0.086,3052202
12-08-2016,0.119,0.1225,0.0851,0.09,38673223
12-09-2016,0.1221,0.1555,0.1071,0.139,51444638
12-12-2016,0.1098,0.13,0.105,0.13,11930935
12-13-2016,0.1042,0.109,0.0952,0.1,9391246
12-14-2016,0.1061,0.115,0.104,0.108,5062093
12-15-2016,0.0992,0.11,0.0976,0.11,5735755
12-16-2016,0.105,0.105,0.095,0.1,6200920
12-19-2016,0.111,0.115,0.0855,0.1012,8307602
12-20-2016,0.109,0.117,0.1025,0.116,4388151
12-21-2016,0.1041,0.1079,0.1,0.105,3093064
12-22-2016,0.1036,0.108,0.1025,0.104,1975220
12-23-2016,0.1026,0.1079,0.098,0.1074,2800461
12-27-2016,0.1,0.105,0.099,0.1035,2703802
12-28-2016,0.0962,0.108,0.0951,0.1001,4027685
12-29-2016,0.0926,0.0999,0.0916,0.0975,3627820
12-30-2016,0.0868,0.095,0.08,0.092,13391074
01-03-2017,0.095,0.095,0.086,0.0879,5148436
01-04-2017,0.102,0.11,0.0964,0.105,6738334
01-05-2017,0.096,0.106,0.092,0.105,3109471
01-06-2017,0.0989,0.1025,0.098,0.1022,4447888
01-09-2017,0.15,0.2318,0.1332,0.2,99782950
01-10-2017,0.1559,0.1789,0.151,0.1741,24500215
01-11-2017,0.148,0.16,0.133,0.15,21863720
01-12-2017,0.1398,0.1525,0.1395,0.148,7255473
01-13-2017,0.1371,0.143,0.1324,0.1418,8292984
01-17-2017,0.138,0.15,0.133,0.15,7331915
01-18-2017,0.1355,0.143,0.1351,0.139,6398460
01-19-2017,0.128,0.1356,0.1251,0.1301,7059831
01-20-2017,0.13,0.135,0.125,0.13,4546052
01-23-2017,0.1308,0.134,0.128,0.1304,3223255
01-24-2017,0.1291,0.135,0.128,0.135,3278527
01-25-2017,0.1391,0.1488,0.127,0.13,11838028
01-26-2017,0.1433,0.1495,0.14,0.14,7259025
01-27-2017,0.138,0.147,0.1338,0.145,6062936
01-30-2017,0.132,0.14,0.13,0.138,4479301
01-31-2017,0.132,0.135,0.1268,0.134,5579840
02-01-2017,0.13,0.1315,0.1275,0.13,2413279
02-02-2017,0.1282,0.133,0.128,0.133,3078482
02-03-2017,0.133,0.136,0.128,0.1329,5755624
02-06-2017,0.1393,0.17,0.1313,0.17,6440894
02-07-2017,0.137,0.1424,0.1338,0.142,3802307
02-08-2017,0.1385,0.1387,0.1327,0.138,3951216
02-09-2017,0.135,0.1418,0.1331,0.14,3430494
02-10-2017,0.1464,0.148,0.132,0.142,9550168
02-13-2017,0.1419,0.158,0.1163,0.1524,11217715
02-14-2017,0.1354,0.1424,0.135,0.14,4383540
02-15-2017,0.13,0.14,0.13,0.1399,6791258
02-16-2017,0.1292,0.1325,0.1251,0.13,5275220
02-17-2017,0.1301,0.132,0.1252,0.13,4116075
02-21-2017,0.1265,0.1341,0.126,0.134,5764170
02-22-2017,0.125,0.1306,0.125,0.1306,2959228
02-23-2017,0.1231,0.1298,0.1221,0.1298,4177794
02-24-2017,0.12,0.1247,0.1166,0.1231,4980947
02-27-2017,0.1175,0.122,0.1151,0.12,3032117
02-28-2017,0.111,0.1187,0.1101,0.1175,3267256
03-01-2017,0.1175,0.12,0.1055,0.111,6432187
03-02-2017,0.1188,0.1249,0.115,0.117,4459082
03-03-2017,0.1132,0.1177,0.11,0.1155,3427653
03-06-2017,0.119,0.1242,0.1155,0.12,5963826
03-07-2017,0.1117,0.121,0.108,0.121,3837185
03-08-2017,0.1121,0.1159,0.11,0.1125,2398641
03-09-2017,0.1118,0.114,0.11,0.113,2672793
03-10-2017,0.1138,0.1175,0.1118,0.1155,2896372
03-13-2017,0.1105,0.115,0.1088,0.1145,3100200
03-14-2017,0.1069,0.1108,0.104,0.11,4118091
03-15-2017,0.1026,0.1114,0.1025,0.11,3631774
03-16-2017,0.105,0.11,0.1001,0.11,4043289
03-17-2017,0.1005,0.106,0.0984,0.105,4671495
03-20-2017,0.1016,0.1065,0.0963,0.104,2756893
03-21-2017,0.1023,0.1095,0.1,0.102,3456496
03-22-2017,0.0975,0.105,0.0975,0.1015,2683313
03-23-2017,0.107,0.1098,0.1002,0.1007,5197668
03-24-2017,0.114,0.124,0.1075,0.1195,6328229
