03-28-2016,35.41,35.74,33.56,35.47,984442
03-29-2016,37.17,37.23,34.68,35.25,1070534
03-30-2016,37.15,38.81,36.95,37.3,1096166
03-31-2016,39.55,40.09,37.5,37.5,2104548
04-01-2016,41.54,41.68,39.01,39.57,1180080
04-04-2016,42.93,44.48,42,42,1874573
04-05-2016,42.96,43.99,42.1,42.41,902772
04-06-2016,46.49,46.57,42.76,43.11,1349566
04-07-2016,45.26,47.99,44.27,46.72,1362791
04-08-2016,45.57,46.41,43.92,46.05,908850
04-11-2016,43.78,45.8,43.36,45.69,956490
04-12-2016,44.72,44.8,42.45,44.06,972182
04-13-2016,46.13,46.28,44.37,44.91,692602
04-14-2016,46.86,47.32,45.51,46.26,1206653
04-15-2016,46.54,47.45,45.315,46.62,1035437
04-18-2016,46.67,47.19,46.02,46.18,1109731
04-19-2016,46.34,47.155,45.8,46.58,781399
04-20-2016,46.93,47.79,45.96,46.77,831056
04-21-2016,49.19,49.63,46.505,47.06,885160
04-22-2016,48.66,49.69,47.53,49.23,948044
04-25-2016,48.61,49.35,48.1,48.59,510009
04-26-2016,47.55,48.675,46.43,48.35,734648
04-27-2016,46.24,47.48,45.62,47.32,724582
04-28-2016,46.9,48.75,45.78,46.48,1249209
04-29-2016,45.58,47.475,45.09,46.73,701463
05-02-2016,46.71,46.81,44.5,45.83,789366
05-03-2016,45.05,47.22,44.81,46.36,782887
05-04-2016,42.91,45,42.67,44.7,959135
05-05-2016,42.65,43.3945,41.52,42.96,951720
05-06-2016,42.87,44.07,40.86,41.69,1126052
05-09-2016,44.89,45.51,42.92,43.16,768723
05-10-2016,44.69,45.5,43.6,45.5,566444
05-11-2016,42.65,44.6,42.51,44.58,637037
05-12-2016,42.94,43.278,41.67,42.98,740839
05-13-2016,43.65,44.55,42.435,42.87,762774
05-16-2016,45.64,46.11,43.785,43.9,980766
05-17-2016,43.39,45.895,43.19,45.59,1225776
05-18-2016,45.64,46.655,43.11,43.15,1575248
05-19-2016,46.92,47.3,45,45.48,1173304
05-20-2016,47.89,48.2452,46.41,46.88,1108344
05-23-2016,48.07,48.485,47.43,48.45,1341493
05-24-2016,48.77,49.21,48.28,48.57,971579
05-25-2016,46.56,49.44,46.01,49.06,1140985
05-26-2016,45.83,46.47,44.41,46.47,1145170
05-27-2016,46.19,46.31,45.055,46.14,653569
05-31-2016,49.65,50.87,48.49,48.56,2236040
06-01-2016,49.6,49.98,48.52,49.29,950085
06-02-2016,50.75,50.84,49.015,49.51,1187802
06-03-2016,49.52,50.99,48.34,50.75,1236352
06-06-2016,51.96,52.16,49,49.65,1205009
06-07-2016,51.19,51.93,50.325,51.61,782318
06-08-2016,51.97,52.13,50,51.27,642983
06-09-2016,49.87,53,49.83,51.54,948644
06-10-2016,48.38,49.3,47.2,49.16,1042485
06-13-2016,46.67,48.71,46.295,47.88,1024471
06-14-2016,46.41,47.33,45.72,46.57,756802
06-15-2016,46.58,47.29,45.7,46.84,747297
06-16-2016,46.25,46.29,45.16,46.29,673313
06-17-2016,44.24,46.77,44.08,46.11,2101047
06-20-2016,44.32,45.21,44.04,44.71,1371840
06-21-2016,42.71,44.86,41.7,44.59,1549019
06-22-2016,42.73,44.05,41.68,42.53,1091114
06-23-2016,44.59,44.75,42.8478,43.21,1215639
06-24-2016,43.28,44.71,41.56,42.2,8931812
06-27-2016,41.79,43.5997,41.5,43.21,1328904
06-28-2016,43.88,43.965,42.25,42.25,1118824
06-29-2016,45.39,46.15,44.425,45.01,1048034
06-30-2016,45.45,46.14,44.395,45.36,1118895
07-01-2016,45.29,45.79,44.69,45.25,957698
07-05-2016,45.84,46.05,44.86,45.17,626069
07-06-2016,47.79,47.86,45.49,45.63,1054948
07-07-2016,48.05,48.78,47.44,48.09,721391
07-08-2016,48.58,48.82,47.06,47.92,862086
07-11-2016,48.64,49.28,48.42,48.82,911829
07-12-2016,48.4,49.24,47.85,48.98,652642
07-13-2016,46.49,48.7,46.31,48.7,941138
07-14-2016,46.1,46.93,45.57,46.93,523360
07-15-2016,46.35,46.52,45.84,46,633861
07-18-2016,46.97,47.12,46.08,46.5,629268
07-19-2016,47.23,47.32,46.82,46.88,877457
07-20-2016,48.81,48.97,47.14,47.34,702369
07-21-2016,49.08,50.2,48.56,49.01,1266329
07-22-2016,49.51,49.77,48.79,49.13,587953
07-25-2016,49.77,50.165,49.12,49.65,905535
07-26-2016,49.62,50.05,49.16,49.63,1010419
07-27-2016,50.82,50.88,49.45,49.83,873102
07-28-2016,50.15,51.39,49.93,50.77,707951
07-29-2016,50.23,50.33,48.74,49.83,617141
08-01-2016,51.51,52.85,50.035,50.4,821910
08-02-2016,50.43,51.3275,49.57,51.27,692194
08-03-2016,50.34,51.1,49.47,50.04,717983
08-04-2016,50.08,51.86,49.89,50.56,899947
08-05-2016,49.97,50.905,49.45,50.24,532619
08-08-2016,48.6,49.9,47.96,49.9,829107
08-09-2016,48.93,49.42,48.16,48.6,389428
08-10-2016,47.38,49.1107,47.1,48.73,705244
08-11-2016,48.2,48.42,46.87,47.6,520593
08-12-2016,48.38,48.49,47.47,47.98,452336
08-15-2016,48.73,49.18,48.1345,48.46,405173
08-16-2016,48.22,49.25,48.13,48.47,512659
08-17-2016,47.72,48.3,47.45,48.04,544353
08-18-2016,48.01,48.33,47.07,47.64,334371
08-19-2016,48.57,48.61,47.35,47.74,548250
08-22-2016,51.525,51.57,48.75,48.84,1152350
08-23-2016,51.5,51.82,51,51.82,768224
08-24-2016,49.44,53.46,49.28,51.31,1117615
08-25-2016,48.94,50.3,47.805,49.58,1072293
08-26-2016,49.54,50.11,48.82,49.27,556498
08-29-2016,49.31,49.8,48.96,49.67,438000
08-30-2016,49.17,49.93,48.83,49.43,518869
08-31-2016,48.46,49.715,48.27,48.92,569147
09-01-2016,50.12,50.28,48.35,48.63,568942
09-02-2016,49.44,50.25,49,50.19,409734
09-06-2016,50.84,51.15,49.63,49.71,791541
09-07-2016,50.9,51.05,50.1,50.66,844457
09-08-2016,50.5,50.99,49.93,50.33,852562
09-09-2016,49.19,50.64,49.13,49.75,934535
09-12-2016,51.2,51.25,48.56,48.84,816685
09-13-2016,50.27,50.83,49.24,50.49,591673
09-14-2016,51.53,51.66,50.57,50.63,676674
09-15-2016,52.7,53,50.94,51.56,658403
09-16-2016,54,54.13,52.51,52.75,1146944
09-19-2016,54.06,55.03,53.3,54.02,1313933
09-20-2016,54.63,55.15,54.3,54.67,983424
09-21-2016,54.22,55.1,52.97,54.74,658822
09-22-2016,54.16,54.975,53.38,54.74,578886
09-23-2016,53.94,54.64,53.64,54.39,573783
09-26-2016,53.25,53.75,52.97,53.7,665592
09-27-2016,53.36,53.85,52.72,53.08,656293
09-28-2016,51.42,53.54,50.409,53.37,814514
09-29-2016,50.33,51.91,49.73,51.39,594346
09-30-2016,50.64,51.76,50,50.49,1040583
10-03-2016,50.17,50.81,49.52,50.38,502727
10-04-2016,50.27,50.88,50.005,50.46,653513
10-05-2016,51.26,51.56,49.94,50.27,599461
10-06-2016,47.57,50.89,47.44,50.77,1379352
10-07-2016,46.98,47.98,46.3,47.55,1143079
10-10-2016,46.58,47.48,46.49,47.37,711529
10-11-2016,45,47.6899,44.65,47.35,985568
10-12-2016,43.07,45.56,43.04,44.97,1216945
10-13-2016,44.16,44.63,42.64,42.75,1237787
10-14-2016,42.27,44.62,42.22,44.39,742990
10-17-2016,42.3,42.88,41.29,42.3,865158
10-18-2016,44.59,44.72,43,43,1068122
10-19-2016,44.3,45.28,43.52,45.28,1122369
10-20-2016,45.67,46.34,43.827,44.18,1149478
10-21-2016,45.65,46.25,44.74,45.42,829498
10-24-2016,45.06,45.79,45.03,45.65,498608
10-25-2016,45.95,46.01,44.27,44.81,882849
10-26-2016,44.7,46.56,44.65,45.95,890169
10-27-2016,44.78,46.29,44.65,45.5,757311
10-28-2016,44.38,45.47,43.03,44.49,536530
10-31-2016,43.77,44.97,43.68,44.51,501789
11-01-2016,44.63,44.91,43.21,43.82,454992
11-02-2016,42.56,44.37,42.44,44.37,1105282
11-03-2016,40.16,45.5,39.91,44.67,2274999
11-04-2016,41.35,41.91,40.16,40.16,1075921
11-07-2016,44.13,44.62,41.49,42.05,1330099
11-08-2016,45.66,46,43.79,43.79,843821
11-09-2016,51.465,51.63,47.64,49,2074521
11-10-2016,52.99,53.68,50.9,52.12,1630568
11-11-2016,52.58,52.94,51.4,52.69,855597
11-14-2016,54.77,54.91,51.46,52.79,1223391
11-15-2016,52.93,54.7,52.17,54.36,1253443
11-16-2016,51.34,53.47,51.25,52.57,689603
11-17-2016,52.27,52.41,50.58,50.81,594529
11-18-2016,51.01,52.59,50.54,52.48,648876
11-21-2016,50.89,51.45,50.3,51.08,687524
11-22-2016,49.05,50.85,48.71,50.27,702279
11-23-2016,50.31,50.4,47.62,47.88,596328
11-25-2016,51.06,51.17,49.75,50.57,326115
11-28-2016,49.19,51.15,48.88,50.66,650455
11-29-2016,48.49,49.38,48.25,49.18,706691
11-30-2016,46.45,49.395,46.22,48.86,911154
12-01-2016,43.22,47.29,43.2,46.81,1458040
12-02-2016,43.23,44.22,42.471,43.14,977242
12-05-2016,43.61,44.995,42.85,43.75,1530007
12-06-2016,45.03,45.4289,42.75,43.77,1463410
12-07-2016,42.94,44.6,41.625,43.82,1222111
12-08-2016,41.71,42.94,40.59,42.94,1683395
12-09-2016,41.66,42.75,41.3928,42.17,616479
12-12-2016,42.01,42.18,41.01,41.11,675937
12-13-2016,43.4,43.53,42.06,42.14,1275096
12-14-2016,43.23,43.65,42.7,43.12,668985
12-15-2016,43.86,43.89,42.7,43.5,997698
12-16-2016,42.45,44.26,42.13,43.55,1129949
12-19-2016,40.6,42.66,40.27,42.35,823964
12-20-2016,41.35,41.52,40.51,40.64,696226
12-21-2016,40.19,41.71,40.08,41.31,775222
12-22-2016,39.04,40.78,38.465,40.24,1636969
12-23-2016,39.65,39.81,38.8101,39.13,870275
12-27-2016,38.31,39.79,37.9,39.79,1298198
12-28-2016,37.99,38.8,37.8,38.37,687249
12-29-2016,37.9,38.3347,37.345,37.91,740830
12-30-2016,38.7,38.72,37.56,38.01,835124
01-03-2017,38.66,39.795,38.38,38.79,937307
01-04-2017,41.28,41.94,38.61,38.8,1568670
01-05-2017,41.38,41.74,41.02,41.05,1073615
01-06-2017,44.04,45.2,42.13,44,3101476
01-09-2017,45,45.29,44.05,44.5,1456989
01-10-2017,42.61,45.89,42.48,45.25,1667000
01-11-2017,40.64,42.57,40,42.41,1621158
01-12-2017,41.11,41.92,40.07,40.27,1045557
01-13-2017,42.25,43.57,41.09,41.17,1457022
01-17-2017,40.17,42.81,39.873,41.94,1784687
01-18-2017,42.04,43.44,38.84,39.5,3426544
01-19-2017,41.62,42.15,40.36,41.93,1218137
01-20-2017,41.27,41.889,40.8,41.6,768940
01-23-2017,38.84,41.5673,38.77,41.27,1083543
01-24-2017,40.12,40.3,38.43,38.72,877402
01-25-2017,40.12,40.78,39.5102,40.49,806628
01-26-2017,39.86,40.25,39.35,40.23,506822
01-27-2017,40.36,41.46,40.31,41.3,1406754
01-30-2017,40.13,40.28,38.98,40.13,850322
01-31-2017,42.91,43,39.28,39.63,1399566
02-01-2017,42.55,43.23,41.15,43,1329817
02-02-2017,42.15,42.6,41.29,42.28,1026603
02-03-2017,43.31,43.35,41.66,42.5,968494
02-06-2017,43.24,43.63,42.59,43.25,725024
02-07-2017,43.6,44.66,42.93,43.41,862418
02-08-2017,43.85,44.44,42.77,43.24,745356
02-09-2017,45.36,45.37,43.51,43.89,935837
02-10-2017,44.44,45.2,43.95,44.45,1238520
02-13-2017,42.14,44.66,41.81,44.66,1146115
02-14-2017,41.53,42.589,40.57,42.1,1275170
02-15-2017,42.45,44,41.62,42.44,1030910
02-16-2017,43.15,43.629,42.39,42.6,926588
02-17-2017,44.05,44.12,42.475,42.9,617977
02-21-2017,43.9,44.47,43.64,44.18,772984
02-22-2017,42.6,44.3375,42.58,43.85,808594
02-23-2017,43.08,43.84,42.17,42.61,857461
02-24-2017,42.72,43.14,41.89,42.78,651609
02-27-2017,45.13,45.19,42.47,42.47,1058651
02-28-2017,44.16,45.15,43.99,45.09,1015141
03-01-2017,44.77,45.51,44.22,44.83,1124008
03-02-2017,44.18,45.755,43.77,44.78,968453
03-03-2017,43.92,44.89,43.67,44.18,788214
03-06-2017,43.64,44.16,43.13,43.84,883977
03-07-2017,43.49,43.95,42.625,43.17,497293
03-08-2017,44.78,45.13,43.48,43.67,848913
03-09-2017,44.86,45.57,44.51,44.93,456919
03-10-2017,46.31,46.42,44.56,45.06,829461
03-13-2017,47.13,47.2492,46.18,46.3,907674
03-14-2017,45.58,46.8,45.35,46.8,677964
03-15-2017,47.26,47.43,45.73,45.73,747815
03-16-2017,45.17,47.19,45.16,47.19,822301
03-17-2017,44.5,45.62,44.1,45.17,1091920
03-20-2017,43.89,44.66,43.554,44.49,594729
03-21-2017,41.77,45.28,41.57,44.66,1237193
03-22-2017,41.72,42.36,40.98,42.36,700629
03-23-2017,41.5,42.24,41.29,41.65,718644
03-24-2017,41.98,42.26,41.38,41.65,462606
