03-28-2016,12.62,12.88,12.43,12.78,696757
03-29-2016,13.35,13.35,12.49,12.57,954968
03-30-2016,13.57,13.7099,13.38,13.43,1036973
03-31-2016,13.75,14,13.37,13.65,1204039
04-01-2016,14.44,14.54,13.5,13.63,1564414
04-04-2016,14.26,15.01,14.24,14.49,1242966
04-05-2016,14.37,14.57,14.11,14.16,913172
04-06-2016,15.32,15.515,14.41,14.41,1605128
04-07-2016,15.15,15.85,15.035,15.22,1977491
04-08-2016,15.48,15.5901,15,15.38,1124523
04-11-2016,15.29,15.67,15.25,15.52,1431660
04-12-2016,14.85,15.4,14.532,15.2,1310776
04-13-2016,15.27,15.32,14.54,14.88,1260375
04-14-2016,15.19,15.3097,14.805,15.28,812552
04-15-2016,15.135,15.31,14.91,15.11,1069525
04-18-2016,15.75,15.87,15.08,15.15,944061
04-19-2016,15.56,15.94,15.36,15.72,931928
04-20-2016,15.37,15.81,15.3,15.6,804139
04-21-2016,15.77,15.79,15.275,15.37,907545
04-22-2016,16.22,16.34,15.68,15.77,1000948
04-25-2016,16.2,16.43,16.038,16.11,956641
04-26-2016,16.14,16.375,15.83,16.2,593134
04-27-2016,16.24,16.41,16.04,16.15,976251
04-28-2016,16.14,16.45,16.02,16.18,972000
04-29-2016,15.68,16.125,15.49,16.04,934900
05-02-2016,15.98,15.99,15.4425,15.84,915695
05-03-2016,15.59,16.14,15.48,15.85,942343
05-04-2016,14.02,15.36,13.6,15.21,2940618
05-05-2016,13.65,14.27,13.56,14.19,771571
05-06-2016,13.38,13.73,12.99,13.53,1160235
05-09-2016,13.58,13.74,13.26,13.46,827545
05-10-2016,13.71,13.73,13.41,13.65,643446
05-11-2016,13.29,13.82,13.27,13.69,549790
05-12-2016,13.09,13.49,12.87,13.37,622343
05-13-2016,13.32,13.39,13.05,13.05,536629
05-16-2016,13.91,13.99,12.815,13.41,891643
05-17-2016,13.35,13.99,13.27,13.87,988495
05-18-2016,13.65,13.84,13.23,13.3,628697
05-19-2016,13.39,13.78,13.17,13.57,638390
05-20-2016,13.84,13.96,13.275,13.5,844016
05-23-2016,14.07,14.2,13.74,13.81,843107
05-24-2016,14.54,14.59,13.89,14.21,897622
05-25-2016,14.8,14.85,14.45,14.63,1015669
05-26-2016,14.9,14.91,14.56,14.79,700321
05-27-2016,15.17,15.29,14.87,14.96,810475
05-31-2016,15.44,15.56,15.195,15.27,775509
06-01-2016,15.53,15.7,15.23,15.35,1185710
06-02-2016,15.96,15.9901,14.76,15.48,1074402
06-03-2016,15.84,15.92,15.57,15.91,907446
06-06-2016,16.25,16.3,15.5,15.83,858860
06-07-2016,16.01,16.27,16.005,16.19,670218
06-08-2016,16.01,16.255,15.67,16.09,1384293
06-09-2016,16.28,16.335,15.88,15.88,1252278
06-10-2016,15.8,16.09,15.6901,16.04,897276
06-13-2016,14.98,15.76,14.865,15.68,1111254
06-14-2016,15.05,15.05,14.75,14.92,851259
06-15-2016,15.05,15.2599,14.89,15.11,629300
06-16-2016,15.02,15.05,14.75,14.95,612897
06-17-2016,14.85,15.48,14.74,15.05,1957726
06-20-2016,15.21,15.96,14.91,15.06,840293
06-21-2016,14.98,15.49,14.89,15.28,906292
06-22-2016,15.09,15.53,14.765,14.97,602936
06-23-2016,15.54,15.55,15.1,15.19,430915
06-24-2016,14.38,15.25,14.33,14.81,1110810
06-27-2016,13.39,14.33,13.31,14.23,1167788
06-28-2016,13.76,13.93,13.535,13.58,1069733
06-29-2016,13.97,14.3,13.59,13.99,752002
06-30-2016,14.23,14.23,13.725,13.95,993946
07-01-2016,14.4,14.43,14.04,14.18,559892
07-05-2016,14.09,14.42,13.97,14.27,530082
07-06-2016,14.21,14.47,13.64,14.01,1423696
07-07-2016,14.3,14.42,14.155,14.27,980345
07-08-2016,14.92,14.94,14.335,14.37,833434
07-11-2016,15.07,15.21,14.96,15.06,708689
07-12-2016,15.69,15.8,15.07,15.23,962229
07-13-2016,15.77,15.92,15.635,15.81,1234742
07-14-2016,15.62,15.96,15.5152,15.96,1025430
07-15-2016,15.45,15.72,15.415,15.72,709355
07-18-2016,15.4,15.539,15.31,15.4,557076
07-19-2016,14.95,15.6,14.95,15.39,465933
07-20-2016,15.29,15.39,14.98,15.06,1362933
07-21-2016,15.39,15.785,15.245,15.4,886338
07-22-2016,15.2,15.465,15.17,15.38,565148
07-25-2016,15.31,15.425,15.0901,15.16,506505
07-26-2016,15.15,15.49,15.06,15.31,1065271
07-27-2016,15.17,15.31,15.01,15.17,1919109
07-28-2016,16.1,16.18,15.14,15.14,2122829
07-29-2016,17.29,17.37,16.08,16.09,2670553
08-01-2016,17.76,17.98,17.14,17.4,1977260
08-02-2016,17.18,17.8,16.91,17.71,1570530
08-03-2016,17.53,17.55,16.95,17.18,1747060
08-04-2016,17.46,18.12,17.03,17.3,1548127
08-05-2016,17.58,17.69,17.22,17.39,786431
08-08-2016,17.26,17.58,17.15,17.35,817780
08-09-2016,17.38,17.47,17.22,17.32,583799
08-10-2016,17.04,17.46,16.92,17.4,645468
08-11-2016,17.21,17.32,16.91,17.08,563272
08-12-2016,17.16,17.225,16.89,17.21,501756
08-15-2016,17.64,17.73,16.99,17.15,746773
08-16-2016,17.525,17.67,17.46,17.61,795690
08-17-2016,17.66,17.69,17.382,17.61,660585
08-18-2016,17.72,17.82,17.33,17.61,719715
08-19-2016,17.26,17.74,17.15,17.7,806133
08-22-2016,17.83,17.95,17.22,17.22,855265
08-23-2016,18.16,18.36,17.79,17.8,1243716
08-24-2016,17.58,18.6989,17.44,18.17,1037080
08-25-2016,17.34,18.01,16.9927,17.58,1038294
08-26-2016,17.43,17.6382,17.13,17.32,722816
08-29-2016,17.32,17.56,17.1,17.53,498282
08-30-2016,17.51,17.54,16.98,17.28,650573
08-31-2016,17.85,17.86,17.245,17.54,1241635
09-01-2016,18.11,18.12,17.59,17.85,1164150
09-02-2016,18.45,18.5398,17.88,18.18,994974
09-06-2016,18.93,19.14,18.46,18.5,1232669
09-07-2016,19.68,19.79,18.86,18.92,2050850
09-08-2016,19.61,19.98,19.38,19.91,882109
09-09-2016,18.655,19.48,18.65,19.48,1361905
09-12-2016,19.32,19.32,18.58,18.58,1259336
09-13-2016,18.68,19.25,18.37,19.05,1127244
09-14-2016,19.11,19.39,18.78,18.8,1671362
09-15-2016,19.25,19.35,18.88,19.06,949866
09-16-2016,19.08,19.28,18.93,19.25,1370326
09-19-2016,18.99,19.5,18.94,19.24,909805
09-20-2016,18.97,19.32,18.96,19.25,955564
09-21-2016,19.15,19.24,18.58,19.04,1307473
09-22-2016,19.52,19.6,19.1802,19.29,1283879
09-23-2016,18.75,19.5,18.58,19.5,1288238
09-26-2016,18.03,18.895,17.995,18.56,1778469
09-27-2016,17.35,18.76,15.88,18.55,6799124
09-28-2016,17.67,18.08,17.4001,17.49,2427888
09-29-2016,16.95,17.66,16.925,17.59,1855035
09-30-2016,17.18,17.42,16.76,17.06,1269349
10-03-2016,17.48,17.49,16.94,17.04,1150293
10-04-2016,16.94,17.69,16.82,17.5,886073
10-05-2016,17.06,17.38,16.88,17.05,711121
10-06-2016,17,17.22,16.801,16.92,785466
10-07-2016,16.81,17.12,16.56,17.08,1020023
10-10-2016,17.21,17.38,16.95,16.95,614674
10-11-2016,16.64,17.29,16.52,16.99,725923
10-12-2016,16.22,16.8799,16.15,16.67,707398
10-13-2016,16.08,16.36,15.92,16.04,940047
10-14-2016,15.89,16.25,15.83,16.19,891072
10-17-2016,15.67,16.02,15.65,15.88,784953
10-18-2016,14.08,16.61,14.07,16.61,3524260
10-19-2016,13.35,13.5,13.08,13.15,13154443
10-20-2016,13.75,13.79,13.17,13.25,3172582
10-21-2016,13.34,13.77,13.29,13.6,2140697
10-24-2016,13.1,13.5,13.09,13.44,1234405
10-25-2016,12.78,13.29,12.75,13.05,1569170
10-26-2016,12.61,13.01,12.55,13,1537544
10-27-2016,12.25,12.93,12.121,12.72,2112352
10-28-2016,12.01,12.23,11.88,12.23,2923229
10-31-2016,12.4,12.5299,12.01,12.07,3586286
11-01-2016,12.49,12.55,12.26,12.4,1906085
11-02-2016,12.44,12.63,12.24,12.46,1974301
11-03-2016,11.85,12.54,11.81,12.54,1710233
11-04-2016,12.3,13.23,12.2,12.2,3484213
11-07-2016,12.8,12.89,12.22,12.66,3486784
11-08-2016,13.07,13.215,12.48,12.72,1844467
11-09-2016,13.6,14.16,13.099,13.28,4007695
11-10-2016,13.68,14.44,13.61,13.78,3839761
11-11-2016,14.41,14.55,13.2,13.67,2045646
11-14-2016,14.41,14.74,14.22,14.5,1492457
11-15-2016,13.93,14.27,13.7,14.26,1402544
11-16-2016,13.91,14.2,13.66,13.87,838809
11-17-2016,13.97,14,13.69,13.89,942982
11-18-2016,13.94,14.14,13.7,13.74,1195037
11-21-2016,13.5,14.02,13.26,14.02,1241185
11-22-2016,13.11,13.58,12.97,13.58,1023291
11-23-2016,13.27,13.36,12.72,12.93,1142382
11-25-2016,13.48,13.53,13.25,13.35,386957
11-28-2016,12.75,13.48,12.73,13.36,1305476
11-29-2016,12.58,12.92,12.51,12.82,1460171
11-30-2016,12.285,12.74,12.08,12.62,1592251
12-01-2016,12.1,12.35,11.67,12.34,2181069
12-02-2016,12.37,12.6,11.9,12.1,1131702
12-05-2016,12.59,12.84,12.39,12.44,1455479
12-06-2016,12.79,12.845,12.25,12.67,945823
12-07-2016,12.33,12.73,12,12.65,1408244
12-08-2016,12.95,12.955,12.1,12.32,1474878
12-09-2016,13.28,13.4,12.981,13.06,1984026
12-12-2016,12.55,13.09,12.43,12.77,1727672
12-13-2016,12.24,12.83,12.22,12.49,1620948
12-14-2016,12.18,12.45,12.03,12.24,1051071
12-15-2016,12.585,12.65,12.15,12.2,1228494
12-16-2016,12.9,13.08,12.6,12.66,3674680
12-19-2016,12.98,13.2918,12.81,12.87,1092226
12-20-2016,12.79,13.23,12.54,12.99,979040
12-21-2016,12.34,12.88,12.33,12.75,771948
12-22-2016,12.32,12.47,12.2,12.34,750409
12-23-2016,12.88,12.89,12.3,12.3,649027
12-27-2016,12.66,13.05,12.65,12.9,738492
12-28-2016,12.18,12.69,12.06,12.63,944160
12-29-2016,12.2,12.28,12.03,12.14,836004
12-30-2016,12.27,12.48,12.2,12.28,771563
01-03-2017,12.69,12.77,12.28,12.48,835276
01-04-2017,13.16,13.189,12.58,12.7,1200114
01-05-2017,13.2,13.27,13.03,13.15,1163958
01-06-2017,13.75,13.78,13.31,13.45,1316784
01-09-2017,13.64,13.97,13.55,13.85,1146396
01-10-2017,13.51,13.94,13.22,13.78,688984
01-11-2017,13.1,13.48,12.73,13.45,928171
01-12-2017,12.82,12.98,12.53,12.97,1186456
01-13-2017,12.93,13.275,12.9,12.9,982621
01-17-2017,12.31,12.82,12.15,12.78,1251199
01-18-2017,12.51,12.51,12.07,12.38,1139976
01-19-2017,12.25,12.53,12.12,12.49,865300
01-20-2017,12.02,12.26,11.94,12.19,1536311
01-23-2017,12.14,12.18,11.75,12.05,967112
01-24-2017,12.13,12.28,11.69,12.16,950793
01-25-2017,12.41,12.43,12.18,12.22,838469
01-26-2017,12.25,12.4,12.07,12.28,875878
01-27-2017,12.37,12.49,12.2,12.27,1475563
01-30-2017,11.75,12.21,11.54,12.17,1501882
01-31-2017,12.11,12.14,11.41,11.65,1589827
02-01-2017,12.63,12.63,12.05,12.12,1405769
02-02-2017,12.39,12.535,12.16,12.45,1078457
02-03-2017,12.89,12.9,12.42,12.53,1077939
02-06-2017,13.45,13.46,12.71,12.87,1123407
02-07-2017,13.17,13.524,13.09,13.46,813342
02-08-2017,13.14,13.24,12.71,13.07,822130
02-09-2017,13.69,13.7,13.05,13.13,1120173
02-10-2017,13.29,13.96,13.13,13.37,1060205
02-13-2017,13.25,13.42,13.075,13.42,649876
02-14-2017,13.38,13.52,13.09,13.17,1136347
02-15-2017,13.7,13.72,13.3,13.32,945411
02-16-2017,12.98,13.73,12.94,13.68,1387473
02-17-2017,13.1,13.33,12.88,12.9,1457495
02-21-2017,13.41,13.42,12.98,13.13,938832
02-22-2017,13.21,13.47,13.11,13.41,980825
02-23-2017,13.2,13.48,12.86,13.2,755806
02-24-2017,13.45,13.46,13.0393,13.09,839408
02-27-2017,13.7,13.79,13.34,13.4,1620782
02-28-2017,13.08,13.77,12.97,13.77,1787370
03-01-2017,13.01,13.36,12.825,13.36,2339545
03-02-2017,14.79,15.61,12.5,12.55,6384548
03-03-2017,14.64,15.4,14.48,14.83,3095214
03-06-2017,14.38,14.76,14.37,14.58,894660
03-07-2017,14.26,14.53,13.95,14.2,1261107
03-08-2017,15.24,15.52,14.04,14.3,1914325
03-09-2017,15.32,15.48,15.13,15.27,994610
03-10-2017,15.34,15.63,14.99,15.41,1094984
03-13-2017,15.69,15.74,15.27,15.7,918395
03-14-2017,15.39,15.66,15.15,15.63,885601
03-15-2017,15.68,15.84,15.41,15.42,886599
03-16-2017,15.71,15.82,15.448,15.68,771635
03-17-2017,15.5,15.62,14.96,15.62,2452406
03-20-2017,22.11,22.32,18.51,18.78,15349747
03-21-2017,21.83,23.37,21.6,21.95,8530380
03-22-2017,22.89,23.29,21.73,21.825,5601914
03-23-2017,22.53,23.25,22.36,22.86,2832095
03-24-2017,22.42,22.85,22.16,22.51,2214352
