03-28-2016,12.85,13.5,12.74,13.2,66169
03-29-2016,12.94,13.345,12.65,12.84,125555
03-30-2016,13.36,13.59,13.18,13.3,93887
03-31-2016,14.48,14.72,13.4,13.59,237806
04-01-2016,14.13,14.48,14,14.33,109629
04-04-2016,13.81,14.75,13.71,14.24,263586
04-05-2016,13.64,14.36,13.2,14.36,204545
04-06-2016,14.16,14.41,13.76,13.76,185933
04-07-2016,14.79,14.8899,14.13,14.35,277926
04-08-2016,15.66,17,15.4,17,796655
04-11-2016,15.23,16.25,15.15,15.6,434430
04-12-2016,15.17,15.86,15.02,15.02,250021
04-13-2016,15.31,15.74,15,15.04,336840
04-14-2016,15.93,15.99,15.3,15.31,190789
04-15-2016,15.47,16,15.25,15.9,238531
04-18-2016,14.69,15.2399,14.5,15.23,349648
04-19-2016,13.65,14.9315,13.55,14.5,379927
04-20-2016,13.71,13.9966,13.45,13.72,166758
04-21-2016,13.6,13.9,13.4,13.73,133579
04-22-2016,13.74,13.8,13.55,13.63,111689
04-25-2016,14.14,14.42,13.53,14.16,261912
04-26-2016,14.19,14.37,13.72,14.28,228525
04-27-2016,13.75,14.12,13.14,14.11,267974
04-28-2016,13.17,13.85,13.13,13.83,170955
04-29-2016,12.9,13.435,12.5,13.25,273284
05-02-2016,12.81,13.16,12.38,12.85,286051
05-03-2016,12,13.265,11.99,12.62,253969
05-04-2016,11.39,12.435,11.37,12.15,310712
05-05-2016,11.34,11.5,10.88,11.47,576362
05-06-2016,12.59,12.68,11.33,11.39,373040
05-09-2016,12.92,13.15,12.33,12.55,334175
05-10-2016,12.88,13.73,11.6,12,732428
05-11-2016,12.89,13.27,12.5101,12.73,293073
05-12-2016,12.09,13.28,11.99,12.98,447158
05-13-2016,12.27,12.29,11.85,11.96,289289
05-16-2016,12.2,12.64,12,12.22,223319
05-17-2016,11.94,12.49,11.76,12.15,233401
05-18-2016,11.73,12.06,11.6055,11.85,258983
05-19-2016,11.6,11.88,11.4,11.7,168714
05-20-2016,11.6,11.755,11.38,11.56,186893
05-23-2016,11.52,12.11,11.42,11.53,283170
05-24-2016,11.39,11.59,11.25,11.48,190467
05-25-2016,11.5,11.715,11.32,11.38,201210
05-26-2016,11.3,11.49,11.2,11.48,216206
05-27-2016,11.3,11.35,11.04,11.25,154679
05-31-2016,11.13,11.71,10.9,11.67,858249
06-01-2016,10.935,11.09,10.81,10.98,342267
06-02-2016,10.99,11.0499,10.36,10.5,366907
06-03-2016,10.83,10.94,10.26,10.43,435406
06-06-2016,11.88,11.99,10.4,10.6,773910
06-07-2016,11.75,11.93,11.37,11.6,445953
06-08-2016,12.27,12.515,11.47,11.6,752353
06-09-2016,13.35,13.5,12.14,12.22,525756
06-10-2016,13.41,13.45,12.35,12.45,448189
06-13-2016,10.97,13.5,10.87,13.38,980474
06-14-2016,10.89,11.3,10.5899,11.01,659594
06-15-2016,10.76,11.0899,10.7,10.88,482969
06-16-2016,11.31,11.37,10.66,10.68,658038
06-17-2016,10.89,11.47,10.65,11.19,2249615
06-20-2016,11.67,12.08,10.9,11.15,790991
06-21-2016,11.33,11.94,11.02,11.64,365394
06-22-2016,10.87,11.27,10.8,11.27,477405
06-23-2016,10.96,11.31,10.7201,10.97,526396
06-24-2016,10.61,10.9,10.35,10.46,5244976
06-27-2016,10.28,10.52,9.87,10.4,545560
06-28-2016,11,11.09,10.3,10.5,394156
06-29-2016,11.4,11.47,10.935,11.28,289181
06-30-2016,11.67,11.78,11.3001,11.32,299782
07-01-2016,12.2,12.25,11.53,11.67,351779
07-05-2016,11.01,12.08,10.97,12,347634
07-06-2016,10.95,11.14,10.78,10.93,386212
07-07-2016,10.88,11.22,10.645,10.93,274418
07-08-2016,11.66,11.77,10.7,10.92,301163
07-11-2016,11.72,11.88,11.62,11.82,170563
07-12-2016,12.2,12.49,11.46,11.7,329135
07-13-2016,11.96,12.25,11.73,12.25,339789
07-14-2016,11.78,12.3,11.61,12.11,412701
07-15-2016,11.57,11.89,11.401,11.89,218123
07-18-2016,11.87,12.095,11.4224,11.49,580782
07-19-2016,11.57,11.9,11.32,11.87,163803
07-20-2016,11.89,11.99,11.51,11.54,291632
07-21-2016,11.95,12.09,11.84,11.91,288976
07-22-2016,12,12.045,11.78,11.87,275576
07-25-2016,11.58,12.09,11.57,12.09,186217
07-26-2016,11.61,11.91,11.34,11.91,431143
07-27-2016,11.44,11.93,11.39,11.69,299819
07-28-2016,8.09,11.27,8.08,11.25,2304521
07-29-2016,7.52,8.2999,7.3,8.26,1211302
08-01-2016,7.92,8.64,7.51,7.7,1002989
08-02-2016,7.83,8.28,7.6,7.94,397414
08-03-2016,7.71,8.04,7.7,7.76,309771
08-04-2016,7.7,7.877,7.65,7.7,202411
08-05-2016,7.76,7.829,7.7,7.74,221152
08-08-2016,7.58,7.84,7.55,7.73,372896
08-09-2016,7.79,7.849,7.5,7.5,280298
08-10-2016,7.64,7.9015,7.58,7.86,250333
08-11-2016,7.54,7.59,7.4,7.56,358244
08-12-2016,7.9,7.97,7.49,7.49,273857
08-15-2016,7.97,8.1479,7.83,7.88,288108
08-16-2016,7.78,8.02,7.71,7.99,203486
08-17-2016,7.76,7.8346,7.67,7.82,151297
08-18-2016,8.02,8.14,7.71,7.79,258691
08-19-2016,7.98,8.11,7.91,8.02,139445
08-22-2016,7.98,8.01,7.81,8.01,216074
08-23-2016,7.91,8.05,7.88,7.98,157960
08-24-2016,7.76,7.99,7.695,7.93,230371
08-25-2016,7.84,7.85,7.72,7.77,147857
08-26-2016,7.82,7.99,7.72,7.82,209272
08-29-2016,7.7,7.82,7.54,7.82,197138
08-30-2016,7.75,7.8,7.57,7.74,152615
08-31-2016,7.68,7.74,7.45,7.73,205309
09-01-2016,7.75,7.9799,7.58,7.81,450163
09-02-2016,8.05,8.09,7.74,7.84,317942
09-06-2016,8.04,8.11,7.83,8.1,237148
09-07-2016,7.96,8.1399,7.9,8.08,449166
09-08-2016,8.51,8.67,7.95,7.95,499201
09-09-2016,8.09,8.6,8.08,8.46,262938
09-12-2016,8.62,9.04,8.5,8.67,1212114
09-13-2016,8.2,8.62,8.17,8.6,454893
09-14-2016,8.075,8.33,8.07,8.2,335296
09-15-2016,8.33,8.33,8,8.1,195568
09-16-2016,8.76,8.8592,8.3401,8.35,496811
09-19-2016,8.87,8.95,8.55,8.81,263802
09-20-2016,8.76,8.9,8.64,8.9,114202
09-21-2016,8.81,8.939,8.55,8.76,129333
09-22-2016,9.22,9.29,8.84,8.84,310539
09-23-2016,9.13,9.35,9.05,9.23,155075
09-26-2016,8.75,9.18,8.68,9.1,173683
09-27-2016,8.92,8.94,8.63,8.71,198764
09-28-2016,9.01,9.08,8.78,8.91,164256
09-29-2016,8.53,9.12,8.51,9.03,223954
09-30-2016,8.54,8.71,8.41,8.61,298426
10-03-2016,8.61,8.61,8.32,8.51,128414
10-04-2016,8.31,8.7582,8.27,8.64,199294
10-05-2016,8.76,8.88,8.27,8.33,224457
10-06-2016,8.66,8.93,8.61,8.72,115937
10-07-2016,8.4,8.64,8.32,8.64,149475
10-10-2016,8.5,8.66,8.39,8.45,153230
10-11-2016,8.25,8.55,8.18,8.46,158569
10-12-2016,8.02,8.3974,8.01,8.29,185531
10-13-2016,7.64,8.11,7.6,7.98,248226
10-14-2016,7.33,7.72,7.17,7.69,388833
10-17-2016,7.32,7.5528,7.07,7.35,191850
10-18-2016,7.08,7.66,7.03,7.35,344678
10-19-2016,6.92,7.1,6.82,7.02,300208
10-20-2016,6.93,7,6.79,6.93,202033
10-21-2016,6.84,6.97,6.79,6.85,183368
10-24-2016,6.93,6.99,6.8,6.83,160887
10-25-2016,6.62,6.96,6.55,6.91,237982
10-26-2016,6.39,6.7,6.37,6.54,207243
10-27-2016,6.19,6.56,6.17,6.44,186794
10-28-2016,6.12,6.52,6.08,6.19,266754
10-31-2016,6.05,6.25,5.95,6.05,273861
11-01-2016,5.95,6.25,5.95,6.15,449074
11-02-2016,7.25,7.6,6.4,6.85,1378140
11-03-2016,6.75,7.7,6.75,7.7,507507
11-04-2016,6.65,7,6.5,6.75,363901
11-07-2016,7.25,7.35,6.75,6.9,505618
11-08-2016,7.15,7.4,6.85,7.35,347442
11-09-2016,8.45,8.45,6.9,7,541063
11-10-2016,8.65,8.7,8.15,8.45,563288
11-11-2016,8.95,9.05,8.5,8.6,447330
11-14-2016,9,9.212,8.65,9.15,294470
11-15-2016,9.05,9.1,8.575,9,345904
11-16-2016,9.25,9.45,8.95,9.05,352891
11-17-2016,9.35,9.5,9.15,9.3,399898
11-18-2016,9.95,10,9.6,9.7,615055
11-21-2016,9.75,10.29,9.6,10.1,509618
11-22-2016,9.3,9.75,9.055,9.75,459978
11-23-2016,9.05,9.15,8.75,9.15,444482
11-25-2016,8.8,8.8,8.25,8.5,485192
11-28-2016,8.35,8.85,8.3,8.7,255523
11-29-2016,7.85,8.4,7.8,8.4,414463
11-30-2016,7.75,7.975,7.75,7.9,467150
12-01-2016,7.45,7.9,7,7.75,723253
12-02-2016,8,8.2,7.21,7.45,348765
12-05-2016,8.3,8.45,8.05,8.1,294648
12-06-2016,8.35,8.4,7.9,8.4,303441
12-07-2016,8.35,8.475,7.85,8.2,334791
12-08-2016,8.75,8.85,7.95,8.35,412547
12-09-2016,9.05,9.2,8.65,8.8,465783
12-12-2016,8.95,9.5,8.75,8.85,688425
12-13-2016,9,9.467,8.6,9.1,585709
12-14-2016,9.15,9.15,8.6,8.95,555018
12-15-2016,9.05,9.4,8.95,9.15,482431
12-16-2016,8.55,9.15,8.4,9.1,3744193
12-19-2016,8.8,9.05,8.55,8.7,356939
12-20-2016,8.7,8.95,8.5,8.8,350878
12-21-2016,8.25,8.8,8.05,8.65,349624
12-22-2016,8.15,8.25,8,8.15,158541
12-23-2016,8,8.5,7.85,8.1,264800
12-27-2016,8.1,8.325,7.8,7.85,245415
12-28-2016,7.9,8.2,7.8,8.05,269957
12-29-2016,7.65,7.95,7.55,7.85,245055
12-30-2016,7.85,7.95,7.6,7.65,221060
01-03-2017,7.85,8.25,7.7,7.95,307936
01-04-2017,8.15,8.3,7.65,7.9,328226
01-05-2017,8,8.2,7.8,8.2,190145
01-06-2017,8,8.2,7.9,8.05,101210
01-09-2017,8,8.15,7.9,8,111782
01-10-2017,8.15,8.15,8,8,138137
01-11-2017,7.4,8,7.3,7.95,548032
01-12-2017,7.1,7.375,7.025,7.35,281874
01-13-2017,7.1,7.25,6.95,7.1,319827
01-17-2017,6.6,7.05,6.6,7.05,442933
01-18-2017,6.45,6.675,6.25,6.65,427742
01-19-2017,6.7,7.05,6.55,7.05,541351
01-20-2017,6.7,6.85,6.65,6.8,241137
01-23-2017,6.4,6.8,6.35,6.7,316200
01-24-2017,6.35,6.45,6.2,6.45,335272
01-25-2017,6.45,6.55,6.35,6.35,305757
01-26-2017,6.25,6.5,6.25,6.5,299202
01-27-2017,6.25,6.35,6.14,6.25,274293
01-30-2017,6.1,6.25,6,6.25,168934
01-31-2017,6.35,6.4,6,6.1,251787
02-01-2017,6.8,7,6.3,6.4,406380
02-02-2017,6.85,6.95,6.65,6.8,206292
02-03-2017,7.05,7.05,6.785,6.9,213461
02-06-2017,7.05,7.1,6.95,7,173909
02-07-2017,6.8,7.1,6.675,7.05,229136
02-08-2017,6.7,6.9,6.6,6.75,184119
02-09-2017,7.1,7.1,6.7,6.7,203634
02-10-2017,7.1,7.2,7,7.1,159539
02-13-2017,7.35,7.35,7.05,7.15,245387
02-14-2017,7.45,7.5,7,7.35,257312
02-15-2017,7.45,7.5764,7.3,7.4,192880
02-16-2017,7.6,7.7,7.45,7.5,215632
02-17-2017,7.7,7.8,7.55,7.6,183651
02-21-2017,7.3,7.7,7.2,7.7,225655
02-22-2017,7.15,7.3,7,7.3,223296
02-23-2017,7.1,7.6,6.8,7.6,483994
02-24-2017,6.9,7.14,6.8,7.1,255026
02-27-2017,7.5,7.5,6.8,6.85,310572
02-28-2017,7.6,7.65,7.3,7.45,259430
03-01-2017,8,8,7.65,7.7,458150
03-02-2017,8.1,8.2,7.9,8.05,368327
03-03-2017,7.7,8.1,7.5,8.1,351684
03-06-2017,7.55,7.8,7.5,7.6,273747
03-07-2017,7.3,7.65,7.2,7.6,260806
03-08-2017,7,7.375,6.9,7.35,293169
03-09-2017,6.9,7.1,6.85,6.95,219852
03-10-2017,7,7.125,6.75,6.95,351455
03-13-2017,7,7.1,6.85,6.95,225416
03-14-2017,7,7.1,6.75,6.95,366724
03-15-2017,7.25,7.35,6.9,7.05,292502
03-16-2017,7.15,7.35,7.05,7.3,328507
03-17-2017,7.55,7.6,7.25,7.3,720578
03-20-2017,7.4,7.6,7.375,7.6,274560
03-21-2017,7,7.475,6.95,7.45,400817
03-22-2017,6.9,7.11,6.85,6.95,239571
03-23-2017,6.9,7.15,6.825,6.9,211551
03-24-2017,7.05,7.1,6.9,6.95,132438
