03-28-2016,2.95,2.99,2.8119,2.8119,36388
03-29-2016,3.09,3.13,2.86,2.96,48211
03-30-2016,2.98,3.14,2.91,3.09,15941
03-31-2016,2.94,2.99,2.832,2.95,25208
04-01-2016,3.07,3.089,2.9,2.95,74959
04-04-2016,3.04,3.08,2.81,3.08,18818
04-05-2016,2.95,3.06,2.86,2.88,8838
04-06-2016,2.92,3.066,2.885,3,26944
04-07-2016,2.93,3.0399,2.87,2.88,23888
04-08-2016,2.85,2.99,2.8,2.87,78517
04-11-2016,2.76,3.0099,2.75,2.89,89045
04-12-2016,2.73,2.9,2.62,2.76,19309
04-13-2016,2.89,2.94,2.7,2.77,13101
04-14-2016,2.88,2.93,2.7201,2.92,11394
04-15-2016,2.82,2.92,2.756,2.8,18214
04-18-2016,2.96,3.05,2.8529,2.9,39110
04-19-2016,3,3,2.93,3,17694
04-20-2016,2.9,3.09,2.835,3.05,26193
04-21-2016,3.09,3.27,2.8739,2.9288,257470
04-22-2016,3.03,3.2699,2.98,3.2699,18789
04-25-2016,2.99,3.19,2.95,2.99,5816
04-26-2016,2.95,3.05,2.89,2.94,43378
04-27-2016,3.02,3.05,2.87,3.05,3734
04-28-2016,3.04,3.05,2.9101,2.9994,4837
04-29-2016,2.92,3.03,2.88,2.88,7384
05-02-2016,2.93,3.05,2.87,2.894,461237
05-03-2016,3.06,3.14,2.91,2.91,9733
05-04-2016,2.92,3.18,2.84,3.04,11933
05-05-2016,2.94,2.98,2.8955,2.8955,1092
05-06-2016,2.905,2.97,2.76,2.85,11768
05-09-2016,2.91,2.95,2.75,2.91,12172
05-10-2016,2.92,2.99,2.83,2.943,26992
05-11-2016,2.93,2.98,2.85,2.88,4357
05-12-2016,2.78,2.975,2.76,2.87,25569
05-13-2016,2.72,2.86,2.69,2.8,4256
05-16-2016,2.74,2.875,2.732,2.87,3218
05-17-2016,2.6,2.69,2.5,2.51,536407
05-18-2016,2.6,2.78,2.5501,2.78,20939
05-19-2016,2.6,2.74,2.58,2.58,8033
05-20-2016,2.55,2.7,2.55,2.6,15359
05-23-2016,2.55,2.65,2.52,2.56,28795
05-24-2016,2.6,2.6,2.54,2.58,12240
05-25-2016,2.53,2.68,2.52,2.62,19275
05-26-2016,2.43,2.6,2.42,2.53,13909
05-27-2016,2.46,2.6,2.42,2.43,20813
05-31-2016,2.54,2.58,2.45,2.5,39496
06-01-2016,2.45,2.52,2.395,2.5,29577
06-02-2016,2.43,2.56,2.38,2.52,76301
06-03-2016,2.5,2.54,2.41,2.41,59465
06-06-2016,2.61,2.68,2.44,2.56,94302
06-07-2016,2.7,2.73,2.56,2.7,31671
06-08-2016,2.62,2.76,2.56,2.76,65577
06-09-2016,2.59,2.74,2.58,2.63,27808
06-10-2016,2.425,2.63,2.425,2.63,20164
06-13-2016,2.44,2.7,2.4097,2.44,70136
06-14-2016,2.26,2.44,2.09,2.35,34419
06-15-2016,2.22,2.37,2.16,2.34,21729
06-16-2016,2.21,2.3499,2.15,2.21,135267
06-17-2016,2.09,2.29,2.06,2.29,28595
06-20-2016,2.1,2.25,2.06,2.2,11235
06-21-2016,2.09,2.15,2.03,2.1,16461
06-22-2016,2.01,2.25,1.86,2.2,112369
06-23-2016,1.98,2.1189,1.98,2.03,29288
06-24-2016,2.04,2.04,1.9196,1.94,35021
06-27-2016,1.86,2.04,1.8,2.04,54306
06-28-2016,1.85,2,1.77,1.9001,55078
06-29-2016,1.93,1.98,1.777,1.94,53759
06-30-2016,1.9,2.13,1.759,1.98,67368
07-01-2016,2.02,2.2,1.84,1.88,42292
07-05-2016,2.05,2.26,1.98,1.98,36648
07-06-2016,2.05,2.18,2.02,2.1,28877
07-07-2016,2.53,2.5599,2.0801,2.09,99364
07-08-2016,2.61,2.71,2.52,2.53,103420
07-11-2016,2.61,2.74,2.6,2.74,34969
07-12-2016,2.69,2.7,2.1513,2.57,36898
07-13-2016,2.915,2.99,2.6101,2.6101,47375
07-14-2016,2.87,2.9653,2.745,2.9653,55819
07-15-2016,2.79,2.92,2.775,2.807,10899
07-18-2016,2.8,2.8288,2.381,2.7538,8245
07-19-2016,2.7501,2.86,2.591,2.673,3679
07-20-2016,2.8,2.8,2.7001,2.7001,3599
07-21-2016,2.81,2.81,2.7439,2.8,8745
07-22-2016,2.81,2.83,2.8,2.8,3303
07-25-2016,2.77,2.77,2.7296,2.73,639
07-26-2016,2.6011,2.624,2.49,2.53,24976
07-27-2016,2.59,2.64,2.5701,2.63,7106
07-28-2016,2.65,2.749,2.5676,2.5676,6237
07-29-2016,2.6,2.65,2.576,2.599,10587
08-01-2016,2.5713,2.639,2.5201,2.5813,9306
08-02-2016,2.55,2.65,2.55,2.64,4696
08-03-2016,2.635,2.65,2.6,2.63,24195
08-04-2016,2.56,2.65,2.5217,2.533,8973
08-05-2016,2.4057,2.6524,2.15,2.63,885540
08-08-2016,2.45,2.54,2.32,2.45,29183
08-09-2016,2.485,2.54,2.44,2.45,16268
08-10-2016,2.49,2.52,2.42,2.4699,287596
08-11-2016,2.5,2.51,2.46,2.48,24904
08-12-2016,2.5,2.5,2.38,2.3999,21305
08-15-2016,2.46,2.51,2.46,2.4899,5069
08-16-2016,2.44,2.53,2.41,2.4599,20439
08-17-2016,2.49,2.5,2.44,2.5,194424
08-18-2016,2.49,2.5,2.4,2.46,11367
08-19-2016,2.45,2.5,2.4493,2.49,6904
08-22-2016,2.4,2.76,2.3472,2.42,1168543
08-23-2016,2.4,2.4,2.35,2.39,19323
08-24-2016,2.25,2.41,2.24,2.38,35895
08-25-2016,2.29,2.35,2.19,2.26,5995
08-26-2016,2.31,2.3611,2.28,2.3611,13618
08-29-2016,2.37,2.37,2.27,2.27,16115
08-30-2016,2.38,2.3899,2.33,2.3701,14526
08-31-2016,2.12,2.39,2.04,2.3387,664121
09-01-2016,2.05,2.1717,1.9601,2.12,821137
09-02-2016,2.28,2.42,2.025,2.08,60385
09-06-2016,2.29,2.3532,2.22,2.26,28493
09-07-2016,2.35,2.5,2.29,2.31,47198
09-08-2016,2.3,2.43,2.27,2.42,4460
09-09-2016,2.24,2.3,2.17,2.3,14137
09-12-2016,2.34,2.46,2.21,2.21,60319
09-13-2016,2.49,2.67,2.3,2.35,93919
09-14-2016,2.42,2.59,2.33,2.4831,426576
09-15-2016,2.3705,2.49,2.34,2.4,25228
09-16-2016,2.75,2.8958,2.21,2.2838,209608
09-19-2016,2.48,2.78,2.4601,2.76,192502
09-20-2016,2.36,2.8891,2.3,2.47,547998
09-21-2016,2.4,2.45,2.33,2.4,139732
09-22-2016,2.62,2.91,2.6,2.75,1929537
09-23-2016,2.64,2.769,2.5201,2.62,794632
09-26-2016,2.6,2.74,2.44,2.66,276874
09-27-2016,2.6,2.69,2.56,2.6,377529
09-28-2016,2.74,2.74,2.521,2.6,165401
09-29-2016,2.61,2.739,2.55,2.7,145089
09-30-2016,2.64,2.66,2.58,2.62,65265
10-03-2016,2.69,2.7889,2.6272,2.64,107911
10-04-2016,2.92,3.15,2.59,2.712,1789303
10-05-2016,2.8886,3.07,2.76,2.92,228303
10-06-2016,2.85,2.9,2.48,2.9,295854
10-07-2016,2.85,2.91,2.755,2.85,93777
10-10-2016,2.93,2.9999,2.8024,2.85,143661
10-11-2016,2.83,2.97,2.77,2.93,78311
10-12-2016,2.79,2.86,2.716,2.85,77244
10-13-2016,2.62,2.756,2.62,2.75,204707
10-14-2016,2.41,2.64,2.38,2.64,359420
10-17-2016,2.45,2.55,2.25,2.45,77395
10-18-2016,2.55,2.55,2.4,2.5,44562
10-19-2016,2.45,2.55,2.4,2.55,49560
10-20-2016,2.5,2.65,2.35,2.35,344701
10-21-2016,2.5,2.55,2.4,2.5,100142
10-24-2016,2.6,2.6,2.5,2.5,86244
10-25-2016,2.5,2.6,2.3,2.6,995159
10-26-2016,2.425,2.5,2.35,2.45,138973
10-27-2016,2.05,2.425,2.05,2.4,181559
10-28-2016,2.25,2.35,2.05,2.05,146548
10-31-2016,2.3,2.45,2.1,2.25,98147
11-01-2016,2.05,2.3,2.05,2.3,173237
11-02-2016,2.05,2.105,2.05,2.05,32984
11-03-2016,2.05,2.15,1.9,2.05,302002
11-04-2016,2.1,2.3416,2.05,2.25,257518
11-07-2016,2.1,2.22,2.05,2.15,33680
11-08-2016,2.15,2.15,1.95,2.1,532769
11-09-2016,2.3,2.4,2.1,2.2,282254
11-10-2016,2.45,2.45,2.3,2.35,219120
11-11-2016,2.45,2.6,2.3,2.45,592114
11-14-2016,2.45,2.5,2.35,2.45,565110
11-15-2016,2.4,2.595,2.35,2.45,548708
11-16-2016,2.35,2.5,2.305,2.4,35524
11-17-2016,2.3,2.4,2.3,2.35,63873
11-18-2016,2.1,2.325,2.1,2.3,98543
11-21-2016,2.125,2.2,2.05,2.15,113402
11-22-2016,2.1,2.15,2.05,2.15,165641
11-23-2016,2.2,2.25,2.05,2.1,358220
11-25-2016,2.2,2.25,1.95,2.25,966455
11-28-2016,2.15,2.2,2.05,2.15,51694
11-29-2016,2.2,2.2,2.05,2.15,73458
11-30-2016,2.15,2.2,2.1385,2.2,47774
12-01-2016,2.15,2.2,2.15,2.15,21358
12-02-2016,2.2,2.2,2.155,2.2,31092
12-05-2016,2.25,2.3775,2.2,2.2,120263
12-06-2016,2.35,2.5,2.26,2.3,71392
12-07-2016,2.1,2.45,2.1,2.4,428260
12-08-2016,2.25,2.45,2.2,2.45,110363
12-09-2016,2.2,2.3255,2.15,2.3,210408
12-12-2016,2.15,2.2,2.1,2.2,68431
12-13-2016,2.3,2.3,2.1,2.15,1209391
12-14-2016,2.15,2.3,2.1,2.3,171058
12-15-2016,2.15,2.25,2.15,2.2,19390
12-16-2016,2.25,2.3,2.1,2.2,299598
12-19-2016,2.3,2.4,2.25,2.3,134366
12-20-2016,2.2,2.35,2.05,2.3,664264
12-21-2016,2.15,2.2,2.1,2.2,51068
12-22-2016,2.15,2.2,2.1,2.2,74927
12-23-2016,2.15,2.15,2.1,2.15,55007
12-27-2016,2.2,2.45,2.1,2.15,1547557
12-28-2016,2.35,2.95,2.35,2.75,2607199
12-29-2016,2.15,2.55,2.15,2.35,563674
12-30-2016,2.1,2.3,2.05,2.15,415691
01-03-2017,2.05,2.2,2,2.1,412344
01-04-2017,2.2,2.25,2,2.05,314966
01-05-2017,2.05,2.35,2.05,2.25,383930
01-06-2017,2.15,2.315,2.075,2.1,516922
01-09-2017,2.2,2.3,2.05,2.15,955339
01-10-2017,2.2,2.25,2.15,2.15,126126
01-11-2017,2.2,2.3,2.15,2.25,227401
01-12-2017,2.2,2.25,2.1,2.175,119937
01-13-2017,2.25,2.3,2.15,2.2,314371
01-17-2017,2.2,2.2,2.15,2.2,109292
01-18-2017,2.15,2.245,2.15,2.2,110501
01-19-2017,2.15,2.2,2.1,2.2,293283
01-20-2017,2.1,2.15,2.075,2.15,114089
01-23-2017,2.05,2.15,2.05,2.15,104228
01-24-2017,2.1,2.1,2.05,2.05,79365
01-25-2017,2.05,2.1,2,2.1,168983
01-26-2017,1.95,2.05,1.95,2,179419
01-27-2017,2.05,2.05,1.95,2,182563
01-30-2017,0.6,0.95,0.55,0.9,5109717
01-31-2017,0.57,0.65,0.551,0.65,1824675
02-01-2017,0.5889,0.6,0.57,0.6,669415
02-02-2017,0.6,0.64,0.57,0.58,955886
02-03-2017,0.594,0.6197,0.585,0.6,492133
02-06-2017,0.5822,0.61,0.5606,0.59,482548
02-07-2017,0.55,0.6998,0.52,0.57,2879446
02-08-2017,0.729,0.95,0.561,0.5905,29299323
02-09-2017,0.66,0.79,0.6406,0.65,6174457
02-10-2017,0.645,0.68,0.6013,0.66,1999670
02-13-2017,0.67,0.69,0.62,0.69,1529719
02-14-2017,0.647,0.6499,0.62,0.625,995389
02-15-2017,0.64,0.665,0.61,0.65,862429
02-16-2017,0.645,0.645,0.6158,0.62,740668
02-17-2017,0.645,0.645,0.615,0.645,706214
02-21-2017,0.66,0.661,0.61,0.6116,1147916
02-22-2017,0.64,0.66,0.6201,0.66,885770
02-23-2017,0.6,0.6293,0.58,0.62,1222285
02-24-2017,0.6285,0.6285,0.5812,0.5845,674030
02-27-2017,0.6157,0.6279,0.5908,0.6,262024
02-28-2017,0.66,0.66,0.58,0.6,618643
03-01-2017,0.61,0.65,0.5953,0.6,894680
03-02-2017,0.6,0.64,0.5999,0.6052,511625
03-03-2017,0.61,0.63,0.5812,0.6,401261
03-06-2017,0.6013,0.65,0.5913,0.65,361177
03-07-2017,0.595,0.61,0.58,0.59,333887
03-08-2017,1.1,1.15,0.77,0.82,30767436
03-09-2017,1.89,1.94,1.24,1.36,49735345
03-10-2017,1.4,1.69,1.37,1.66,12957017
03-13-2017,1.47,1.51,1.41,1.47,4878631
03-14-2017,1.36,1.5,1.31,1.45,2485905
03-15-2017,1.5,1.5,1.34,1.36,3167645
03-16-2017,1.55,1.65,1.46,1.6,3073407
03-17-2017,1.43,1.54,1.43,1.54,1218180
03-20-2017,1.37,1.49,1.32,1.49,1405478
03-21-2017,1.26,1.41,1.25,1.34,1358604
03-22-2017,1.2,1.2653,1.14,1.23,1226719
03-23-2017,1.25,1.3,1.16,1.16,1056030
03-24-2017,1.25,1.34,1.21,1.21,1102460
