03-28-2016,0.721,0.8099,0.7201,0.79,92438
03-29-2016,0.72,0.82,0.72,0.81,53147
03-30-2016,0.73,0.75,0.71,0.74,38041
03-31-2016,0.6835,0.75,0.68,0.7363,184773
04-01-2016,0.73,0.778,0.68,0.69,72022
04-04-2016,0.7689,0.79,0.73,0.76,61549
04-05-2016,0.7521,0.7742,0.72,0.77,45231
04-06-2016,0.73,0.7796,0.71,0.72,88769
04-07-2016,0.7304,0.7601,0.72,0.76,82457
04-08-2016,0.72,0.7699,0.69,0.74,123287
04-11-2016,0.72,0.7504,0.72,0.7389,56376
04-12-2016,0.75,0.8,0.72,0.72,85449
04-13-2016,0.78,0.8174,0.7302,0.77,223449
04-14-2016,0.827,0.83,0.78,0.81,135911
04-15-2016,0.84,0.8747,0.8,0.83,104015
04-18-2016,0.8147,0.85,0.81,0.815,62596
04-19-2016,0.7786,0.8199,0.77,0.81,87913
04-20-2016,0.7419,0.8366,0.71,0.79,131234
04-21-2016,0.78,0.8,0.73,0.754,130391
04-22-2016,0.86,0.88,0.75,0.79,244166
04-25-2016,1.08,1.18,0.85,0.85,2494101
04-26-2016,1.32,1.4199,1.13,1.18,12503804
04-27-2016,1.11,1.37,1.09,1.32,3052206
04-28-2016,1,1.12,0.95,1.12,1422337
04-29-2016,0.975,1.05,0.97,1,526613
05-02-2016,0.9101,0.975,0.9101,0.96,294040
05-03-2016,1.02,1.0999,0.9025,0.92,1187177
05-04-2016,1.04,1.14,0.97,1,1105023
05-05-2016,0.97,1.0748,0.963,1.07,430107
05-06-2016,0.95,0.998,0.86,0.96,638742
05-09-2016,0.91,0.9501,0.88,0.95,136362
05-10-2016,0.9199,0.94,0.87,0.94,174305
05-11-2016,0.85,0.9157,0.85,0.9,176496
05-12-2016,0.83,0.89,0.79,0.876,273452
05-13-2016,0.8444,0.8715,0.8,0.82,182581
05-16-2016,0.89,0.94,0.8271,0.8444,197081
05-17-2016,0.92,0.94,0.87,0.9,186586
05-18-2016,0.995,1.04,0.9,0.9,549369
05-19-2016,0.9,1.05,0.89,0.995,348174
05-20-2016,0.89,0.92,0.89,0.9,147286
05-23-2016,0.9001,1.01,0.89,0.9,307881
05-24-2016,0.97,0.97,0.91,0.93,165854
05-25-2016,1.02,1.05,0.93,1,781667
05-26-2016,1,1.07,0.95,1.03,441717
05-27-2016,0.97,1.01,0.92,0.98,186811
05-31-2016,1,1.03,0.932,0.98,158011
06-01-2016,1.0499,1.05,0.9634,1.03,242735
06-02-2016,1.17,1.22,1.04,1.04,1711604
06-03-2016,1.2,1.32,1.16,1.25,1751796
06-06-2016,1.19,1.27,1.07,1.23,703072
06-07-2016,1.12,1.19,1.09,1.17,274664
06-08-2016,1.1,1.1399,1.08,1.11,257866
06-09-2016,1.01,1.1,1,1.1,485978
06-10-2016,1.08,1.14,1,1,609618
06-13-2016,1.04,1.0699,1.01,1.05,267820
06-14-2016,1.08,1.17,1.01,1.02,326801
06-15-2016,1.05,1.1,1.02,1.09,244539
06-16-2016,1.02,1.07,1.01,1.03,219254
06-17-2016,1.08,1.08,1.01,1.02,506990
06-20-2016,1.06,1.14,1.02,1.14,277734
06-21-2016,1.02,1.06,1.01,1.06,173139
06-22-2016,1.03,1.05,1.01,1.0183,89083
06-23-2016,1.02,1.05,1.02,1.05,71809
06-24-2016,0.93,1.02,0.93,1,450023
06-27-2016,0.95,0.98,0.911,0.93,210484
06-28-2016,0.997,1,0.9597,0.9918,59804
06-29-2016,1.04,1.06,1,1.01,223205
06-30-2016,1,1.05,1,1.05,83881
07-01-2016,1.02,1.03,0.99,1.03,175145
07-05-2016,1.01,1.03,1,1.03,83206
07-06-2016,1.02,1.03,0.99,1.02,96687
07-07-2016,1,1.03,1,1.01,76527
07-08-2016,1.02,1.03,0.994,1.02,105900
07-11-2016,0.96,1.03,0.95,1.01,175501
07-12-2016,0.9913,1.0199,0.95,0.95,91430
07-13-2016,0.9878,0.9913,0.96,0.9913,82241
07-14-2016,0.952,0.9867,0.91,0.97,138423
07-15-2016,0.95,0.97,0.9232,0.97,59754
07-18-2016,0.97,0.98,0.91,0.98,136497
07-19-2016,0.93,0.977,0.92,0.93,45281
07-20-2016,0.96,0.96,0.91,0.94,46524
07-21-2016,0.92,0.96,0.91,0.96,88837
07-22-2016,0.9,0.9489,0.9,0.948,84215
07-25-2016,0.838,0.9284,0.8301,0.9,191430
07-26-2016,0.87,0.9039,0.84,0.84,82173
07-27-2016,0.86,0.88,0.843,0.88,93876
07-28-2016,0.921,0.95,0.86,0.88,131454
07-29-2016,0.89,0.95,0.89,0.95,171714
08-01-2016,0.97,0.99,0.89,0.9,71312
08-02-2016,0.9,0.98,0.8675,0.94,61642
08-03-2016,0.9367,0.95,0.87,0.87,24936
08-04-2016,0.88,0.98,0.84,0.91,158421
08-05-2016,0.9,0.915,0.85,0.88,109165
08-08-2016,0.89,0.9341,0.8601,0.9,115319
08-09-2016,0.889,0.97,0.8403,0.88,103311
08-10-2016,0.88,0.9135,0.85,0.862,97533
08-11-2016,0.8771,0.9051,0.86,0.862,45629
08-12-2016,0.87,0.91,0.8642,0.8766,127588
08-15-2016,0.8986,0.9351,0.85,0.85,164157
08-16-2016,0.5295,0.58,0.4601,0.5693,4424154
08-17-2016,0.52,0.5265,0.4803,0.5,1091017
08-18-2016,0.5509,0.62,0.504,0.504,803184
08-19-2016,0.575,0.579,0.5435,0.548,262126
08-22-2016,0.5801,0.59,0.5505,0.58,176481
08-23-2016,0.602,0.63,0.58,0.58,456906
08-24-2016,0.6007,0.6266,0.59,0.61,235887
08-25-2016,0.5801,0.63,0.58,0.61,172541
08-26-2016,0.575,0.6194,0.52,0.58,309743
08-29-2016,0.5501,0.58,0.54,0.558,119966
08-30-2016,0.57,0.5938,0.5401,0.55,168933
08-31-2016,0.54,0.5731,0.54,0.56,278867
09-01-2016,0.5499,0.57,0.522,0.54,84744
09-02-2016,0.53,0.548,0.5,0.53,223894
09-06-2016,0.5101,0.55,0.5002,0.53,216678
09-07-2016,0.5141,0.545,0.5101,0.52,242787
09-08-2016,0.54,0.55,0.5111,0.5111,153844
09-09-2016,0.5291,0.546,0.5111,0.5163,71635
09-12-2016,0.519,0.528,0.508,0.5111,285768
09-13-2016,0.516,0.52,0.4964,0.52,151052
09-14-2016,0.516,0.52,0.5,0.5,150816
09-15-2016,0.515,0.54,0.5008,0.51,401005
09-16-2016,0.509,0.535,0.5026,0.5026,237560
09-19-2016,0.519,0.52,0.49,0.509,152494
09-20-2016,0.5089,0.5189,0.4915,0.5,146519
09-21-2016,0.5,0.51,0.5,0.5,226531
09-22-2016,0.49,0.51,0.48,0.51,202817
09-23-2016,0.508,0.51,0.4901,0.5,85505
09-26-2016,0.49,0.51,0.4851,0.49,62950
09-27-2016,0.5079,0.5084,0.49,0.4949,86298
09-28-2016,0.4901,0.5004,0.49,0.5004,88880
09-29-2016,0.47,0.505,0.46,0.5,174434
09-30-2016,0.507,0.5076,0.46,0.46,217100
10-03-2016,0.47,0.508,0.432,0.508,368335
10-04-2016,0.44,0.462,0.44,0.45,104898
10-05-2016,0.46,0.46,0.44,0.45,142152
10-06-2016,0.428,0.4749,0.41,0.45,500880
10-07-2016,0.44,0.44,0.41,0.415,246629
10-10-2016,0.42,0.4599,0.42,0.45,126589
10-11-2016,0.433,0.45,0.41,0.4105,220358
10-12-2016,0.448,0.4678,0.4212,0.435,175195
10-13-2016,0.4,0.4468,0.38,0.3984,636860
10-14-2016,0.41,0.418,0.38,0.41,129529
10-17-2016,0.371,0.4,0.36,0.4,371372
10-18-2016,0.3495,0.38,0.342,0.3605,484217
10-19-2016,0.3505,0.386,0.331,0.331,385943
10-20-2016,0.375,0.38,0.3413,0.37,182824
10-21-2016,0.405,0.405,0.37,0.377,446153
10-24-2016,0.3701,0.405,0.3701,0.405,160075
10-25-2016,0.3705,0.4,0.3705,0.3705,147311
10-26-2016,0.55,0.702,0.5,0.537,13169243
10-27-2016,0.4599,0.53,0.451,0.53,1685499
10-28-2016,0.4299,0.47,0.42,0.4611,622322
10-31-2016,0.42,0.462,0.4036,0.44,264665
11-01-2016,0.3892,0.44,0.38,0.4283,330486
11-02-2016,0.3701,0.4175,0.36,0.38,303970
11-03-2016,0.3662,0.39,0.3504,0.377,113366
11-04-2016,0.39,0.43,0.351,0.3601,316812
11-07-2016,0.3999,0.44,0.38,0.4,149173
11-08-2016,0.42,0.42,0.3652,0.4,149839
11-09-2016,0.393,0.41,0.3607,0.4,54518
11-10-2016,0.4191,0.4191,0.38,0.4126,158167
11-11-2016,0.4,0.4389,0.3815,0.4389,115515
11-14-2016,0.429,0.4351,0.4024,0.4024,150370
11-15-2016,0.43,0.4389,0.4212,0.43,176843
11-16-2016,0.452,0.47,0.4,0.43,830440
11-17-2016,0.445,0.4637,0.4411,0.451,229458
11-18-2016,0.4893,0.49,0.46,0.49,383781
11-21-2016,0.47,0.49,0.46,0.49,352320
11-22-2016,0.455,0.47,0.45,0.47,119635
11-23-2016,0.46,0.49,0.45,0.49,48086
11-25-2016,0.49,0.49,0.455,0.455,203782
11-28-2016,0.606,0.62,0.4899,0.49,1891570
11-29-2016,0.5075,0.6042,0.493,0.601,992481
11-30-2016,0.461,0.53,0.46,0.5,487408
12-01-2016,0.4448,0.46,0.43,0.44,213218
12-02-2016,0.45,0.4884,0.43,0.46,174976
12-05-2016,0.4669,0.488,0.4499,0.46,216209
12-06-2016,0.458,0.498,0.451,0.451,325424
12-07-2016,0.4507,0.4689,0.411,0.4613,323855
12-08-2016,0.464,0.4845,0.4401,0.46,549728
12-09-2016,0.51,0.5688,0.4531,0.469,1171536
12-12-2016,0.508,0.54,0.48,0.499,364261
12-13-2016,0.5299,0.5306,0.4993,0.51,332985
12-14-2016,0.5226,0.5974,0.5102,0.52,963613
12-15-2016,0.5012,0.5499,0.5012,0.5271,527448
12-16-2016,0.5008,0.52,0.48,0.5,294494
12-19-2016,0.476,0.5,0.4329,0.49,419035
12-20-2016,0.4601,0.49,0.4504,0.476,410863
12-21-2016,0.4537,0.47,0.4537,0.46,338457
12-22-2016,0.5015,0.5691,0.4607,0.47,1949882
12-23-2016,0.5278,0.54,0.486,0.505,393454
12-27-2016,0.533,0.56,0.5255,0.53,293317
12-28-2016,0.5009,0.549,0.5,0.5394,299659
12-29-2016,0.49,0.53,0.49,0.501,432879
12-30-2016,0.4999,0.5249,0.4909,0.5,286429
01-03-2017,0.51,0.5375,0.51,0.51,117568
01-04-2017,0.5462,0.57,0.51,0.51,539180
01-05-2017,0.58,0.6002,0.5656,0.57,1855767
01-06-2017,0.7,0.925,0.64,0.8018,9312738
01-09-2017,0.6296,0.7299,0.61,0.7299,1409585
01-10-2017,0.61,0.6296,0.6,0.62,682831
01-11-2017,0.59,0.6198,0.58,0.61,507453
01-12-2017,0.635,0.67,0.5806,0.6,604423
01-13-2017,0.6,0.6297,0.585,0.619,481113
01-17-2017,0.585,0.6,0.585,0.6,146477
01-18-2017,0.58,0.58,0.5499,0.58,389219
01-19-2017,0.5631,0.57,0.55,0.55,101086
01-20-2017,0.545,0.5622,0.51,0.55,198483
01-23-2017,0.5494,0.58,0.5233,0.55,161143
01-24-2017,0.551,0.579,0.52,0.52,152719
01-25-2017,0.5573,0.5698,0.55,0.551,76997
01-26-2017,0.55,0.58,0.55,0.58,71873
01-27-2017,0.568,0.575,0.55,0.575,98337
01-30-2017,0.536,0.5715,0.5301,0.5715,94128
01-31-2017,0.56,0.56,0.51,0.53,146969
02-01-2017,0.54,0.56,0.52,0.5376,144365
02-02-2017,0.5658,0.57,0.535,0.57,96140
02-03-2017,0.55,0.574,0.535,0.574,227581
02-06-2017,0.55,0.57,0.54,0.55,100704
02-07-2017,0.5985,0.61,0.54,0.5718,677408
02-08-2017,0.61,0.67,0.57,0.58,1035570
02-09-2017,0.602,0.6326,0.58,0.6326,244112
02-10-2017,0.58,0.605,0.55,0.5872,143923
02-13-2017,0.5701,0.5862,0.56,0.58,117105
02-14-2017,0.565,0.578,0.5511,0.5551,115112
02-15-2017,0.57,0.58,0.5551,0.58,188817
02-16-2017,0.575,0.59,0.575,0.5893,56388
02-17-2017,0.58,0.59,0.554,0.59,115941
02-21-2017,0.6199,0.65,0.6,0.6,499708
02-22-2017,0.63,0.65,0.612,0.635,272067
02-23-2017,0.589,0.64,0.52,0.64,555600
02-24-2017,0.59,0.6163,0.5535,0.6,91250
02-27-2017,0.5651,0.5764,0.5354,0.5505,180361
02-28-2017,0.545,0.6,0.542,0.6,217890
03-01-2017,0.5425,0.598,0.54,0.598,363278
03-02-2017,0.5484,0.553,0.52,0.5441,94498
03-03-2017,0.54,0.5499,0.5142,0.545,106499
03-06-2017,0.54,0.54,0.52,0.525,77145
03-07-2017,0.5201,0.54,0.4809,0.52,230291
03-08-2017,0.51,0.5301,0.5003,0.53,48636
03-09-2017,0.5351,0.545,0.5001,0.5006,456392
03-10-2017,0.53,0.5525,0.53,0.5525,129743
03-13-2017,0.525,0.54,0.51,0.53,110447
03-14-2017,0.5148,0.5249,0.51,0.5248,78580
03-15-2017,0.51,0.545,0.5,0.51,103854
03-16-2017,0.54,0.54,0.51,0.511,36718
03-17-2017,0.53,0.54,0.515,0.53,106955
03-20-2017,0.52,0.53,0.501,0.53,223776
03-21-2017,0.501,0.5197,0.4905,0.5,109007
03-22-2017,0.4821,0.51,0.477,0.5,81138
03-23-2017,0.481,0.5,0.4779,0.482,80068
03-24-2017,0.5,0.5,0.48,0.484,54949
