03-28-2016,31.97,33,31.61,32.7,175523
03-29-2016,33.9,33.96,29.52,31.65,325135
03-30-2016,31.63,34.615,31.01,34.28,428338
03-31-2016,29.51,31.02,28.3815,29.45,543627
04-01-2016,31.4,31.8399,28.65,29.44,410635
04-04-2016,31.83,32.86,31.02,31.46,414362
04-05-2016,32.17,32.9,31.001,31.32,235374
04-06-2016,35.78,35.79,32.04,32.29,364903
04-07-2016,34.4,35.865,33.58,35.33,246614
04-08-2016,33.67,35.29,32.88,35.21,199733
04-11-2016,32.38,34.5,32.24,34.13,177518
04-12-2016,33.12,33.28,31.51,32.84,323985
04-13-2016,35.1,35.5,33.12,33.39,222310
04-14-2016,35.03,35.92,34.75,35.08,145297
04-15-2016,35.73,35.93,34.32,34.98,124990
04-18-2016,36.63,37.35,35.265,35.55,175626
04-19-2016,35.41,36.89,34.68,36.89,241107
04-20-2016,37.73,40.5,35.72,35.77,650808
04-21-2016,39.66,41.04,37.69,37.69,317515
04-22-2016,40.77,40.98,39.15,39.75,262545
04-25-2016,38.73,40.72,38.57,40.48,186538
04-26-2016,37.59,38.825,37.32,38.62,184805
04-27-2016,37.06,37.78,36.02,37.36,193856
04-28-2016,36.5,38.53,36.08,36.95,204249
04-29-2016,35.89,37.54,35.26,36.53,197540
05-02-2016,37.62,37.75,35.13,36.27,206162
05-03-2016,35.35,37.37,35.26,37.12,434553
05-04-2016,32.29,35.3,31.7,35,501406
05-05-2016,31.74,32.49,31.14,32.14,239458
05-06-2016,32.42,33.235,31.28,31.28,187847
05-09-2016,35.6,36.01,32.34,32.34,319891
05-10-2016,35.96,36.28,34.09,36.08,224922
05-11-2016,35.23,36.65,35.0301,35.62,266614
05-12-2016,33.93,36.27,32.97,35.72,241903
05-13-2016,33.51,35.062,32.89,33.79,145040
05-16-2016,36.76,37.23,33.77,33.77,232204
05-17-2016,37.12,37.98,36.5,36.5,246510
05-18-2016,41.23,41.36,36.77,36.77,430652
05-19-2016,47.17,51.8299,42.55,42.64,2334367
05-20-2016,50.84,51.33,45.955,46.92,924317
05-23-2016,54.41,55.25,50.01,50.01,857618
05-24-2016,53.26,55.27,50,54.36,994602
05-25-2016,54.97,55,51.46,53.84,578501
05-26-2016,54.58,54.91,53.2,54.77,367791
05-27-2016,56.28,57.3899,54.2,54.62,435701
05-31-2016,55.95,60.05,54.77,57.24,582862
06-01-2016,56.22,56.71,53.32,55.29,360137
06-02-2016,55.35,55.99,54.02,55.99,472583
06-03-2016,53.66,57.89,53.5,57.86,480815
06-06-2016,55.78,56.76,52.51,53.86,557431
06-07-2016,53.99,55.9499,53.09,55.04,758288
06-08-2016,53.3,54.21,52.5,54.11,505472
06-09-2016,53.55,54.08,52.39,52.87,588173
06-10-2016,53.58,54.35,51.6405,52.55,635887
06-13-2016,52.55,54.3348,50.4,53,720748
06-14-2016,46.78,52.92,46.58,50.85,1249732
06-15-2016,48.51,49.64,44.8,44.85,3377520
06-16-2016,47.7,48.4,45.78,48.01,769116
06-17-2016,45.76,48.25,45.52,48.25,579153
06-20-2016,46.25,47.64,45.76,46.59,475012
06-21-2016,46.56,47.72,45.91,47.16,592751
06-22-2016,46.65,48.73,45.2,46.34,485903
06-23-2016,47.64,49.49,46.82,47.22,600709
06-24-2016,44.88,46.49,44.402,44.82,1664890
06-27-2016,45.21,45.73,42.63,44.8,596592
06-28-2016,47.41,47.49,45.01,45.75,579058
06-29-2016,49.17,49.48,47.2401,48.81,418448
06-30-2016,51.13,52.16,49.7464,50.1,675971
07-01-2016,53,54.08,51.35,51.71,418205
07-05-2016,52.58,53.415,51.04,52.47,349119
07-06-2016,51.95,53.3,51.48,52.2,348653
07-07-2016,54.05,54.49,52.38,52.7,412598
07-08-2016,55.43,55.49,52.88,54.01,600978
07-11-2016,54.47,56.88,54.42,55.74,389297
07-12-2016,57.13,59.61,55.12,56.1,1172252
07-13-2016,52.92,57.685,52.79,57.32,375528
07-14-2016,53.07,54.4295,52.25,53.68,342062
07-15-2016,53.08,53.78,52.14,52.9,287306
07-18-2016,52.65,54.04,51.85,53.17,305759
07-19-2016,52.45,54.96,52.18,53.13,302234
07-20-2016,54.43,55.14,52.7,52.74,389385
07-21-2016,54.44,57.405,53.544,55,404718
07-22-2016,54.68,56.24,54.34,54.34,228194
07-25-2016,53.5,54.99,50.52,54.37,618316
07-26-2016,54.11,54.25,52.85,53.29,339950
07-27-2016,53.99,54.58,52.78,54.58,341008
07-28-2016,55.39,55.6899,53.34,54,427169
07-29-2016,57.94,58.19,54.17,54.91,673350
08-01-2016,58.865,60.24,57.964,58.46,683770
08-02-2016,57.6,59.3036,55.52,58.77,350382
08-03-2016,59.9,60.04,57.12,57.74,320768
08-04-2016,58.39,60,58.09,60,218621
08-05-2016,59.66,59.8699,57.94,58.57,195572
08-08-2016,57.8,61,57.44,60.07,210645
08-09-2016,59.25,59.25,56.75,58.17,256542
08-10-2016,58.49,60.24,56.122,58.96,449455
08-11-2016,63.25,64.9,57.9688,58.13,811667
08-12-2016,62.08,63.47,59.63,62.3,424515
08-15-2016,63.87,64.979,61.52,62.61,446238
08-16-2016,59.29,61.21,58.84,59.77,1214731
08-17-2016,58.09,60.08,56.88,59.24,430003
08-18-2016,58.4,58.87,57.485,58.04,420140
08-19-2016,57.25,58.57,56.9,58.3,266001
08-22-2016,58.35,59.65,56.67,57.66,304350
08-23-2016,58.09,58.9,57.5,58.75,281064
08-24-2016,54.37,59.78,54.07,57.6,384957
08-25-2016,53.28,55,51.29,54.37,384606
08-26-2016,54.77,55.7035,52.4,53.59,271300
08-29-2016,54.75,55.95,54.13,55.05,217570
08-30-2016,56.32,57.36,54.6,54.62,361405
08-31-2016,56.58,56.81,55.101,56.1,351225
09-01-2016,57.55,57.69,55.7995,56.53,320827
09-02-2016,58.14,60.0737,57.2,59.28,935877
09-06-2016,57.11,59.02,55.7,58.43,342412
09-07-2016,58.29,58.74,56.755,57.21,428864
09-08-2016,59.9,59.99,56.77,57.99,399408
09-09-2016,57.13,60.15,57.07,59.42,397566
09-12-2016,59.81,60.015,55.79,56.37,419083
09-13-2016,58.94,59.6,56.59,59.28,430524
09-14-2016,61.1,61.5,59.01,59.01,347124
09-15-2016,62.24,63.11,59.73,61.28,449005
09-16-2016,63.85,64,61.1,63.03,931653
09-19-2016,62.09,64,62.01,64,434908
09-20-2016,64.71,65.99,62.1,62.98,694501
09-21-2016,63.39,65.8,60.04,65.2,527520
09-22-2016,62.21,64.265,61.002,63.79,448330
09-23-2016,60.22,64.2,59.75,62.29,631539
09-26-2016,60.94,61.25,59.03,59.61,285488
09-27-2016,62.06,62.1791,60.01,60.7,291075
09-28-2016,61.03,62.49,60.0064,62.21,305779
09-29-2016,58.4,61.59,58.33,60.86,296412
09-30-2016,60.06,60.61,58.07,58.89,275843
10-03-2016,60.78,61.39,59.14,59.63,415781
10-04-2016,61.83,63.03,59.8801,61.77,336270
10-05-2016,62.97,64.43,61.29,61.99,393046
10-06-2016,60.49,62.5,59.29,62.13,449822
10-07-2016,61.34,61.4702,58.97,60.41,318731
10-10-2016,63.18,63.4965,60.97,62,361415
10-11-2016,60.34,63.05,59.3573,62.53,289093
10-12-2016,56.84,61.07,56.53,60.39,376256
10-13-2016,56.91,58.1785,55.5,55.83,267460
10-14-2016,55.7,58.81,54.92,57.23,320184
10-17-2016,53.63,55.89,53.47,55.85,362058
10-18-2016,53.91,54.96,53.37,54.25,272074
10-19-2016,51.39,54.07,51.16,54.07,346335
10-20-2016,51.65,52.985,50.82,51.38,320349
10-21-2016,52.42,53.15,50.1,50.99,451538
10-24-2016,51.06,53.06,50.88,53.06,154877
10-25-2016,50.96,51.62,50.38,50.99,184374
10-26-2016,51.07,52.29,50.565,51.17,254943
10-27-2016,47.99,51.56,47.98,51.56,264448
10-28-2016,47.39,48.39,46.24,47.81,276671
10-31-2016,47.01,48.1,46.45,47.55,259221
11-01-2016,48.14,48.49,47.04,47.39,391703
11-02-2016,46.96,48.09,46.49,48.09,438585
11-03-2016,40.51,46.5,35.07,46.5,2508402
11-04-2016,44.1,45.5,39.9,39.9,1017848
11-07-2016,46.89,47.13,43.79,44.72,763547
11-08-2016,47.51,48.4,45.69,46.51,408307
11-09-2016,52.5,53.609,49.71,49.88,651787
11-10-2016,55.17,56.2,52.52,53.77,545442
11-11-2016,58.42,59.29,54.51,54.51,495721
11-14-2016,62.63,63,57.49,58,445622
11-15-2016,62.63,63.41,61.1,62.52,498006
11-16-2016,61.27,63.96,61.17,62.19,412181
11-17-2016,57.88,61.84,57.42,61.82,419133
11-18-2016,55.39,57.9,54.55,57.89,464515
11-21-2016,56.07,57.4799,54.6,55.56,275516
11-22-2016,53.69,56.5,53.05,56.49,445448
11-23-2016,55.62,55.73,51.81,52.5,460350
11-25-2016,56.54,56.59,53.53,55.98,184178
11-28-2016,54.85,56.87,54.405,56.14,395030
11-29-2016,56.63,56.9,53.62,55.35,507511
11-30-2016,55.01,57.58,54.28,56.95,641829
12-01-2016,49.74,56.01,49.58,55.09,601771
12-02-2016,50.01,52.07,48.815,49.81,384584
12-05-2016,50.585,52.48,49.53,49.85,951876
12-06-2016,57.56,57.7593,50.65,51.13,945524
12-07-2016,53.97,57.302,52.65,56.56,553046
12-08-2016,55.77,55.89,52.74,53.74,573816
12-09-2016,51.98,57.65,51.69,56.21,752869
12-12-2016,52.64,52.865,50.33,51.55,331069
12-13-2016,52.17,53.99,51.9,53.28,257054
12-14-2016,52.21,52.64,50.41,52,253288
12-15-2016,52.96,54.25,52.3,53.1,425130
12-16-2016,53.01,55.34,52.81,53.74,816604
12-19-2016,50.88,53.27,50.66,52.82,254981
12-20-2016,52.62,53.5,51.15,52.04,427496
12-21-2016,49.89,52.36,49.45,52.36,430561
12-22-2016,47.33,50.46,47.03,50.46,381392
12-23-2016,51.68,51.94,48,48.48,449498
12-27-2016,51.51,53.15,51.33,52.46,245170
12-28-2016,50.62,52.07,50.1783,51.87,170858
12-29-2016,50.58,51.3883,50.1598,50.86,201668
12-30-2016,49.9,51.77,49.32,50.6,358265
01-03-2017,53.68,54.65,50.39,50.39,447638
01-04-2017,59.49,60,52.171,54.15,651824
01-05-2017,58.68,59.865,56.1,59.79,528398
01-06-2017,58.49,59.61,58.31,58.69,221175
01-09-2017,62.49,63.45,57.85,60.35,670523
01-10-2017,62.1,63.46,61,62.78,534717
01-11-2017,56.11,62.39,55.89,61.94,613090
01-12-2017,57.29,57.4,53.26,55.61,423651
01-13-2017,57.13,58.94,56.6701,57.19,298064
01-17-2017,54.2,56.79,53.74,56.79,326169
01-18-2017,56.17,56.46,53.82,54.66,275050
01-19-2017,56.01,56.38,54.47,55.92,267990
01-20-2017,57.24,57.4,55.45,56.29,379225
01-23-2017,57.63,58.11,56.53,57.21,311224
01-24-2017,58.39,58.76,56.07,57.75,359334
01-25-2017,58.52,59.88,57.8,59,257588
01-26-2017,57.99,59.4,57.5172,58.36,295672
01-27-2017,59.46,59.51,57.64,58.07,250154
01-30-2017,58.47,59.8735,55.705,59.06,309020
01-31-2017,63.06,63.4,56.51,58,530959
02-01-2017,64.03,64.47,62.145,63.66,368796
02-02-2017,64.82,64.95,63.4,63.89,258565
02-03-2017,64.93,65.7899,63.9,65.02,315118
02-06-2017,64.54,65.008,62.78,64.73,238442
02-07-2017,63.43,65.28,63.14,64.79,259328
02-08-2017,63.06,64.03,62.22,63.04,229629
02-09-2017,64.43,65.2,63.91,64.31,373372
02-10-2017,63.69,64.935,63.26,64.62,244924
02-13-2017,63.6,64.92,63.22,64.34,184793
02-14-2017,64.75,65.165,62.88,63.38,173369
02-15-2017,64.97,65.1,63.66,64.75,252694
02-16-2017,64.57,65.03,62.01,65,262050
02-17-2017,64.49,65.035,64.05,64.05,271640
02-21-2017,64.71,65,63.47,64.83,219669
02-22-2017,61.38,64.7,59.53,62.76,668823
02-23-2017,60.48,61.98,59.7,61.65,332438
02-24-2017,59.94,60.77,58.17,59.68,309226
02-27-2017,65.02,65.04,59.62,59.96,437176
02-28-2017,63.78,65.05,63.29,65,286440
03-01-2017,64.38,65.11,63.48,64.84,637803
03-02-2017,62.05,65.09,61.84,64.3,619054
03-03-2017,63.36,63.7799,62.02,62.1,361314
03-06-2017,60.71,63.3336,60.13,63.19,264685
03-07-2017,56.57,60.04,56.42,59.81,597804
03-08-2017,57.85,58.82,56.6,56.86,427448
03-09-2017,56.88,59.04,56.3,58.09,323112
03-10-2017,57.63,58.18,55.09,57.51,340288
03-13-2017,58.08,58.74,56.215,57.47,227591
03-14-2017,58.91,59.08,56.83,57.72,299362
03-15-2017,59.5,59.986,58.05,59.15,334012
03-16-2017,58.25,59.76,57.77,59.42,150012
03-17-2017,57.93,59.32,57.75,58.53,481154
03-20-2017,58.04,58.36,57.31,57.93,147001
03-21-2017,52.67,59.22,52.55,58.41,447988
03-22-2017,52.82,53.63,51.73,52.84,298662
03-23-2017,52.41,54.17,52.17,52.77,178787
03-24-2017,52.97,53.43,52.21,52.71,182928
