03-28-2016,11.16,11.72,11.14,11.57,5466212
03-29-2016,11.07,11.16,10.28,11.16,5843737
03-30-2016,9.9,10.489,9.83,9.99,12005642
03-31-2016,10.39,10.56,9.86,9.96,6900335
04-01-2016,10.41,10.48,10.13,10.25,4137307
04-04-2016,10.4,10.62,10.26,10.28,3593468
04-05-2016,10.28,10.4399,10.2,10.22,4620534
04-06-2016,10.68,10.68,10.245,10.3,4504825
04-07-2016,10.63,10.77,10.47,10.54,3528960
04-08-2016,10.73,10.88,10.6,10.73,3412109
04-11-2016,10.75,11.07,10.7,10.79,3190687
04-12-2016,10.79,10.86,10.57,10.82,2855758
04-13-2016,10.96,10.98,10.6881,10.82,2856903
04-14-2016,10.82,10.985,10.75,10.96,2099290
04-15-2016,10.8,10.89,10.63,10.8,1975140
04-18-2016,11.05,11.08,10.83,10.87,2866693
04-19-2016,10.93,11.1,10.8602,11.09,2628835
04-20-2016,11.04,11.1,10.91,11.03,2438364
04-21-2016,11.29,11.39,10.9205,11.01,3399769
04-22-2016,11.25,11.36,11.16,11.29,1905766
04-25-2016,11.12,11.28,11.03,11.25,1856752
04-26-2016,11.22,11.36,11.05,11.22,3113158
04-27-2016,10.89,11.22,10.87,11.11,4286580
04-28-2016,10.84,11.11,10.72,10.92,2920312
04-29-2016,10.75,10.975,10.58,10.82,3111012
05-02-2016,10.46,10.8,10.15,10.8,4788689
05-03-2016,10.34,10.615,10.175,10.28,2561485
05-04-2016,9.8,10.2863,9.68,10.23,5294587
05-05-2016,9.75,9.845,9.65,9.82,3610976
05-06-2016,9.73,9.845,9.565,9.73,2838212
05-09-2016,10.26,10.365,10.01,10.11,4573796
05-10-2016,10.38,10.57,10.04,10.48,4580451
05-11-2016,9.93,10.35,9.91,10.29,3829066
05-12-2016,9.55,10.03,9.3307,10,4767419
05-13-2016,9.75,9.9,9.55,9.56,3333431
05-16-2016,9.97,10,9.82,9.83,2225050
05-17-2016,9.96,10.15,9.8603,9.89,2426682
05-18-2016,10,10.1,9.85,9.86,2323463
05-19-2016,9.81,10.03,9.76,9.88,2634093
05-20-2016,10.15,10.25,9.85,9.85,3251387
05-23-2016,10.05,10.33,10.02,10.15,2101689
05-24-2016,10.44,10.49,10.11,10.15,2815128
05-25-2016,10.54,10.79,10.48,10.53,2585744
05-26-2016,10.43,10.66,10.42,10.59,1715798
05-27-2016,10.42,10.55,10.11,10.55,2305870
05-31-2016,10.63,10.65,10.41,10.46,2268746
06-01-2016,10.53,10.59,10.37,10.53,1682780
06-02-2016,10.65,10.6728,10.41,10.5,2155765
06-03-2016,10.01,10.64,9.99,10.64,5727884
06-06-2016,10.03,10.0301,9.72,10.01,5697060
06-07-2016,9.89,10.04,9.89,10.02,2437972
06-08-2016,9.78,10,9.75,9.95,3622231
06-09-2016,9.61,9.8,9.6,9.7,3540908
06-10-2016,9.3,9.55,9.28,9.5,4136469
06-13-2016,9.26,9.6,9.26,9.3,3426573
06-14-2016,9.05,9.31,8.83,9.22,5440178
06-15-2016,9.23,9.41,9.04,9.06,4241982
06-16-2016,9.28,9.33,8.965,9.07,4205580
06-17-2016,9.05,9.36,9,9.32,4560450
06-20-2016,9.19,9.315,9.1,9.23,5182387
06-21-2016,9.7,9.99,9.54,9.97,11370687
06-22-2016,9.36,9.67,9.3,9.67,4973859
06-23-2016,9.75,9.75,9.46,9.52,3149880
06-28-2016,9.26,9.26,9.01,9.05,3725450
06-29-2016,9.3,9.3601,9.15,9.34,2871479
06-30-2016,9.34,9.46,9.075,9.12,3613448
07-01-2016,9.72,9.745,9.35,9.36,4509396
07-05-2016,9.56,9.64,9.43,9.64,2472411
07-06-2016,9.85,9.87,9.41,9.47,4692133
07-07-2016,9.86,9.95,9.735,9.86,1753042
07-08-2016,9.87,10,9.86,9.93,2043750
07-11-2016,9.82,10.025,9.8,9.91,1928875
07-12-2016,9.91,10,9.84,9.93,2546965
07-13-2016,9.61,9.93,9.6,9.83,2431314
07-14-2016,9.85,9.86,9.6699,9.75,1495023
07-15-2016,9.95,9.98,9.76,9.82,1648107
07-18-2016,10.04,10.08,9.96,10,2326783
07-19-2016,9.89,10.06,9.89,10.02,3164614
07-20-2016,9.93,10,9.8,10,2552843
07-21-2016,9.89,10.1,9.8,9.99,2317472
07-22-2016,9.97,10,9.82,9.95,1491923
07-25-2016,9.95,10.05,9.9,10.01,1701127
07-26-2016,9.97,10.08,9.92,10.04,2132915
07-27-2016,9.95,10.1,9.85,10.1,2476090
07-28-2016,9.89,9.99,9.83,9.97,1666069
07-29-2016,9.95,9.96,9.76,9.89,2153115
08-01-2016,10.07,10.09,9.87,9.93,3156625
08-02-2016,9.88,10.05,9.79,10.01,3367855
08-03-2016,9.98,9.98,9.77,9.82,2600461
08-04-2016,9.97,10.04,9.88,9.91,2983360
08-05-2016,10.11,10.12,9.95,10,3415471
08-08-2016,10.11,10.22,10.045,10.19,4715590
08-09-2016,10.14,10.54,10.12,10.51,5258668
08-10-2016,9.92,10.19,9.9,10.19,3882521
08-11-2016,10.05,10.06,9.92,9.97,2157292
08-12-2016,10.06,10.06,9.97,10.05,1451533
08-15-2016,10.08,10.1,10.01,10.1,1973712
08-16-2016,10,10.07,9.98,10,2037134
08-17-2016,9.86,10.05,9.82,10,1906569
08-18-2016,9.86,9.96,9.81,9.85,1367691
08-19-2016,9.83,9.88,9.762,9.85,1426215
08-22-2016,9.8,9.84,9.7,9.8,1978563
08-23-2016,9.52,9.91,9.37,9.88,5377079
08-24-2016,9.24,9.65,9.15,9.53,4786171
08-25-2016,9.03,9.3,8.91,9.24,4821504
08-26-2016,9.12,9.28,9,9.09,3116659
08-29-2016,9.28,9.31,9.08,9.1,2236769
08-30-2016,9.33,9.46,9.25,9.33,2283571
08-31-2016,9.1,9.26,9.07,9.26,2793264
09-01-2016,9.29,9.54,9.19,9.31,3515257
09-02-2016,9.33,9.39,9.16,9.34,2060102
09-06-2016,9.36,9.48,9.19,9.32,3026899
09-07-2016,9.59,9.6,9.38,9.39,2632994
09-08-2016,9.91,9.95,9.56,9.61,3113978
09-09-2016,9.75,9.89,9.73,9.79,3584068
09-12-2016,9.89,9.9,9.55,9.66,3835900
09-13-2016,10.04,10.09,9.76,9.8,4469058
09-14-2016,10.19,10.23,9.96,10.02,8146174
09-15-2016,10.22,10.31,10.11,10.2,3793068
09-16-2016,10.21,10.32,10.15,10.16,3875120
09-19-2016,10.31,10.39,10.14,10.14,2755566
09-20-2016,10.5,10.5,10.31,10.34,3733083
09-21-2016,10.68,10.69,10.385,10.43,3228033
09-22-2016,10.86,10.95,10.62,10.65,3963896
09-23-2016,11.09,11.2,10.79,10.79,4326469
09-26-2016,11.06,11.1,10.92,11,2234835
09-27-2016,11.19,11.31,11.08,11.1,3101207
09-28-2016,10.87,11.18,10.83,11.18,3834832
09-29-2016,10.6,10.84,10.45,10.8,4120678
09-30-2016,10.59,10.6525,10.47,10.59,2460966
10-03-2016,10.69,10.75,10.57,10.59,3319734
10-04-2016,10.59,10.75,10.51,10.7,2437840
10-05-2016,10.74,10.91,10.665,10.69,3947539
10-06-2016,10.43,10.66,10.41,10.59,2665695
10-07-2016,9.91,9.93,9.53,9.84,8360437
10-10-2016,9.95,10.02,9.85,9.87,2552071
10-11-2016,9.66,9.99,9.57,9.94,2784678
10-12-2016,9.56,9.74,9.47,9.7,2490076
10-13-2016,9.56,9.655,9.41,9.52,2640828
10-14-2016,9.45,9.69,9.42,9.6,2443475
10-17-2016,9.31,9.5599,9.25,9.48,3376076
10-18-2016,9.4,9.45,9.25,9.42,2649055
10-19-2016,9.29,9.39,9.13,9.37,2594851
10-20-2016,9.45,9.48,9.19,9.46,2861006
10-21-2016,9.39,9.44,9.315,9.39,2180585
10-24-2016,9.41,9.56,9.4,9.4,1629262
10-25-2016,9.4,9.52,9.28,9.37,1940557
10-26-2016,9.26,9.42,9.22,9.33,2518970
10-27-2016,9.41,9.45,9.15,9.33,2662057
10-28-2016,9.46,9.55,9.3,9.4,2286827
10-31-2016,9.42,9.49,9.35,9.47,1935569
11-01-2016,9.56,9.57,9.34,9.35,2495848
11-02-2016,9.44,9.62,9.43,9.56,2665966
11-03-2016,9.55,9.6,9.39,9.49,4687816
11-04-2016,9.78,9.78,9.49,9.54,3410856
11-07-2016,9.73,9.94,9.69,9.94,4733849
11-08-2016,9.13,9.73,8.92,9.72,6535645
11-09-2016,9.58,9.75,9.26,9.28,5991863
11-10-2016,9.38,9.74,9.35,9.61,4178331
11-11-2016,9.45,9.48,9.17,9.35,5788358
11-14-2016,10.38,10.455,9.37,9.41,7239584
11-15-2016,10.23,10.48,10.11,10.22,4781377
11-16-2016,10.25,10.61,10.07,10.09,3950029
11-17-2016,10.46,10.54,10.28,10.34,2888066
11-18-2016,10.48,10.69,10.225,10.5,2909567
11-21-2016,10.44,10.53,10.36,10.46,1893128
11-22-2016,10.2,10.37,10.14,10.34,2561967
11-23-2016,10.7,10.75,10.01,10.08,4056329
11-25-2016,10.83,10.97,10.65,10.7,3256377
11-28-2016,10.62,10.9,10.5445,10.87,2893286
11-29-2016,10.51,10.705,10.47,10.62,2291313
11-30-2016,10.39,10.585,10.37,10.55,2363220
12-01-2016,10.31,10.54,10.18,10.44,3469097
12-02-2016,10.4,10.49,10.23,10.34,2916618
12-05-2016,10.79,10.845,10.46,10.52,3190165
12-06-2016,11.33,11.5,10.89,10.89,6627428
12-07-2016,10.93,11.33,10.88,11.23,4608992
12-08-2016,10.81,10.91,10.61,10.88,3374033
12-09-2016,10.97,11.11,10.84,10.9,2656609
12-12-2016,11.65,11.7,11.05,11.06,6570156
12-13-2016,11.91,12,11.7,11.8,6424041
12-14-2016,11.57,12.05,11.5,11.88,7096142
12-15-2016,11.9,12.15,11.78,11.86,6675315
12-16-2016,11.73,11.98,11.62,11.87,27617145
12-19-2016,11.67,11.88,11.5731,11.84,4090611
12-20-2016,11.82,11.83,11.605,11.67,2876735
12-21-2016,11.75,12.07,11.73,11.85,5248986
12-22-2016,11.58,11.83,11.53,11.58,2483029
12-23-2016,11.91,11.925,11.51,11.52,2704502
12-27-2016,11.82,12.03,11.81,12.03,1972614
12-28-2016,11.34,11.94,11.33,11.89,3429953
12-29-2016,11.46,11.545,11.35,11.4,1908116
12-30-2016,9.3,10.09,9.03,9.71,22823226
01-03-2017,9.09,9.29,8.97,9.16,9564381
01-04-2017,9.27,9.44,9.09,9.11,6166671
01-05-2017,9.04,9.25,9.02,9.22,5196920
01-06-2017,9.38,9.462,9.125,9.13,6941846
01-09-2017,9.31,9.545,9.3,9.5,4412040
01-10-2017,9.37,9.47,9.31,9.4,3520410
01-11-2017,9.23,9.46,9.06,9.34,4819680
01-12-2017,9.19,9.29,9.1,9.27,2299311
01-13-2017,9.15,9.3,9.11,9.2,2670840
01-17-2017,8.93,9.2,8.87,9.2,6336989
01-18-2017,8.98,9.01,8.82,8.98,2922402
01-19-2017,8.75,8.92,8.62,8.9,6133248
01-20-2017,8.64,8.81,8.62,8.76,2914551
01-23-2017,8.52,8.66,8.34,8.56,4179319
01-24-2017,8.46,8.62,8.42,8.54,6247083
01-25-2017,8.58,8.72,8.33,8.6,6835025
01-26-2017,8.72,8.73,8.5,8.55,3440937
01-27-2017,8.69,8.76,8.61,8.75,2396674
01-30-2017,8.48,8.63,8.43,8.62,3306523
01-31-2017,8.69,8.7,8.3,8.41,3986291
02-01-2017,8.63,8.78,8.56,8.72,3119004
02-02-2017,8.51,8.655,8.47,8.62,2422154
02-03-2017,8.61,8.63,8.48,8.54,2124451
02-06-2017,8.27,8.56,8.165,8.54,7513784
02-07-2017,8.3,8.35,8.21,8.32,3433061
02-08-2017,8.22,8.23,7.99,8.22,6679836
02-09-2017,8.1,8.22,8.01,8.22,5819701
02-10-2017,8.22,8.26,8.055,8.17,3616400
02-13-2017,8.27,8.405,8.24,8.26,2161810
02-14-2017,8.45,8.47,8.28,8.3,2286175
02-15-2017,8.66,8.66,8.4,8.4,3269464
02-16-2017,8.75,8.8376,8.62,8.66,3418896
02-17-2017,8.81,8.82,8.62,8.72,2680740
02-21-2017,8.64,8.92,8.63,8.87,3846762
02-22-2017,8.45,8.61,8.445,8.57,3079934
02-23-2017,8.52,8.54,8.32,8.43,2523782
02-24-2017,8.44,8.525,8.36,8.45,2744733
02-27-2017,8.64,8.64,8.38,8.38,3855173
02-28-2017,8.39,8.69,8.38,8.67,3784196
03-01-2017,8.37,8.64,8.29,8.61,6190259
03-02-2017,7.425,8.02,7.13,8.01,16588553
03-03-2017,7.45,7.75,7.35,7.53,8587400
03-06-2017,7.61,7.65,7.4,7.57,6069515
03-07-2017,7.77,7.97,7.59,7.6,6021348
03-08-2017,7.92,8.05,7.85,7.99,4575226
03-09-2017,7.85,8.08,7.77,7.97,4697532
03-10-2017,7.95,7.98,7.87,7.89,3243064
03-13-2017,7.92,8.037,7.85,7.95,2979375
03-14-2017,8.07,8.54,7.955,8.14,13598826
03-15-2017,8.09,8.14,8.01,8.08,4076986
03-16-2017,8.36,8.39,8.13,8.14,5903692
03-17-2017,8.12,8.51,8.03,8.48,10586824
03-20-2017,8,8.1953,7.94,8.16,2795992
03-21-2017,7.86,8.02,7.69,8,5739696
03-22-2017,7.86,7.98,7.77,7.97,3081437
03-23-2017,7.65,7.825,7.65,7.8,3441023
03-24-2017,7.85,7.925,7.68,7.7,2826536
