03-28-2016,2.4001,2.43,2.13,2.2,54275
03-29-2016,2.29,2.44,2.2213,2.44,65299
03-30-2016,2.28,2.39,2.25,2.25,15168
03-31-2016,2.3199,2.3495,2.2,2.3178,33743
04-01-2016,2.52,2.59,2.3366,2.35,76984
04-04-2016,2.75,2.76,2.49,2.54,86680
04-05-2016,2.6,2.8,2.57,2.74,57651
04-06-2016,2.67,2.75,2.61,2.63,11285
04-07-2016,2.73,2.77,2.65,2.74,21452
04-08-2016,2.57,2.74,2.56,2.74,40518
04-11-2016,2.59,2.731,2.53,2.62,13198
04-12-2016,2.45,2.6268,2.42,2.62,31676
04-13-2016,2.55,2.67,2.47,2.64,26845
04-14-2016,2.45,2.55,2.45,2.52,13063
04-15-2016,2.58,2.625,2.47,2.47,26014
04-18-2016,2.5,2.6337,2.47,2.54,51383
04-19-2016,2.46,2.55,2.45,2.54,9079
04-20-2016,2.44,2.5,2.41,2.47,15430
04-21-2016,2.4,2.49,2.2,2.41,32976
04-22-2016,2.4,2.49,2.37,2.4,20182
04-25-2016,2.365,2.49,2.23,2.36,32856
04-26-2016,2.3,2.4,2.2,2.34,50422
04-27-2016,2.27,2.31,2.21,2.27,22513
04-28-2016,2.35,2.3656,2.2,2.2488,14453
04-29-2016,2.4,2.41,2.2701,2.2701,8492
05-02-2016,2.52,2.55,2.4,2.4,23571
05-03-2016,2.51,2.54,2.41,2.5,21315
05-04-2016,2.47,2.5699,2.41,2.416,8042
05-05-2016,2.37,2.45,2.36,2.44,22725
05-06-2016,2.335,2.4999,2.33,2.34,5937
05-09-2016,2.33,2.45,2.2,2.35,25739
05-10-2016,2.32,2.37,2.2,2.33,11865
05-11-2016,2.39,2.39,2.26,2.29,12071
05-12-2016,2.16,2.38,2.06,2.38,53997
05-13-2016,2.1,2.29,2.05,2.1,69593
05-16-2016,2.13,2.279,2.09,2.09,37573
05-17-2016,2.12,2.2599,2.0548,2.0548,29627
05-18-2016,2.19,2.2299,2.079,2.079,8191
05-19-2016,2.09,2.16,2.07,2.14,8778
05-20-2016,2.14,2.2399,2.09,2.09,11103
05-23-2016,2.15,2.22,2.1224,2.1943,10360
05-24-2016,2.58,2.5899,2.17,2.19,47482
05-25-2016,3.29,4.29,2.58,2.62,5754055
05-26-2016,3.07,3.28,2.88,3.11,719114
05-27-2016,3.07,3.12,2.94,3.03,81964
05-31-2016,3.25,3.25,2.95,3.05,127466
06-01-2016,3.43,3.45,3.2,3.25,148108
06-02-2016,3.37,3.46,3.29,3.46,75210
06-03-2016,3.29,3.3299,3.241,3.2701,56323
06-06-2016,3.27,3.34,3.21,3.3,74633
06-07-2016,3.1,3.22,3.02,3.22,78475
06-08-2016,3.16,3.178,3.07,3.08,41089
06-09-2016,3.19,3.32,3.09,3.32,16660
06-10-2016,3.37,3.94,3.01,3.12,864676
06-13-2016,3.67,3.76,3.3,3.61,498847
06-14-2016,3.63,3.8499,3.45,3.75,183244
06-15-2016,3.54,3.75,3.41,3.68,92813
06-16-2016,3.31,3.5,3.31,3.5,22490
06-17-2016,3.43,3.75,3.28,3.38,137390
06-20-2016,3.66,3.88,3.48,3.48,194856
06-21-2016,3.81,3.81,3.52,3.71,78302
06-22-2016,3.84,4.08,3.7195,3.77,311833
06-23-2016,3.87,3.92,3.7,3.92,106411
06-24-2016,4,4.03,3.32,3.45,151008
06-27-2016,3.91,4.05,3.63,3.99,199886
06-28-2016,3.92,4.1,3.6,3.89,123836
06-29-2016,3.99,4.1,3.8401,3.92,115110
06-30-2016,4.13,4.28,3.85,3.96,218768
07-01-2016,4.2,4.3,4.08,4.2,159379
07-05-2016,4.01,4.25,3.67,4.14,219409
07-06-2016,4.19,4.22,3.81,4.01,77483
07-07-2016,4.25,4.33,4.2,4.2,44612
07-08-2016,4.26,4.33,4.15,4.25,47931
07-11-2016,4.39,4.52,4.24,4.3,158983
07-12-2016,4.39,4.56,4.34,4.44,97261
07-13-2016,4.24,4.4399,4.03,4.35,115231
07-14-2016,4.28,4.33,4.16,4.16,106263
07-15-2016,4.38,4.73,4.29,4.29,200202
07-18-2016,4.12,4.38,4.12,4.33,93969
07-19-2016,4.11,4.2176,3.89,4.12,150381
07-20-2016,4.07,4.14,3.95,3.97,93042
07-21-2016,4.02,4.1,4.01,4.1,20509
07-22-2016,4.1,4.16,4.02,4.05,17993
07-25-2016,4.1,4.21,4.02,4.1,28510
07-26-2016,4.13,4.2,4.09,4.1,20157
07-27-2016,4.22,4.24,4.11,4.11,21872
07-28-2016,4.18,4.3,4.104,4.25,26978
07-29-2016,4.16,4.22,4.05,4.201,16393
08-01-2016,4.18,4.2856,4.11,4.11,19567
08-02-2016,4.06,4.245,4.01,4.2,24357
08-03-2016,3.93,4.119,3.93,4.1,18399
08-04-2016,4.1,4.13,3.95,4.01,18456
08-05-2016,4.15,4.16,4.031,4.12,12492
08-08-2016,4.18,4.2,4.15,4.1599,13670
08-09-2016,4.17,4.19,4.1101,4.17,11235
08-10-2016,4.15,4.48,4.15,4.19,58816
08-11-2016,4.19,4.35,4.1,4.1,50577
08-12-2016,4.19,4.19,3.85,3.85,52401
08-15-2016,4.18,4.1854,4.09,4.16,35357
08-16-2016,4.13,4.21,4.11,4.21,25330
08-17-2016,4.16,4.2099,4.1,4.14,19698
08-18-2016,4.27,4.29,4.1001,4.12,48564
08-19-2016,4.2,4.29,4.1793,4.21,40930
08-22-2016,4.43,4.4695,4.18,4.18,60927
08-23-2016,4.69,4.75,4.45,4.45,145415
08-24-2016,4.5199,4.9299,4.48,4.75,136691
08-25-2016,4.3,4.631,4.28,4.52,49519
08-26-2016,4.43,4.48,4.2801,4.35,31481
08-29-2016,4.42,4.52,4.33,4.4,17700
08-30-2016,4.3163,4.6,4.27,4.47,38075
08-31-2016,4.17,4.4,4.08,4.4,36319
09-01-2016,4.24,4.27,4.17,4.17,18956
09-02-2016,4.3101,4.48,4.2901,4.38,10835
09-06-2016,4.34,4.47,4.3,4.3,9590
09-07-2016,4.31,4.44,4.24,4.31,21001
09-08-2016,4.37,4.4516,4.31,4.33,15061
09-09-2016,4.23,4.355,4.21,4.3,27364
09-12-2016,4.1764,4.23,4.02,4.21,36987
09-13-2016,4.09,4.21,4.07,4.19,34866
09-14-2016,3.22,4.15,2.92,4.15,484284
09-15-2016,3.32,3.59,3.121,3.3,134446
09-16-2016,3.48,3.52,3.12,3.34,148307
09-19-2016,3.4034,3.655,3.351,3.48,58023
09-20-2016,3.44,3.54,3.36,3.5,40890
09-21-2016,3.2,3.44,3.1301,3.3916,116673
09-22-2016,3.29,3.35,3.12,3.2,58629
09-23-2016,3.27,3.39,3.21,3.27,10847
09-26-2016,3.21,3.35,3.1883,3.28,37498
09-27-2016,3.18,3.2899,3.15,3.25,25746
09-28-2016,3.18,3.26,3.13,3.16,56274
09-29-2016,3.24,3.25,3.03,3.19,37455
09-30-2016,3.17,3.28,3.1494,3.2,36336
10-03-2016,3.25,3.28,3.03,3.2,41344
10-04-2016,3.2044,3.31,3.1701,3.28,30340
10-05-2016,3.38,3.4,3.2,3.2,57132
10-06-2016,3.5399,3.54,3.36,3.37,46235
10-07-2016,3.92,4.38,3.5632,3.59,425296
10-10-2016,3.96,4.12,3.7601,3.9,57895
10-11-2016,3.93,4.1,3.75,4.1,105353
10-12-2016,3.88,3.97,3.79,3.96,56170
10-13-2016,3.77,3.89,3.61,3.88,51728
10-14-2016,3.83,3.83,3.65,3.8,52962
10-17-2016,3.8,3.8,3.5,3.8,46287
10-18-2016,3.55,3.8,3.5,3.8,51706
10-19-2016,3.4,3.65,3.25,3.65,84567
10-20-2016,3.45,3.645,3.35,3.45,43819
10-21-2016,3.45,3.55,3.35,3.5,20393
10-24-2016,3.4,3.5,3.35,3.4,23495
10-25-2016,3.445,3.55,3.4,3.55,10893
10-26-2016,3.35,3.4,3.3,3.4,12137
10-27-2016,3.4,3.45,3.3,3.4,14052
10-28-2016,1.05,1.45,1,1.25,6789341
10-31-2016,0.85,1.05,0.75,1,2100929
11-01-2016,0.8002,0.85,0.7701,0.8,454496
11-02-2016,0.6369,0.7993,0.6116,0.78,750640
11-03-2016,0.6666,0.7,0.5131,0.63,994667
11-04-2016,0.6701,0.77,0.65,0.6999,723447
11-07-2016,0.57,0.7399,0.53,0.7399,503490
11-08-2016,0.5699,0.6154,0.5501,0.57,155139
11-09-2016,0.5799,0.6,0.5,0.58,116952
11-10-2016,0.6,0.615,0.55,0.56,247420
11-11-2016,0.579,0.6,0.5623,0.6,109328
11-14-2016,0.5601,0.585,0.5505,0.585,177248
11-15-2016,0.56,0.58,0.5005,0.551,137663
11-16-2016,0.5899,0.6,0.5501,0.5673,159905
11-17-2016,0.55,0.59,0.55,0.59,237442
11-18-2016,0.67,0.738,0.545,0.55,1456477
11-21-2016,1.47,1.49,0.68,0.7286,20635563
11-22-2016,1.05,1.37,1.03,1.36,6121113
11-23-2016,0.907,1.04,0.85,1.03,1290466
11-25-2016,1.1486,1.2,0.87,0.89,1768835
11-28-2016,1.08,1.14,0.97,1.1,1300337
11-29-2016,1.03,1.18,1.02,1.03,1205747
11-30-2016,0.95,1.04,0.9038,1.04,553578
12-01-2016,0.9203,0.945,0.89,0.9,204217
12-02-2016,0.9199,0.964,0.86,0.948,336291
12-05-2016,0.8201,0.91,0.801,0.91,247243
12-06-2016,0.95,0.9799,0.765,0.82,1118800
12-07-2016,0.8902,0.99,0.88,0.95,398427
12-08-2016,0.86,0.89,0.8,0.8802,401256
12-09-2016,1.21,1.48,0.91,1.02,10195705
12-12-2016,0.98,1.2,0.95,1.1,1808187
12-13-2016,0.92,1.0299,0.92,1.02,725939
12-14-2016,0.858,0.9499,0.85,0.94,565489
12-15-2016,0.9449,0.96,0.81,0.8641,685790
12-16-2016,0.8964,1.0092,0.87,1,482803
12-19-2016,0.86,0.97,0.8502,0.87,275760
12-20-2016,0.8852,0.9,0.86,0.86,236316
12-21-2016,0.9088,0.92,0.89,0.9196,162214
12-22-2016,1.0999,1.15,0.88,0.89,2634577
12-23-2016,0.96,1.09,0.95,1.05,845607
12-27-2016,1.02,1.04,0.97,0.97,246393
12-28-2016,0.9501,1.004,0.9113,1,251121
12-29-2016,0.98,1.088,0.94,0.945,654023
12-30-2016,0.92,0.9602,0.91,0.959,375978
01-03-2017,0.94,0.95,0.91,0.92,100660
01-04-2017,0.9648,1.03,0.92,0.92,262101
01-05-2017,0.94,0.99,0.931,0.99,182560
01-06-2017,0.931,1.02,0.9292,0.95,575094
01-09-2017,0.91,0.9583,0.875,0.91,412375
01-10-2017,0.93,0.96,0.8765,0.93,766688
01-11-2017,0.8851,0.98,0.885,0.97,470986
01-12-2017,1.15,1.34,0.8905,0.92,7345226
01-13-2017,0.961,1.37,0.9609,1.18,4386201
01-17-2017,0.951,1.0496,0.95,1.03,650633
01-18-2017,0.9199,0.99,0.91,0.99,546006
01-19-2017,0.91,0.95,0.9,0.901,356813
01-20-2017,0.905,0.96,0.901,0.901,219376
01-23-2017,0.93,0.95,0.9,0.92,150410
01-24-2017,1,1.08,0.9101,0.948,1319378
01-25-2017,0.9606,1.07,0.956,1.06,466914
01-26-2017,0.966,1.02,0.95,1,158887
01-27-2017,0.97,0.995,0.95,0.995,139124
01-30-2017,0.95,1,0.92,1,141305
01-31-2017,0.95,1.03,0.922,0.931,348494
02-01-2017,1,1.03,0.932,0.95,231675
02-02-2017,1.04,1.1,0.98,1.01,1154871
02-03-2017,1.04,1.1,0.99,1,928445
02-06-2017,1,1.19,1,1.08,1845833
02-07-2017,1.02,1.03,0.9551,1,569431
02-08-2017,1.01,1.02,0.9718,1.01,190602
02-09-2017,1.03,1.05,0.9802,1.01,265338
02-10-2017,1,1.05,0.9905,1.05,134604
02-13-2017,1.01,1.05,1,1.02,191100
02-14-2017,1.11,1.12,1,1.03,1327730
02-15-2017,1.09,1.26,1.06,1.15,2157572
02-16-2017,1.06,1.1158,1.05,1.06,328733
02-17-2017,1.1,1.1,1.05,1.05,137300
02-21-2017,1.08,1.16,1.08,1.16,259046
02-22-2017,1.1,1.15,1.05,1.09,259441
02-23-2017,1.04,1.13,1.04,1.13,251193
02-24-2017,0.9722,1.05,0.93,1.04,443911
02-27-2017,0.99,0.99,0.94,0.95,193487
02-28-2017,0.95,1,0.95,1,204156
03-01-2017,0.95,0.9899,0.95,0.9899,108649
03-02-2017,0.9505,0.9652,0.95,0.95,146235
03-03-2017,0.92,0.96,0.91,0.95,193960
03-06-2017,0.9373,0.9401,0.9,0.92,61442
03-07-2017,0.91,0.9373,0.9001,0.9305,40756
03-08-2017,0.945,0.96,0.9,0.9099,110687
03-09-2017,0.9428,0.9566,0.9312,0.945,38142
03-10-2017,0.895,0.96,0.88,0.95,393969
03-13-2017,0.88,0.9293,0.86,0.92,133391
03-14-2017,0.856,0.8899,0.84,0.878,149259
03-15-2017,0.87,0.8702,0.7332,0.8498,276033
03-16-2017,0.889,0.899,0.8301,0.899,75647
03-17-2017,0.885,0.89,0.8432,0.89,65616
03-20-2017,0.85,0.8737,0.841,0.8737,81562
03-21-2017,0.8401,0.8777,0.84,0.8503,38292
03-22-2017,0.821,0.85,0.821,0.8317,37270
03-23-2017,0.8121,0.83,0.795,0.8,65028
03-24-2017,0.77,0.8013,0.75,0.8,134363
