03-28-2016,13.45,13.8399,13.04,13.51,136284
03-29-2016,14.82,14.88,12.89,13.34,450522
03-30-2016,14.79,15.795,14.69,15.02,253462
03-31-2016,14.92,15.53,14.38,14.73,449990
04-01-2016,16.14,16.23,14.65,14.85,220219
04-04-2016,16.18,16.63,15.96,16.23,191732
04-05-2016,16.02,16.39,15.335,16.01,219667
04-06-2016,17.46,17.53,16.07,16.07,379914
04-07-2016,16.67,17.53,16.24,17.26,166270
04-08-2016,16.13,16.87,15.7,16.87,180347
04-11-2016,15.9,16.55,15.72,16.16,153335
04-12-2016,16.23,16.45,15.79,15.79,121418
04-13-2016,16.88,17.08,16.05,16.35,114370
04-14-2016,17.01,17.17,16.61,16.88,90994
04-15-2016,17.32,17.405,16.72,16.94,134681
04-18-2016,17.5,17.605,16.85,17.06,103614
04-19-2016,16.74,17.56,16.29,17.56,80414
04-20-2016,16.75,16.895,16.15,16.81,129601
04-21-2016,17.01,17.28,16.69,16.74,154744
04-22-2016,16.98,17.28,16.58,17.02,80480
04-25-2016,16.02,17.1247,15.97,16.88,283468
04-26-2016,16.13,16.643,15.28,16.04,156040
04-27-2016,15.55,16.338,15.44,16.03,76259
04-28-2016,14.62,15.68,14.545,15.42,192665
04-29-2016,14.26,15.4601,14.02,14.53,134650
05-02-2016,13.96,14.42,13.78,14.4,210457
05-03-2016,13.84,14.72,13.595,13.96,306092
05-04-2016,13.02,13.75,12.85,13.67,372844
05-05-2016,12.68,13.08,12.52,13.08,170735
05-06-2016,12.14,12.9,12,12.55,239175
05-09-2016,12.26,12.53,12.12,12.12,180578
05-10-2016,11.99,12.42,10.6,12.12,548281
05-11-2016,11.29,12.1,11.2,11.99,163979
05-12-2016,10.79,11.5377,10.5,11.31,235387
05-13-2016,11.69,12.01,10.81,10.81,197409
05-16-2016,11.99,12.1,11.505,11.72,222700
05-17-2016,11.35,12.13,11.31,11.91,177708
05-18-2016,11.86,12.11,11.23,11.23,179223
05-19-2016,11.69,12.1,11.46,11.76,93147
05-20-2016,13.76,13.93,11.87,12.22,458073
05-23-2016,13.51,14.3,13.4434,13.68,205797
05-24-2016,13.68,14.57,13.4,13.63,138160
05-25-2016,14.46,14.56,13.555,13.8,235304
05-26-2016,14.21,14.66,14.05,14.46,160094
05-27-2016,14.33,14.49,14.02,14.22,107751
05-31-2016,14.69,14.97,14.4,14.43,184459
06-01-2016,15.45,15.58,14.3033,14.58,288058
06-02-2016,16.38,16.412,15.47,15.54,262761
06-03-2016,16.08,16.46,15.59,16.26,284095
06-06-2016,16.71,16.99,15.69,16.15,209485
06-07-2016,15.6,16.87,15.53,16.62,177639
06-08-2016,15.65,15.76,15.25,15.65,126228
06-09-2016,15.07,15.945,15.04,15.57,118065
06-10-2016,14.96,15.25,14.51,14.85,206486
06-13-2016,14.96,15.22,14.68,14.79,300233
06-14-2016,15.13,15.57,14.81,14.96,245162
06-15-2016,15.3,15.69,15.14,15.23,258998
06-16-2016,15.86,15.93,14.88,15.24,284982
06-17-2016,14.98,16.28,14.84,15.86,413952
06-20-2016,15.37,15.97,14.96,15.16,147332
06-21-2016,15.2,15.42,14.65,15.41,178206
06-22-2016,15.01,15.62,14.8,15.18,157594
06-23-2016,16.25,16.38,15,15.2,166633
06-24-2016,15.58,16.16,15.01,15.35,1275814
06-27-2016,14.93,15.71,14.88,15.35,455349
06-28-2016,15.68,16.01,15.215,15.24,175567
06-29-2016,15.75,16.09,15.56,15.94,152205
06-30-2016,15.88,16.19,15.46,15.81,164375
07-01-2016,16.08,16.31,15.83,15.91,172111
07-05-2016,15.97,17.01,15.59,15.93,183403
07-06-2016,15.89,16.3425,15.78,15.81,245207
07-07-2016,15.54,16.27,15.1412,15.95,196053
07-08-2016,15.86,16.07,15.32,15.57,209079
07-11-2016,15.59,16.15,15.54,16.03,174060
07-12-2016,15.77,16.07,15.54,15.82,214789
07-13-2016,15.59,16.24,15.17,15.9,219565
07-14-2016,14.93,15.74,14.91,15.74,157640
07-15-2016,14.98,15.649,13.46,15.03,179948
07-18-2016,14.9,15.025,14.69,14.99,144421
07-19-2016,14.57,14.925,14.52,14.89,141810
07-20-2016,14.88,15,14.56,14.62,282215
07-21-2016,14.67,15.36,14.58,15.01,191779
07-22-2016,14.8,14.9,14.5,14.73,165874
07-25-2016,14.7,14.82,14.61,14.75,95524
07-26-2016,14.46,14.85,14.43,14.62,210961
07-27-2016,14.78,14.86,14.48,14.53,335866
07-28-2016,14.46,14.83,14.39,14.79,138905
07-29-2016,14.36,14.52,14.264,14.41,260826
08-01-2016,14.75,15.13,14.44,14.44,299007
08-02-2016,14.2,14.89,14.16,14.72,235479
08-03-2016,14.69,14.77,14.06,14.16,280509
08-04-2016,15.22,15.5,14.59,14.59,171441
08-05-2016,14.93,15.03,13.92,14.37,345575
08-08-2016,15.2,15.48,14.77,14.97,205101
08-09-2016,15.97,16.13,15.235,15.27,171048
08-10-2016,15.15,15.98,15.08,15.98,162266
08-11-2016,16.01,16.11,14.97,15.24,162633
08-12-2016,16.39,16.46,15.78,16.03,114958
08-15-2016,17.02,17.3858,16.42,16.42,170938
08-16-2016,17.15,17.49,16.1246,16.83,196107
08-17-2016,16.61,17.15,16.54,17.12,102422
08-18-2016,16.77,16.97,16.31,16.68,85718
08-19-2016,17.14,17.29,16.442,16.76,219028
08-22-2016,17.31,17.57,17.07,17.16,144608
08-23-2016,17.26,17.6,17.22,17.39,70127
08-24-2016,16.21,17.57,16.01,17.22,130781
08-25-2016,15.68,16.62,15.33,16.22,156128
08-26-2016,16.01,16.17,15.425,15.68,147857
08-29-2016,16.19,16.32,15.7301,16.07,84587
08-30-2016,16.42,16.77,16.12,16.12,132380
08-31-2016,16.45,16.77,16.06,16.4,131608
09-01-2016,16.84,16.94,16.38,16.49,87705
09-02-2016,17.22,17.24,16.84,16.84,121156
09-06-2016,19.06,19.38,17.17,17.28,512516
09-07-2016,18.67,19.36,18.45,19.08,169393
09-08-2016,18.52,18.8,18.3403,18.58,83884
09-09-2016,17.86,18.73,17.84,18.34,227251
09-12-2016,18.51,18.65,17.91,17.91,129615
09-13-2016,17.73,18.44,17.36,18.3,120905
09-14-2016,17.78,18.3,17.61,17.86,111524
09-15-2016,18,18.17,17.2105,17.71,87616
09-16-2016,17.8,18.43,17.34,18.04,325388
09-19-2016,17.28,18.09,17.19,17.89,123375
09-20-2016,17.6,17.79,17.06,17.47,193775
09-21-2016,18.48,18.51,17.0901,17.66,129847
09-22-2016,18.39,18.77,18.14,18.53,98529
09-23-2016,17.65,18.31,17.12,18.17,153069
09-26-2016,17.13,17.86,17.11,17.52,70915
09-27-2016,17.34,17.53,16.79,17.1,124442
09-28-2016,17.07,17.44,16.87,17.4,130929
09-29-2016,17.26,17.42,16.7601,17.11,119455
09-30-2016,18.19,18.665,17.1,17.34,198604
10-03-2016,17.63,18.26,17.26,18.18,140679
10-04-2016,17.55,18.16,17.39,17.71,92021
10-05-2016,18.43,18.49,17.315,17.37,258526
10-06-2016,17.68,18.29,17.63,18.29,80094
10-07-2016,17.86,18.41,17.5,17.66,82294
10-10-2016,18.35,18.75,18,18.1,151495
10-11-2016,17.65,18.35,17.3,18.1,138858
10-12-2016,17.15,17.85,16.8,17.65,155361
10-13-2016,17,18.35,16.53,16.85,94539
10-14-2016,16.7,17.6,16.6,17.35,101564
10-17-2016,16.15,16.7,16.05,16.6,104705
10-18-2016,16.9,17.3,16.35,16.35,123734
10-19-2016,16.55,17.4,16.4,16.95,68638
10-20-2016,17.05,17.15,16.35,16.6,108507
10-21-2016,16.85,17.65,16.75,16.9,62604
10-24-2016,16.55,17,16.4,17,43918
10-25-2016,16.025,16.7,16,16.7,90625
10-26-2016,16.05,16.5,16,16.1,74739
10-27-2016,15.95,16.7,15.75,16.3,76346
10-28-2016,15.7,16.1,15.25,15.85,73745
10-31-2016,15.1,16.05,15,15.7,246797
11-01-2016,15.1,15.35,14.85,15.15,159706
11-02-2016,15.05,15.7,14.7,15,176015
11-03-2016,13.6,15.15,13.25,15.15,240627
11-04-2016,13.65,14.65,11.75,12,207954
11-07-2016,14.55,14.6,13.65,14.1,136603
11-08-2016,14.5,14.85,14.05,14.35,90774
11-09-2016,16,16.425,14.7271,14.95,408835
11-10-2016,17.05,17.25,15.4,16.45,276743
11-11-2016,18.45,18.6,16.8,16.95,323179
11-14-2016,18.75,19.3,18.3,18.95,225120
11-15-2016,18.2,19.15,18.05,18.9,144941
11-16-2016,17.95,18.55,17.8,18.25,116521
11-17-2016,18.15,18.3,17.8,18,59147
11-18-2016,18.1,18.35,17.6,18.2,81619
11-21-2016,18.1,18.45,17.7,18.05,75901
11-22-2016,17.95,18.55,17.45,18.25,66156
11-23-2016,18.5,18.5,17.1,17.75,148965
11-25-2016,18.55,18.65,18.05,18.5,32142
11-28-2016,17.85,18.6,17.75,18.6,49850
11-29-2016,17.75,18.3,17.65,18,68558
11-30-2016,17,18.2,16.9,17.85,125158
12-01-2016,15.35,17.5,15.05,17.1,182028
12-02-2016,15.55,15.8,15.4,15.4,107917
12-05-2016,15.15,16,14.9,15.85,161518
12-06-2016,16.2,16.575,15.2,15.3,112715
12-07-2016,16.2,16.3,15.45,16,115219
12-08-2016,17.4,17.5,15.7,16.1,132089
12-09-2016,18.15,18.45,17.35,17.55,213613
12-12-2016,18.55,18.65,17.65,18.15,190297
12-13-2016,17.75,18.8,17.2,18.7,165448
12-14-2016,16.85,18,16.15,17.75,196904
12-15-2016,16.45,17.5,16.25,17,160213
12-16-2016,17.1,17.4,16.5,16.5,576543
12-19-2016,16.85,17.55,16.75,17.1,121231
12-20-2016,16.65,17.2,16.45,16.95,117062
12-21-2016,16.05,16.85,15.95,16.5,149031
12-22-2016,15.8,16.25,15.7,16.1,114224
12-23-2016,16,16.25,15.55,15.75,210860
12-27-2016,15.75,16.366,15.65,16.05,136217
12-28-2016,15.55,15.8,15.35,15.65,107819
12-29-2016,15.7,15.8,15.4,15.7,129786
12-30-2016,15.9,15.95,15.105,15.7,132247
01-03-2017,15.65,16.35,15.15,16.15,169395
01-04-2017,16.2,16.3,15.35,15.65,211893
01-05-2017,17.95,18.6,17,17.05,802500
01-06-2017,17.75,18.1772,17.45,17.9,232541
01-09-2017,17.65,18,17.25,17.8,184548
01-10-2017,17.6,17.8,17.35,17.8,129343
01-11-2017,16.6,17.55,16.35,17.55,194118
01-12-2017,16.6,16.7,16.2,16.4,154118
01-13-2017,16.75,17.2,16.25,16.6,123250
01-17-2017,15.9,16.65,15.8,16.65,132400
01-18-2017,15.65,16.8,15.2,16,126648
01-19-2017,15.4,15.75,15.2,15.55,143402
01-20-2017,15.1,15.55,14.8,15.45,122913
01-23-2017,14.95,15.3,14.75,15.05,118854
01-24-2017,14.95,15,14.25,15,133104
01-25-2017,14.35,15.3607,14.3,15.1,103217
01-26-2017,14.25,14.75,14.15,14.4,165890
01-27-2017,14.1,14.35,13.8,14.35,533565
01-30-2017,14.05,14.15,13.75,14.05,322279
01-31-2017,14.65,14.8,13.85,13.95,242049
02-01-2017,13.95,15,13.85,14.7,291021
02-02-2017,14.1,14.45,13.75,13.95,629973
02-03-2017,14.35,14.55,13.95,14.25,175004
02-06-2017,14.4,14.6,13.65,13.65,169723
02-07-2017,14.5,14.55,14.05,14.4,438806
02-08-2017,14.65,14.75,14.35,14.35,109691
02-09-2017,14.95,15,14.4,14.55,120654
02-10-2017,15.25,15.4,14.85,15,109825
02-13-2017,15.3,15.5,15,15.3,126861
02-14-2017,15.2,15.45,14.8,15.25,138033
02-15-2017,15.25,15.35,14.75,15.1,140572
02-16-2017,15.05,15.3,14.5,15.2,164169
02-17-2017,15.55,15.65,14.65,15.05,146995
02-21-2017,15.55,15.85,14.95,15.6,176067
02-22-2017,15.15,15.8,15.15,15.55,84810
02-23-2017,14.95,15.25,14.75,15.15,96815
02-24-2017,14.55,15.05,14.25,14.75,259616
02-27-2017,15.55,15.575,14.4,14.5,128043
02-28-2017,14.85,15.4,14.75,15.4,97159
03-01-2017,15.4,15.7,15,15.15,137551
03-02-2017,15.35,15.75,15.25,15.35,118208
03-03-2017,14.5,15.8,14.2,14.2,288336
03-06-2017,14,14.85,13.6,14.3,351780
03-07-2017,13.85,14.55,13.75,13.8,232939
03-08-2017,13.4,13.9243,13.35,13.9,236126
03-09-2017,13.25,13.9,13.1,13.45,270519
03-10-2017,13.15,13.6,12.8624,13.4,188594
03-13-2017,12.7,13.3,12.6,13.1,118316
03-14-2017,12.25,12.85,12.15,12.7,288812
03-15-2017,12.75,12.85,12.25,12.35,153692
03-16-2017,13.05,13.15,12.275,12.7,152643
03-17-2017,13.45,13.75,12.7,12.9,529004
03-20-2017,13.1,13.75,12.8,13.4,150513
03-21-2017,12.25,13.15,12.25,13.15,159699
03-22-2017,13.15,13.15,12.1,12.3,231639
03-23-2017,13.1,13.4,12.85,13.05,117846
03-24-2017,12.85,13.3,12.75,13.2,130464
