03-28-2016,35.37,37.35,35.02,37.35,587492
03-29-2016,27.92,29.78,25.2,28.25,4164268
03-30-2016,27.53,29.48,27.01,28.37,1036842
03-31-2016,29.37,29.55,27.5,27.5,1644452
04-01-2016,29.19,30.2,28.43,29.36,695128
04-04-2016,28.48,29.78,28.41,29.34,578662
04-05-2016,29.08,29.36,27.72,28.1,539772
04-06-2016,31.87,32.077,29.26,29.28,1301508
04-07-2016,30.85,32.56,30.65,31.66,683179
04-08-2016,30.78,31.94,30.24,31.59,416700
04-11-2016,30.18,31.31,30.18,30.83,418679
04-12-2016,30.44,30.72,29.39,30.13,459278
04-13-2016,31.68,32.07,30.39,30.96,449951
04-14-2016,31.95,32.67,31.39,31.95,472806
04-15-2016,31.85,32.22,31.08,31.86,352391
04-18-2016,32.75,32.97,31.25,31.64,439969
04-19-2016,32.65,33.25,32.32,32.67,478889
04-20-2016,33.28,33.65,32.56,32.77,408039
04-21-2016,33.97,34.73,32.58,33.23,573437
04-22-2016,33.98,34.43,32.82,34.09,681229
04-25-2016,32.7,34.18,32.52,33.98,580192
04-26-2016,32.26,32.765,30.59,32.5,483063
04-27-2016,32.28,32.66,31,32,525067
04-28-2016,32.52,33.62,31.805,32.18,606295
04-29-2016,30.69,32.86,30.03,32.4,484133
05-02-2016,29.9,30.99,28.69,30.83,545478
05-03-2016,27.56,29.84,27.5,29.77,515596
05-04-2016,25.23,28,24.74,27.5,780446
05-05-2016,24.45,25.5399,24.1401,25.15,480997
05-06-2016,23.49,24.6,23.07,24.25,554311
05-09-2016,24.49,25.29,22.61,23.66,602928
05-10-2016,21.87,24.6969,19.74,24.55,1855871
05-11-2016,22.89,26.49,21.81,22.24,1932334
05-12-2016,22.36,24.1099,22.0301,23.05,1265934
05-13-2016,26.21,27.49,22.22,22.34,1756497
05-16-2016,29.01,29.28,26.34,26.72,1291988
05-17-2016,29.63,30.98,28.78,28.79,1373599
05-18-2016,31.38,32.2089,29.54,29.54,725748
05-19-2016,30.57,32.47,30.11,31.35,533494
05-20-2016,31.95,32.45,30.65,30.67,509842
05-23-2016,31.57,32.21,31.36,31.82,380132
05-24-2016,32.61,32.71,31.41,31.96,540043
05-25-2016,35.61,35.98,32.78,32.85,895404
05-26-2016,35.83,36.24,34.91,35.36,580725
05-27-2016,37.28,37.28,35.26,35.79,461576
05-31-2016,37.79,39.18,37.025,37.73,660840
06-01-2016,38.18,38.86,37.2,37.7,489186
06-02-2016,39.3,39.49,38.09,38.14,664186
06-03-2016,36.21,39.67,36.13,39.15,722274
06-06-2016,37.51,37.57,35.15,37.11,928493
06-07-2016,35.51,36.97,34.78,36.96,852048
06-08-2016,35.46,36.31,35.11,35.61,656190
06-09-2016,33.84,35.65,33.8,35.04,677574
06-10-2016,33.41,34.36,32.6832,33.2,623424
06-13-2016,32.92,33.87,32.55,33.04,648579
06-14-2016,32.23,33.23,31.31,32.86,502533
06-15-2016,32.24,32.92,31.97,32.7,378700
06-16-2016,31.7,32.34,30.99,32.24,379655
06-17-2016,31.22,32.52,30.96,31.85,625877
06-20-2016,32.03,33.13,31.33,31.77,441416
06-21-2016,31.14,32.1666,30.45,31.9,446891
06-22-2016,31.53,31.64,30,31.13,524999
06-23-2016,33.65,34.04,31.3401,31.96,799930
06-24-2016,30.62,32.44,30.5,31.98,2631809
06-27-2016,27.8,30.37,27.635,30.15,878401
06-28-2016,29.09,29.4,28.08,28.5,695877
06-29-2016,30.31,30.7,29.13,29.8,409978
06-30-2016,29.79,30.75,29.42,30.39,387531
07-01-2016,30.22,30.58,29.53,29.61,582288
07-05-2016,28.54,30.2552,28.14,29.77,414181
07-06-2016,30.46,30.62,28.225,28.34,430948
07-07-2016,32.15,32.16,30.79,30.79,479216
07-08-2016,34.88,35.16,32.11,32.15,744644
07-11-2016,34.49,36.08,34.34,35.25,628800
07-12-2016,34.16,34.99,33.86,34.99,494174
07-13-2016,32.77,34.3,32.04,34.21,352985
07-14-2016,32.36,33.12,31.7,33.12,266036
07-15-2016,32.98,33.13,32.03,32.58,384274
07-18-2016,33.05,33.3,32.33,33.04,402494
07-19-2016,31.16,32.95,31,32.93,368970
07-20-2016,33.07,33.09,31.02,31.3,471413
07-21-2016,34.52,36,33.3,33.3,789895
07-22-2016,41.52,42.28,38.8,39.7,2749969
07-25-2016,41.54,41.86,40.081,41.29,792155
07-26-2016,45.67,46.5,41.62,41.92,1621608
07-27-2016,47.25,47.705,45.62,45.88,1227853
07-28-2016,48.52,49.11,46.73,47.29,615627
07-29-2016,49.89,50.47,48.061,48.51,631483
08-01-2016,49.04,50.94,48.33,50,938558
08-02-2016,47.86,49.5685,46.3,49.11,592434
08-03-2016,49.34,49.61,46.87,48.04,595383
08-04-2016,47.59,50.89,47.56,49.94,781264
08-05-2016,48.29,48.34,46.38,47.54,595919
08-08-2016,46.04,49.073,45.41,48.07,1001308
08-09-2016,46.59,47.9,45.85,46.77,419548
08-10-2016,45.95,48.8395,45.22,48,590932
08-11-2016,45.78,46.484,44.73,46.14,325810
08-12-2016,48.63,48.94,45.75,45.78,833193
08-15-2016,48.89,49.97,48.04,48.93,426538
08-16-2016,48.22,49.4399,47.87,48.56,307761
08-17-2016,49.11,49.69,48.06,48.09,605329
08-18-2016,50.76,52.41,48.36,49.04,544066
08-19-2016,50.09,51.51,49.77,50.36,313531
08-22-2016,54.65,55.434,50.69,50.85,1173523
08-23-2016,56.62,57.209,55,55.45,824133
08-24-2016,57.87,63.06,56.25,56.25,1918922
08-25-2016,56.95,59.98,55.03,57.8,1124872
08-26-2016,57.63,59.32,56.06,57,749443
08-29-2016,59.12,59.61,56.731,57.69,473938
08-30-2016,59.27,60.16,58.58,59.1,370753
08-31-2016,59.15,59.78,57.69,59.05,509471
09-01-2016,58.71,61.24,55.65,59.16,920504
09-02-2016,57.48,59.379,57.2,58.98,447148
09-06-2016,58.47,59.66,57.49,57.83,672030
09-07-2016,58.01,59.26,56.95,58.55,447515
09-08-2016,59.02,59.38,56.78,58.07,364158
09-09-2016,58.9,60.78,57.67,58.85,698552
09-12-2016,63.82,63.98,58.01,58.15,832725
09-13-2016,61.26,64.44,60.94,62.75,673960
09-14-2016,61.16,63.6,59.661,61.66,665350
09-15-2016,60.57,61.75,60.2,61.6,475851
09-16-2016,59.46,60.5,58.63,60.35,1439413
09-19-2016,58.95,61.86,58.68,60.02,975707
09-20-2016,65.16,68,63.96,64.42,3480277
09-21-2016,67.97,69.15,65.26,68.67,2759014
09-22-2016,65.98,71.47,65.72,70.96,2385233
09-23-2016,68.08,69.51,66.06,66.29,1202068
09-26-2016,69.68,69.95,67.29,67.29,911165
09-27-2016,70.41,73.27,68.03,69.79,1640146
09-28-2016,67.26,71.65,66.27,70.85,1219132
09-29-2016,66.06,68.8,65.89,67.08,981668
09-30-2016,67.05,67.38,60.25,63.07,1789261
10-03-2016,64.18,66.905,62.87,66.07,773256
10-04-2016,62.54,64.39,62.27,64.37,753031
10-05-2016,65.63,68.05,63.14,63.24,1691828
10-06-2016,59.71,64.96,59.64,64.15,1180895
10-07-2016,58.33,61.59,57.78,60.07,1024584
10-10-2016,61.13,62.18,58.67,59.34,720405
10-11-2016,58.33,61.43,57.72,60.26,791622
10-12-2016,56.46,59.15,55.75,58.31,615480
10-13-2016,56.09,57.2,55.11,55.58,592313
10-14-2016,54.35,56.965,54.2475,56.75,489846
10-17-2016,52.3,54.75,51.2,54,804205
10-18-2016,52.65,54.65,52.4,52.9,318573
10-19-2016,42.7,48.1,42.15,48.1,4133295
10-20-2016,43.8,44.55,39.1,39.35,6219257
10-21-2016,43.55,45.75,42.55,42.6,2041528
10-24-2016,43.35,44.2,42.5,43.55,687199
10-25-2016,43.65,44.95,42.55,43.2,714034
10-26-2016,42,44.7,41.65,43.3,541251
10-27-2016,39.55,42.9,39.45,42.55,746728
10-28-2016,39.25,40.7,38.1,38.85,769969
10-31-2016,38.3,39.65,38.05,39.35,1066987
11-01-2016,38.85,39.75,37.5501,38.4,957230
11-02-2016,38.15,39.1,37.4,38.35,667429
11-03-2016,34.6,38.71,34.3,38.35,1208188
11-04-2016,36.2,37.15,34,34.1,619603
11-07-2016,38.75,39.35,36.625,37.25,964644
11-08-2016,40.3,41.05,38.1,38.3,809956
11-09-2016,46.85,47.5,41.8,43.2,1396474
11-10-2016,48.9,53.75,47.95,48.7,1361964
11-11-2016,50.4,50.95,47.7,48.1,923684
11-14-2016,40.1,51,32.725,50.95,6933036
11-15-2016,43.05,43.9,40.2001,40.975,1621666
11-16-2016,41.8,44.95,41.5,42.35,688789
11-17-2016,42.5,42.9,40.55,42.2,473570
11-18-2016,43.25,43.55,41.25,42.8,480483
11-21-2016,43.8,44.9,42.9,43.2,497358
11-22-2016,44.2,45.2,42.95,44.1,469083
11-23-2016,46.3,46.4,42.3,43.4,378600
11-25-2016,47.1,47.4485,45.1,46.3,232323
11-28-2016,44.6,46.9,44.525,46.75,507548
11-29-2016,44.95,45.85,44,44.8,496297
11-30-2016,43.05,46,42.6,45.2,483518
12-01-2016,39.5,44.2,39.15,43.35,754879
12-02-2016,40,41.9,39,39.4,638452
12-05-2016,41.35,41.7,40.25,40.7,536430
12-06-2016,41.8,43.2,40.55,42.85,638883
12-07-2016,39.8,41.55,38.3,41.45,668443
12-08-2016,36.45,39.45,35.2,37.7,1422347
12-09-2016,36.5,38.9,36.1,36.9,957088
12-12-2016,36.45,36.95,34.765,36.35,799558
12-13-2016,36.35,37,35,36.6,501225
12-14-2016,34.35,36.75,34.175,36.35,725366
12-15-2016,35.5,35.9,34,34.05,560262
12-16-2016,36.25,36.9,35.16,35.6,2709886
12-19-2016,35.05,37.2,34.925,36.2,539945
12-20-2016,34.5,35.95,34.1,35.35,711311
12-21-2016,32.75,34.55,32.65,34.55,619923
12-22-2016,32.3,33.65,32,32.9,488680
12-23-2016,33.8,33.9,32.3,32.3,548479
12-27-2016,32.85,34.25,32.75,33.9,427672
12-28-2016,31.65,33.05,31.5,32.9,494212
12-29-2016,30.55,32.15,30,31.65,848889
12-30-2016,30.7,31,29.85,30.65,826441
01-05-2017,33,34.475,31.95,34.15,850187
01-06-2017,34.35,35.6,33.15,33.15,969579
01-09-2017,34.6,35.3,32.85,35.3,924478
01-10-2017,35.25,35.6,33.75,34.8,903685
01-11-2017,34.25,35.4,32.85,35.25,949839
01-12-2017,34.75,35,33.3,33.9,560692
01-13-2017,35.625,36.445,34.8,34.8,627962
01-17-2017,34.65,35.6478,33.3,35.45,751284
01-18-2017,35.7,35.8,34.475,34.8,411322
01-19-2017,35.5,35.7,34.05,35.65,456707
01-20-2017,32.25,35.849,32.2,35.5,922154
01-23-2017,31.1,32.3,29.6,32.3,882142
01-24-2017,32.65,32.75,29.8,31.25,789125
01-25-2017,33.45,33.9,32.35,32.95,497617
01-26-2017,32,33.5,31.65,33.4,528696
01-27-2017,32.15,32.75,31.65,31.95,398845
01-30-2017,30.65,31.9,30.45,31.9,677346
01-31-2017,32.4,32.6,30,30.45,1129291
02-01-2017,33.2,33.3,31.45,32.65,682005
02-02-2017,33.45,34.25,32.55,32.95,527529
02-03-2017,33.35,33.8,32.55,33.4,441589
02-06-2017,33.15,33.3,32.35,33,398529
02-07-2017,33.85,34.65,33.1,33.2,744765
02-08-2017,37.25,38.85,33.65,33.85,1231559
02-09-2017,36.4,38.4,35.95,37.2,792709
02-10-2017,36.45,37.25,35.55,36.9,529813
02-13-2017,36.75,38,36.4374,36.8,510019
02-14-2017,36.95,37.25,36.05,36.5,365374
02-15-2017,37.85,38.45,36.75,36.75,705232
02-16-2017,37.35,38.85,37.15,37.85,776003
02-17-2017,40.25,40.5,36.7,37.25,1377113
02-21-2017,38.35,41.35,38.0001,40.25,1099007
02-22-2017,34.3,38.5,34.25,38.05,904794
02-23-2017,34.7,35.2,33.85,34.55,537455
02-24-2017,36.2,36.2,33.65,34.35,734462
02-27-2017,37.35,37.6,35.65,36.2,922483
02-28-2017,36.7,37.7,35.45,37.25,647610
03-01-2017,38.05,38.9,36.9,37.35,789557
03-02-2017,32.8,35.55,28.95,29,9000783
03-03-2017,33.75,34.5,32.15,32.5,1404907
03-06-2017,33.65,33.9,31.7,33.5,1125977
03-07-2017,35.6,35.75,32.2,32.7,1660795
03-08-2017,40.3,41.15,35.1,35.55,2553453
03-09-2017,39.25,40.45,38.5,40.3,867875
03-10-2017,40.05,40.85,39.05,39.5,820613
03-13-2017,44.8,45.2,39.8,40.05,1880322
03-14-2017,41.8,44.7,41.7,44.4,895377
03-15-2017,43.3,43.5,41.85,41.95,734410
03-16-2017,43.75,44.6545,42.95,43.25,786276
03-17-2017,44.15,45.2,43.5,43.5,2202672
03-20-2017,44.45,45.44,42.6,43.35,509380
03-21-2017,40.25,44.85,39.8,44.75,948987
03-22-2017,41.55,41.6,39.3501,40.3,676921
03-23-2017,40.1,41.7,39.85,41.5,374813
03-24-2017,39.7,40.7,39.3,40.35,501421
