03-28-2016,4.06,4.3,4,4.27,576111
03-29-2016,4.19,4.22,3.91,4.06,766837
03-30-2016,4.25,4.43,4.21,4.22,947110
03-31-2016,4.36,4.44,4.22,4.24,716484
04-01-2016,4.41,4.49,4.24,4.3,746490
04-04-2016,4.1,4.31,4.05,4.18,1407831
04-05-2016,4.08,4.35,4.06,4.16,1061458
04-06-2016,4.31,4.31,4.04,4.11,1005279
04-07-2016,4.56,4.665,4.26,4.26,1417712
04-08-2016,4.76,4.81,4.55,4.64,1475527
04-11-2016,4.75,4.84,4.67,4.78,873686
04-12-2016,4.79,4.8,4.56,4.75,929182
04-13-2016,4.84,4.93,4.77,4.82,665385
04-14-2016,4.78,4.955,4.75,4.89,565815
04-15-2016,4.87,4.9,4.69,4.75,580830
04-18-2016,5.26,5.36,4.86,4.89,1209592
04-19-2016,5.12,5.3792,5.01,5.31,637884
04-20-2016,5.09,5.22,4.97,5.18,624356
04-21-2016,5.23,5.29,5.01,5.08,760047
04-22-2016,5.53,5.54,5.2,5.26,1028654
04-25-2016,5.54,5.72,5.525,5.55,729014
04-26-2016,5.38,5.74,5.38,5.56,1438475
04-27-2016,5.46,5.57,5.19,5.35,635581
04-28-2016,5.5,5.75,5.368,5.45,1014841
04-29-2016,5.31,5.53,5.25,5.45,735702
05-02-2016,5.45,5.51,5.21,5.43,699021
05-03-2016,5.37,5.545,5.255,5.36,651595
05-04-2016,5.19,5.45,5.19,5.29,927703
05-05-2016,5,5.11,4.5,5.01,1475357
05-06-2016,5.04,5.15,4.83,4.94,885387
05-09-2016,5.1,5.21,5,5.03,541284
05-10-2016,5.02,5.2499,4.95,5.15,670127
05-11-2016,4.74,5.04,4.72,5,851779
05-12-2016,4.63,4.7899,4.52,4.77,961789
05-13-2016,4.64,4.76,4.58,4.62,582903
05-16-2016,4.77,4.86,4.66,4.66,769295
05-17-2016,4.65,4.8,4.56,4.76,847740
05-18-2016,4.78,4.88,4.62,4.62,508427
05-19-2016,4.71,4.88,4.605,4.78,481344
05-20-2016,4.8,4.85,4.68,4.73,735810
05-23-2016,4.9,5.04,4.79,4.81,562966
05-24-2016,4.89,5.01,4.86,4.97,704180
05-25-2016,4.87,4.97,4.79,4.91,573777
05-26-2016,4.77,4.88,4.67,4.88,526829
05-27-2016,4.89,4.9655,4.7,4.8,331063
05-31-2016,5.025,5.1,4.92,4.92,1326150
06-01-2016,4.93,5.05,4.9,5.01,1075327
06-02-2016,5.01,5.04,4.9,4.93,870506
06-03-2016,4.94,5.08,4.84,5.01,1221159
06-06-2016,4.92,5.04,4.8,4.94,577708
06-07-2016,4.87,4.97,4.8,4.88,840738
06-08-2016,4.89,4.95,4.8,4.9,599894
06-09-2016,4.68,4.91,4.68,4.89,695691
06-10-2016,4.64,4.7,4.6,4.7,482787
06-13-2016,4.57,4.695,4.55,4.62,697040
06-14-2016,4.6,4.68,4.47,4.55,648008
06-15-2016,4.63,4.71,4.6,4.61,581891
06-16-2016,4.74,4.75,4.52,4.62,541519
06-17-2016,4.62,4.89,4.59,4.77,1231612
06-20-2016,4.79,4.84,4.65,4.69,670917
06-21-2016,4.68,4.84,4.645,4.84,686367
06-22-2016,4.66,4.877,4.61,4.68,579448
06-23-2016,4.78,4.78,4.67,4.71,556069
06-24-2016,4.48,4.66,4.45,4.5,1278862
06-27-2016,4.06,4.57,4,4.41,1267591
06-28-2016,4.24,4.27,4.13,4.15,644385
06-29-2016,4.17,4.35,4.08,4.31,1472852
06-30-2016,4.22,4.33,4.1,4.16,871705
07-01-2016,4.43,4.44,4.19,4.22,573968
07-05-2016,4.63,4.84,4.4,4.63,2618435
07-06-2016,5.06,5.095,4.53,4.58,1998374
07-07-2016,5.44,5.49,5.08,5.2,2202197
07-08-2016,5.47,5.59,5.38,5.45,1394521
07-11-2016,5.37,5.66,5.32,5.63,1385436
07-12-2016,5.18,5.4863,5.16,5.45,1151118
07-13-2016,4.92,5.2,4.89,5.18,1155320
07-14-2016,4.83,5.17,4.82,5.04,2250814
07-15-2016,5.1,5.115,4.82,4.87,1755836
07-18-2016,5.4,5.59,5.01,5.13,2821848
07-19-2016,4.94,5.58,4.85,5.51,3471646
07-20-2016,6.14,6.51,5.93,6.21,15843978
07-21-2016,6.16,6.19,5.91,6.11,4360335
07-22-2016,6.01,6.25,5.96,6.21,1959216
07-25-2016,5.92,6.18,5.89,6.01,1488106
07-26-2016,5.98,6.17,5.95,6.11,1765583
07-27-2016,6.06,6.09,5.95,6.05,1190095
07-28-2016,5.81,6.157,5.75,6.02,2188168
07-29-2016,5.85,5.937,5.78,5.8,1243128
08-01-2016,5.84,6.02,5.78,5.81,1167392
08-02-2016,5.66,5.91,5.58,5.8,1522465
08-03-2016,5.85,5.89,5.61,5.61,1533620
08-04-2016,5.93,6.09,5.8,6,2424203
08-05-2016,6.28,6.379,5.9501,6.04,3639955
08-08-2016,6.36,6.43,6.265,6.28,1299924
08-09-2016,6.85,6.96,6.26,6.32,2673973
08-10-2016,6.68,6.9,6.5316,6.88,1498654
08-11-2016,6.67,6.81,6.56,6.7,1009414
08-12-2016,6.68,6.78,6.63,6.67,684374
08-15-2016,6.91,7.05,6.7,6.73,1497037
08-16-2016,6.77,6.94,6.75,6.88,893107
08-17-2016,6.81,6.89,6.75,6.77,809285
08-18-2016,6.88,6.94,6.7,6.83,861105
08-19-2016,6.82,6.94,6.795,6.84,860204
08-22-2016,6.97,7,6.74,6.82,1074890
08-23-2016,6.84,7.09,6.79,7,1182653
08-24-2016,6.56,7.09,6.52,6.82,1620673
08-25-2016,6.52,6.88,6.35,6.58,1477982
08-26-2016,6.55,6.72,6.41,6.54,1131297
08-29-2016,6.52,6.66,6.48,6.52,848567
08-30-2016,6.44,6.67,6.4018,6.49,950843
08-31-2016,6.28,6.46,6.1768,6.39,1161835
09-01-2016,6.14,6.35,6.06,6.25,812573
09-02-2016,5.96,6.19,5.94,6.15,957062
09-06-2016,6.16,6.16,5.93,5.98,985951
09-07-2016,6.34,6.61,6.22,6.56,1489933
09-08-2016,6.4,6.485,6.175,6.3,1750863
09-09-2016,6.02,6.38,6.01,6.3,1009148
09-12-2016,6.24,6.285,6.03,6.08,958962
09-13-2016,6.07,6.62,5.91,6.31,892294
09-14-2016,6.12,6.22,6.035,6.08,802962
09-15-2016,6.22,6.26,6.02,6.11,873745
09-16-2016,6.1,6.22,6.04,6.21,1453147
09-19-2016,6.16,6.22,6.06,6.18,795705
09-20-2016,6.18,6.34,6.17,6.22,702056
09-21-2016,6.24,6.2836,6,6.19,739597
09-22-2016,6.12,6.34,6.06,6.3,806788
09-23-2016,6.01,6.19,6,6.12,853321
09-26-2016,5.87,6.03,5.86,6.02,651593
09-27-2016,6.06,6.07,5.83,5.85,824899
09-28-2016,6.06,6.1199,5.95,6.04,802120
09-29-2016,5.72,6.095,5.72,6.03,1056852
09-30-2016,6.33,6.35,5.78,5.78,2012395
10-03-2016,6.77,6.845,6.3,6.3,2593473
10-04-2016,7.05,7.75,6.86,6.93,4310133
10-05-2016,7.12,7.18,6.87,7.03,1284035
10-06-2016,7.06,7.22,7.01,7.03,1236782
10-07-2016,7.02,7.05,6.815,7.04,869480
10-10-2016,7,7.15,6.92,7.04,1100663
10-11-2016,6.57,6.93,6.5,6.93,1293775
10-12-2016,6.26,6.6333,6.26,6.55,810977
10-13-2016,6.32,6.45,6.21,6.25,797449
10-14-2016,5.91,6.38,5.91,6.34,986675
10-17-2016,5.72,5.93,5.72,5.91,925893
10-18-2016,5.65,5.86,5.59,5.8,909334
10-19-2016,5.55,5.64,5.49,5.64,660832
10-20-2016,5.7,5.71,5.47,5.54,632795
10-21-2016,5.54,5.72,5.49,5.72,746809
10-24-2016,5.23,5.65,5.23,5.55,1090698
10-25-2016,5.185,5.297,5.11,5.2,902457
10-26-2016,5.15,5.26,5.11,5.16,627856
10-27-2016,5.2,5.34,5.17,5.3,649222
10-28-2016,5.09,5.23,4.97,5.2,1050562
10-31-2016,5.03,5.18,4.99,5.13,638670
11-01-2016,5.07,5.09,4.84,5.03,806144
11-02-2016,5.19,5.31,5.06,5.12,1076743
11-03-2016,4.92,5.2347,4.92,5.2,1256307
11-04-2016,5.13,5.18,4.92,4.96,859307
11-07-2016,5.45,5.5,4.95,5.3,1946897
11-08-2016,5.98,6.3,5.31,5.41,2438334
11-09-2016,6.84,6.96,6.25,6.25,3402737
11-10-2016,6.9,7.07,6.45,6.97,2540671
11-11-2016,7.08,7.14,6.8,6.87,1941917
11-14-2016,7.5,7.54,6.93,7.15,2709675
11-15-2016,7.76,7.94,7.28,7.43,2779908
11-16-2016,7.48,7.9364,7.415,7.75,2625028
11-17-2016,7.9,8.02,7.5,7.53,2377436
11-18-2016,8.01,8.23,7.7301,7.92,1751524
11-21-2016,8.25,8.303,8.0014,8.02,1162203
11-22-2016,8.24,8.4,8.1189,8.23,1927832
11-23-2016,8.49,8.5,8,8.09,1137880
11-25-2016,8.66,8.71,8.4,8.5,794147
11-28-2016,8.7,8.84,8.52,8.64,1215121
11-29-2016,9.05,9.09,8.5924,8.67,1124265
11-30-2016,8.95,9.2261,8.9,9.14,1698183
12-01-2016,8.67,8.96,8.645,8.93,1364281
12-02-2016,8.64,8.82,8.2734,8.63,1040128
12-05-2016,8.86,9,8.5011,8.73,1466521
12-06-2016,9.02,9.1,8.7,8.89,1012942
12-07-2016,8.56,9.01,8.39,8.81,1027006
12-08-2016,8.87,8.91,8.411,8.53,1708825
12-09-2016,9.15,9.19,8.83,8.96,1180087
12-12-2016,9.01,9.19,8.9,9.09,863633
12-13-2016,8.87,9.26,8.84,9.07,674441
12-14-2016,8.98,9.035,8.76,8.87,813750
12-15-2016,9.22,9.54,8.9,8.99,1335362
12-16-2016,8.95,9.33,8.83,9.12,2741356
12-19-2016,8.94,9.335,8.865,8.96,902530
12-20-2016,9.17,9.3,8.81,9,657628
12-21-2016,8.88,9.34,8.88,9.21,519427
12-22-2016,8.86,9.01,8.765,8.93,419220
12-23-2016,9.57,9.6799,9,9.15,956640
12-27-2016,9.25,9.7755,9.24,9.6,725003
12-28-2016,9.04,9.3606,9,9.31,597327
12-29-2016,8.83,9.25,8.78,9.03,588456
12-30-2016,8.64,8.945,8.57,8.84,841584
01-03-2017,8.62,8.97,8.4,8.8,861317
01-04-2017,8.85,8.96,8.57,8.66,1001435
01-05-2017,8.73,9.01,8.63,8.85,598578
01-06-2017,8.89,9.08,8.72,8.76,760326
01-09-2017,8.74,8.97,8.65,8.95,735392
01-10-2017,9.22,9.25,8.74,8.8,1197227
01-11-2017,8.9,9.6699,8.55,9.25,2838522
01-12-2017,8.92,9.04,8.74,8.8,480429
01-13-2017,8.96,9.19,8.84,8.93,540167
01-17-2017,8.8,8.9,8.61,8.85,802901
01-18-2017,8.96,8.98,8.72,8.87,768325
01-19-2017,8.9,9.17,8.85,9.01,492539
01-20-2017,8.89,8.9857,8.78,8.92,582597
01-23-2017,8.8,8.92,8.72,8.88,772581
01-24-2017,8.85,8.96,8.48,8.82,770596
01-25-2017,8.87,8.99,8.785,8.93,420224
01-26-2017,8.54,8.94,8.53,8.85,525495
01-27-2017,8.57,8.68,8.42,8.55,454366
01-30-2017,8.32,8.66,8.1482,8.53,518292
01-31-2017,8.92,8.96,8.17,8.25,815448
02-01-2017,9.18,9.19,8.84,8.98,738912
02-02-2017,9.43,9.58,9,9.12,644605
02-03-2017,9.49,9.55,9.34,9.52,754301
02-06-2017,10,10.27,9.78,9.95,1540474
02-07-2017,9.53,10.09,9.41,10.03,1420420
02-08-2017,9.58,9.62,9.35,9.48,570184
02-09-2017,9.73,9.85,9.59,9.59,1230197
02-10-2017,9.52,9.99,9.46,9.74,596652
02-13-2017,9.68,9.78,9.5544,9.6,755189
02-14-2017,9.67,9.74,9.4,9.65,1981912
02-15-2017,9.62,9.7,9.45,9.61,1648469
02-16-2017,10.54,10.56,10.12,10.28,4773783
02-17-2017,10.62,10.84,10.33,10.53,13149855
02-21-2017,10.44,10.75,10.21,10.65,2123177
02-22-2017,10.11,10.49,9.99,10.43,1369211
02-23-2017,10.24,10.28,9.99,10.11,1610933
02-24-2017,10.36,10.43,10.06,10.22,1141807
02-27-2017,11.22,11.29,10.335,10.35,3210294
02-28-2017,11.24,11.37,10.95,11.13,2719367
03-01-2017,11.32,11.45,11.06,11.38,1444854
03-02-2017,11.2,11.54,11.06,11.25,880941
03-03-2017,11.12,11.39,10.97,11.24,732514
03-06-2017,10.99,11.26,10.95,11.06,790493
03-07-2017,10.72,10.98,10.63,10.81,831396
03-08-2017,11.01,11.29,10.7,10.71,1282102
03-09-2017,11.42,11.5,10.73,11.25,1622407
03-10-2017,11.48,11.6,11.17,11.55,1671676
03-13-2017,11.54,11.63,11.23,11.46,997496
03-14-2017,11.22,11.48,11.05,11.41,1006329
03-15-2017,11.6,11.72,11.25,11.25,804923
03-16-2017,11.44,11.7,11.3,11.65,1303975
03-17-2017,11.13,11.41,10.9,11.4,1857908
03-20-2017,11.29,11.39,10.9494,11.14,979366
03-21-2017,10.82,11.33,10.815,11.29,964040
03-22-2017,11.25,11.255,10.81,10.85,1068859
03-23-2017,11.09,11.39,11,11.22,626826
03-24-2017,11.26,11.48,11.07,11.47,1376938
