03-28-2016,7.09,7.25,7.05,7.05,19629
03-29-2016,7.33,7.37,6.67,6.99,28386
03-30-2016,7.94,7.97,7.36,7.36,35485
03-31-2016,7.74,8.49,7.46,7.95,64649
04-01-2016,8.14,8.3564,7.68,7.68,17790
04-04-2016,8.63,9.01,8.16,8.16,25586
04-05-2016,8.38,8.87,7.895,8.58,26052
04-06-2016,8.34,8.71,7.95,8.135,61949
04-07-2016,8.32,8.44,8.02,8.2,20310
04-08-2016,8.36,8.49,8.065,8.065,12221
04-11-2016,8.14,9.2499,8.06,8.46,19314
04-12-2016,8.19,8.21,8,8.12,4918
04-13-2016,8.13,8.31,7.95,8.21,119789
04-14-2016,8.57,9.88,8.15,8.15,80722
04-15-2016,8.9,9.52,8.52,8.52,35158
04-18-2016,9.28,9.61,8.91,9.3,34635
04-19-2016,9.75,9.93,9,9.21,40475
04-20-2016,9.69,9.8,9.51,9.52,7138
04-21-2016,9.85,10.085,9.5,9.74,24857
04-22-2016,9.91,10.57,9.25,10.08,39998
04-25-2016,9.71,10,9.61,9.84,11866
04-26-2016,10.59,10.61,9.66,10.015,47058
04-27-2016,9.9,10.6771,9.67,10.05,33708
04-28-2016,9.72,11.43,9.6,9.84,15670
04-29-2016,9.76,11.63,9.69,9.69,24815
05-02-2016,9.7,10.08,9.29,10.08,16802
05-03-2016,9.09,9.46,9.05,9.46,6686
05-04-2016,8.72,9.09,8.63,8.93,12123
05-05-2016,8.97,9.07,8.47,8.9,27853
05-06-2016,7.9,8.6,7.81,8.6,14954
05-09-2016,7.79,7.98,7.45,7.8,12994
05-10-2016,7.74,7.9,7.465,7.86,12477
05-11-2016,7.35,7.7,6.98,6.98,13374
05-12-2016,7.2,7.515,7.19,7.47,7815
05-13-2016,7.22,7.32,7,7.19,6492
05-16-2016,7.63,7.71,7.23,7.59,6483
05-17-2016,7.27,8.4,7.21,8.12,15283
05-18-2016,7.4,7.87,7.24,7.62,11456
05-19-2016,6.97,7.8,6.87,7.26,14085
05-20-2016,7.16,7.7,6.97,7.01,8401
05-23-2016,7.16,7.44,7.11,7.44,10106
05-24-2016,6.97,7.78,6.5,7.78,37560
05-25-2016,6.79,8.1,6.77,7.65,33631
05-26-2016,6.66,6.9,6.62,6.79,14253
05-27-2016,6.52,6.682,6.46,6.65,17222
05-31-2016,6.38,6.65,6.26,6.54,20630
06-01-2016,6.2,6.5,6.03,6.26,35433
06-02-2016,6.11,6.99,5.935,6.3,108912
06-03-2016,5.88,6.1,5.77,6.09,24804
06-06-2016,5.66,5.84,5.54,5.77,34063
06-07-2016,5.52,5.8,5.51,5.68,41068
06-08-2016,5.75,5.91,5.5,5.52,259397
06-09-2016,5.9,6.2,5.8,5.8,38547
06-10-2016,5.76,6.1,5.39,5.92,65547
06-13-2016,5.41,5.72,5.38,5.63,48448
06-14-2016,5.24,5.49,5.1,5.41,25713
06-15-2016,5.31,5.92,5.04,5.21,45342
06-16-2016,5.34,5.4599,5.07,5.37,34571
06-17-2016,5.4,5.6699,5.38,5.38,35850
06-20-2016,5.17,6,5.13,5.5,62348
06-21-2016,5.05,5.25,4.95,5.25,53922
06-22-2016,5.03,5.9899,5.02,5.9899,35200
06-23-2016,5.35,5.5699,4.9,5.11,112623
06-24-2016,6,6.13,5.25,5.25,821613
06-27-2016,6.7,6.93,5.82,5.82,99635
06-28-2016,7.14,7.19,6.52,6.61,86071
06-29-2016,7.77,8.19,6.7624,7.22,41275
06-30-2016,8.03,8.25,7.05,7.83,76288
07-01-2016,8.07,8.36,7.85,8.04,30295
07-05-2016,8.36,8.4308,7.95,8.25,34873
07-06-2016,8.6,8.83,8.04,8.29,43654
07-07-2016,8.07,8.57,7.95,8.57,43481
07-08-2016,8.14,8.6999,8,8.11,28265
07-11-2016,8.11,8.21,8.01,8.21,11609
07-12-2016,8.09,8.545,8.09,8.545,20058
07-13-2016,8.1,8.39,7,8.17,25470
07-14-2016,8.25,8.39,7.82,8.12,14797
07-15-2016,8.49,8.56,8.2,8.25,24904
07-18-2016,8.6,8.98,8.38,8.38,25002
07-19-2016,8.25,8.66,8.03,8.66,13567
07-20-2016,8.06,8.63,8.04,8.63,21344
07-21-2016,8.01,8.42,8,8.42,12192
07-22-2016,8,8.36,8,8.08,25965
07-25-2016,8.04,8.25,7.98,8.19,13858
07-26-2016,8.06,8.5225,8,8.23,10028
07-27-2016,8.11,8.2,8.05,8.2,11634
07-28-2016,8.09,8.1412,8.06,8.1205,2878
07-29-2016,8,8.14,8,8.04,8813
08-01-2016,8.05,8.126,8,8,1952
08-02-2016,8.06,8.12,8.06,8.09,842
08-03-2016,8.43,8.69,8.203,8.26,5966
08-04-2016,8.37,8.93,8.37,8.93,832
08-05-2016,8.02,8.6,8.01,8.6,4298
08-08-2016,8.25,8.6983,8,8,6063
08-09-2016,8.35,8.47,8.35,8.35,4389
08-10-2016,8.3,8.4275,8.276,8.4175,694
08-11-2016,8.98,9.23,8.65,8.86,8536
08-12-2016,9.44,9.995,9,9,6560
08-15-2016,9.51,10.17,9.5,10.0938,3547
08-16-2016,9.7,9.98,9.5,9.5,25960
08-17-2016,10.41,10.56,9.8,9.81,16439
08-18-2016,10.51,10.6999,10.41,10.49,15633
08-19-2016,10.03,10.48,10.01,10.48,7456
08-22-2016,9.64,9.96,9.51,9.96,6936
08-23-2016,9.66,9.84,9.66,9.68,2413
08-24-2016,9.95,10.045,9.7,9.84,18572
08-25-2016,9.51,9.75,9.5001,9.75,1038
08-26-2016,9.6,9.8999,9.59,9.8999,4129
08-29-2016,9.88,9.89,9.62,9.62,1855
08-30-2016,9.72,10.25,9.58,9.81,4693
08-31-2016,8.82,9.7199,8.82,9.67,9558
09-01-2016,8.76,9.09,8.7,8.89,10717
09-02-2016,9.18,9.23,8.69,8.69,2711
09-06-2016,9.14,9.51,9.104,9.15,1935
09-07-2016,9.25,10.17,9.05,9.05,6520
09-08-2016,9.42,9.65,9.42,9.65,528
09-09-2016,9.08,9.08,9.08,9.08,115
09-12-2016,9,9.06,7.01,8.98,15302
09-13-2016,8.77,9.08,8.34,8.505,8454
09-14-2016,8.3,9.1068,8.3,8.8,11141
09-15-2016,8.44,9.49,8.4,8.94,22470
09-16-2016,8.3,8.7115,8.25,8.4,6565
09-19-2016,8.76,9.33,8.21,8.305,26362
09-20-2016,8.43,8.889,8.37,8.8,36985
09-21-2016,8.75,9.31,8.51,8.975,8536
09-22-2016,9.45,10.1948,9.06,9.06,173425
09-23-2016,9.66,9.839,9.51,9.7,39649
09-26-2016,9.07,9.7,8.84,9.7,29269
09-27-2016,9.0301,9.14,8.95,8.95,23426
09-28-2016,8.95,9.33,8.66,8.73,16586
09-29-2016,9.14,9.229,8.89,9.02,19697
09-30-2016,9.33,9.35,9.111,9.225,8999
10-03-2016,8.61,9.33,8.52,9.33,17372
10-04-2016,8.6,8.95,8.59,8.65,18018
10-05-2016,8.95,9,8.75,8.76,14456
10-06-2016,8.8,8.95,8.76,8.95,3741
10-07-2016,8.65,8.93,8.52,8.71,9115
10-10-2016,8.93,8.99,8.61,8.61,3038
10-11-2016,8.93,9.07,8.5,8.65,26037
10-12-2016,8.99,9.27,8.99,9.09,9505
10-13-2016,9.09,9.5996,8.625,9.4331,26320
10-14-2016,8.8499,9.6317,8.67,9.2,26322
10-17-2016,8.9,9.113,8.87,8.91,16204
10-18-2016,9,9.04,8.901,9.04,3766
10-19-2016,9.1,9.486,8.98,9.09,29028
10-20-2016,9.37,9.42,8.9935,9.13,5330
10-21-2016,9.375,9.726,8.9,8.99,8291
10-24-2016,9.36,9.91,9.1845,9.1845,20630
10-25-2016,9.5,9.67,9.27,9.29,18409
10-26-2016,9.95,10.87,9.6,9.62,157807
10-27-2016,10.18,10.43,9.78,10,62638
10-28-2016,9.8701,10.4,9.86,10.25,53706
10-31-2016,9.9,10.25,9.755,10.1,18883
11-01-2016,9.35,9.85,9.35,9.85,19707
11-02-2016,8.55,9.8,8.5,9.5,50877
11-03-2016,7.55,8.55,7.55,8.55,32683
11-04-2016,7.95,8.3,7.6,7.6,55342
11-07-2016,8.45,9.19,8.1,8.2365,51324
11-08-2016,8.3,8.8,8.0385,8.575,16595
11-09-2016,9.25,9.45,8.45,8.55,48272
11-10-2016,8.8,10.2,8.75,9.25,47679
11-11-2016,8.9,9.2,8.65,8.9,26776
11-14-2016,9.25,9.45,8.85,8.9,126904
11-15-2016,9.3,9.6,8.9,9.15,47348
11-16-2016,9.4,9.6,9.1234,9.3,59005
11-17-2016,10.1,10.2,9.3,9.6,90543
11-18-2016,10.15,10.2,9.75,10.1,88932
11-21-2016,10.75,11.05,9.9263,10.45,58947
11-22-2016,10.95,11.15,10.45,10.6,65817
11-23-2016,10.55,10.9,10.05,10.65,37119
11-25-2016,10.8,10.85,10.55,10.65,10645
11-28-2016,11.25,11.4,10.5,10.95,78702
11-29-2016,10.55,11.45,10.3,11.3,36234
11-30-2016,10.2,10.65,10.05,10.65,40946
12-01-2016,9.5,10,9.15,10,60746
12-02-2016,9.645,9.7,9.475,9.5,19174
12-05-2016,9.5,9.825,9.2,9.5,40295
12-06-2016,9.95,10.05,9.5,9.85,42853
12-07-2016,9.9,10,9.35,9.65,54132
12-08-2016,9.9,10.575,9.65,9.65,27898
12-09-2016,10,10.2425,9.5,9.8,26771
12-12-2016,9.9,9.9,9.6,9.8,29250
12-13-2016,2.5,3.1,2.45,2.9,4388901
12-14-2016,2.15,2.6,2.05,2.6,2043390
12-15-2016,2.05,2.15,1.9,2.15,763977
12-16-2016,2.1,2.1,1.95,2.1,434581
12-19-2016,1.95,2.15,1.9,2.1,333919
12-20-2016,2.1,2.25,1.9,1.95,966204
12-21-2016,2.05,2.15,2,2.15,370733
12-22-2016,2.05,2.075,2,2.05,292697
12-23-2016,1.95,2.05,1.9,2,269894
12-27-2016,1.95,2,1.9,1.95,114909
12-28-2016,1.95,2,1.9,2,106819
12-29-2016,1.85,1.95,1.775,1.9,456513
12-30-2016,1.9,1.9,1.75,1.9,283737
01-03-2017,1.95,1.95,1.8,1.95,154584
01-04-2017,2.05,2.145,1.942,1.95,265294
01-05-2017,2.1,2.1,2,2.1,152289
01-06-2017,2.05,2.1,2,2.1,140496
01-09-2017,2,2.1,1.905,2.1,93927
01-10-2017,1.95,2,1.9,2,77415
01-11-2017,2,2.05,1.9,1.95,158458
01-12-2017,1.95,2,1.9,2,66817
01-13-2017,2,2,1.905,1.95,105349
01-17-2017,1.95,2,1.95,2,93067
01-18-2017,1.9,2,1.9,2,208885
01-19-2017,1.95,2,1.9,1.9,160131
01-20-2017,2,2,1.9,1.95,70500
01-23-2017,2.05,2.1,1.9712,2,376356
01-24-2017,2.05,2.1,1.955,2.05,163053
01-25-2017,2.1,2.2,2,2.09,771239
01-26-2017,2.05,2.15,2,2.1,181232
01-27-2017,2,2.1,1.95,2,103528
01-30-2017,1.9,2.05,1.9,2,137980
01-31-2017,1.95,1.95,1.85,1.95,136630
02-01-2017,2,2,1.9,1.9,158575
02-02-2017,2,2.05,1.95,1.95,119889
02-03-2017,1.95,2,1.95,2,43431
02-06-2017,1.95,2,1.95,1.95,55966
02-07-2017,1.95,2,1.95,2,54381
02-08-2017,1.925,1.97,1.9,1.95,66648
02-09-2017,1.95,2,1.9,1.95,118959
02-10-2017,1.95,2,1.9,1.95,62874
02-13-2017,1.9,2,1.9,2,90047
02-14-2017,1.95,2,1.9,1.95,74413
02-15-2017,2,2,1.95,1.95,44009
02-16-2017,1.95,2,1.95,2,41360
02-17-2017,1.95,2,1.95,1.95,32989
02-21-2017,1.9,2,1.9,2,103806
02-22-2017,1.95,1.95,1.9,1.95,35267
02-23-2017,1.9,1.944,1.9,1.9,44244
02-24-2017,1.9,1.9295,1.85,1.9,99040
02-27-2017,1.95,1.95,1.85,1.95,66533
02-28-2017,1.85,1.95,1.85,1.9,64622
03-01-2017,1.85,1.9,1.85,1.9,47393
03-02-2017,1.9,1.9,1.85,1.9,42784
03-03-2017,1.85,1.9,1.85,1.85,36739
03-06-2017,1.8,1.9,1.8,1.9,66179
03-07-2017,1.6,1.8,1.4,1.8,419575
03-08-2017,1.65,1.75,1.65,1.7,54518
03-09-2017,1.7,1.7,1.65,1.7,39644
03-10-2017,1.7,1.75,1.65,1.7,33487
03-13-2017,1.8,1.8,1.7,1.7,93407
03-14-2017,1.75,1.8,1.7,1.8,45761
03-15-2017,1.7,1.8,1.7,1.8,15543
03-16-2017,1.75,2.15,1.65,1.75,934643
03-17-2017,1.7,1.75,1.575,1.75,158330
03-20-2017,1.65,1.75,1.6,1.75,116162
03-21-2017,1.55,1.7,1.51,1.7,140624
03-22-2017,1.55,1.6,1.55,1.6,32077
03-23-2017,1.55,1.6,1.55,1.6,50673
03-24-2017,1.55,1.6,1.55,1.6,26413
