03-28-2016,5.51,5.85,5.51,5.73,573334
03-29-2016,5.86,5.89,5.3,5.48,817119
03-30-2016,6.09,6.27,5.92,5.93,1013876
03-31-2016,6.44,6.69,5.98,6.05,1401331
04-01-2016,6.76,7.1,6.29,6.34,1468286
04-04-2016,6.79,7.18,6.6901,6.76,992886
04-05-2016,6.58,6.94,6.55,6.75,618309
04-06-2016,6.93,6.94,6.39,6.58,1089756
04-07-2016,7.08,7.21,6.74,6.91,934483
04-08-2016,6.37,7.2896,6.26,7.24,1493939
04-11-2016,6.22,6.495,6.15,6.42,610406
04-12-2016,6.06,6.31,5.78,6.24,945259
04-13-2016,6.32,6.405,5.91,6.17,779223
04-14-2016,6.23,6.45,6.1,6.37,394679
04-15-2016,8.92,10.15,6.06,6.4,28607523
04-18-2016,8.33,8.75,7.91,8.4,7088457
04-19-2016,7.96,8.6,7.838,8.23,1638537
04-20-2016,7.59,7.98,7.26,7.98,2687610
04-21-2016,8.25,8.41,7.45,7.47,2419062
04-22-2016,8.3,8.43,7.6306,8.25,1490634
04-25-2016,8.29,8.75,8.26,8.26,1580506
04-26-2016,8.03,8.3199,7.4575,8.31,1715172
04-27-2016,7.79,8.11,7.65,7.97,1331627
04-28-2016,7.84,8.15,7.5601,7.78,968362
04-29-2016,7.42,7.975,7.27,7.8,1516749
05-02-2016,7.75,7.75,7.29,7.52,1116123
05-03-2016,7.7,7.98,7.39,7.39,907562
05-04-2016,6.97,7.79,6.92,7.66,1269434
05-05-2016,6.88,7.13,6.76,7.03,974197
05-06-2016,7.09,7.7,6.79,7.66,1643841
05-09-2016,7.74,8.0499,6.98,7.13,1128431
05-10-2016,7.57,7.76,7.15,7.76,1044017
05-11-2016,7.25,7.61,7.25,7.55,779265
05-12-2016,6.6,7.34,6.54,7.32,1359846
05-13-2016,6.76,6.94,6.57,6.57,707596
05-16-2016,7.22,7.377,6.61,6.84,1025417
05-17-2016,6.98,7.4,6.92,7.14,815977
05-18-2016,6.84,7.08,6.71,6.93,716431
05-19-2016,6.65,7.11,6.5,6.81,1024284
05-20-2016,8,8.14,6.7,6.77,3180263
05-23-2016,7.71,8.38,7.51,8.01,2371879
05-24-2016,8.14,8.34,7.6701,7.81,1576770
05-25-2016,8.37,8.65,7.8,8.37,1791696
05-26-2016,7.87,8.3481,7.81,8.33,1317206
05-27-2016,7.84,7.92,7.6,7.76,956701
05-31-2016,8.16,8.4,7.85,7.93,1176850
06-01-2016,8.14,8.355,7.99,8.18,971032
06-02-2016,8.35,8.37,8.0801,8.13,1241342
06-03-2016,7.65,8.3,7.65,8.3,1527394
06-06-2016,8.23,8.275,7.35,7.62,1302014
06-07-2016,8.01,8.23,7.9,8.23,803272
06-08-2016,7.89,8.098,7.8,8.04,1024320
06-09-2016,7.54,7.8395,7.5075,7.8,1109917
06-10-2016,7.24,7.63,7.17,7.41,1094278
06-13-2016,6.86,7.42,6.84,7.16,1041370
06-14-2016,7.09,7.19,6.78,6.84,1282703
06-15-2016,7.22,7.37,7.03,7.14,591927
06-16-2016,7.24,7.25,6.89,7.12,585261
06-17-2016,6.82,7.26,6.76,7.26,1119111
06-20-2016,6.98,7.14,6.69,6.93,747667
06-21-2016,6.72,7,6.52,7,1041065
06-22-2016,6.6,7.03,6.5299,6.74,825468
06-23-2016,7,7.02,6.61,6.71,553934
06-24-2016,6.66,6.79,6.41,6.62,1936138
06-27-2016,6.26,6.74,6.25,6.61,1870810
06-28-2016,6.71,6.9,6.4175,6.43,956388
06-29-2016,7.03,7.13,6.64,6.88,745860
06-30-2016,7.02,7.29,6.96,7,759499
07-01-2016,7.15,7.35,6.98,7.05,799762
07-05-2016,6.83,7.12,6.75,7.05,597982
07-06-2016,7.11,7.24,6.75,6.8,562415
07-07-2016,7.51,7.949,7.41,7.85,2090681
07-08-2016,7.53,7.57,7.22,7.51,781974
07-11-2016,7.47,7.8,7.45,7.55,537095
07-12-2016,7.4,7.6,7.385,7.56,437099
07-13-2016,6.96,7.52,6.96,7.46,639262
07-14-2016,6.91,7.2304,6.83,7.11,488873
07-15-2016,7.15,7.17,6.83,6.93,510057
07-18-2016,7.1,7.19,6.93,7.13,422953
07-19-2016,6.86,7.25,6.82,7.1,522390
07-20-2016,7.41,7.5,6.83,6.89,1797881
07-21-2016,7.3,7.6304,7.21,7.51,580771
07-22-2016,7.18,7.54,7.12,7.31,478974
07-25-2016,6.76,7.35,6.27,7.22,1988909
07-26-2016,5.88,6.46,5.8186,6.38,2887348
07-27-2016,5.71,5.9001,5.66,5.9,1100021
07-28-2016,5.77,5.88,5.64,5.71,830686
07-29-2016,5.97,6.14,5.69,5.71,1557894
08-01-2016,6.1,6.33,6.02,6.03,1032156
08-02-2016,5.86,6.19,5.775,6.09,1085325
08-03-2016,6.26,6.32,5.81,5.81,1108667
08-04-2016,6.09,6.34,5.94,6.27,881241
08-05-2016,7.77,7.99,6.14,6.17,5340921
08-08-2016,7.6,7.82,7.42,7.76,1242354
08-09-2016,7.8,7.88,7.48,7.63,846647
08-10-2016,7.62,7.88,7.58,7.79,647117
08-11-2016,7.73,7.77,7.51,7.67,770565
08-12-2016,8.12,8.245,7.671,7.72,1600654
08-15-2016,8.19,8.54,8.15,8.15,1043200
08-16-2016,8.17,8.47,7.83,8.14,995560
08-17-2016,8.11,8.35,8.03,8.2,467924
08-18-2016,8.14,8.3,7.98,8.1,377591
08-19-2016,8.03,8.22,7.96,8.12,304155
08-22-2016,8.3,8.49,8.03,8.09,540638
08-23-2016,8.29,8.38,8.145,8.38,313760
08-24-2016,7.98,8.74,7.85,8.25,1056250
08-25-2016,7.93,8.47,7.73,8.04,1037398
08-26-2016,7.81,8.05,7.7,7.92,635733
08-29-2016,7.73,7.9899,7.61,7.85,365809
08-30-2016,7.69,7.94,7.63,7.73,360086
08-31-2016,8.21,8.23,7.515,7.66,1054867
09-01-2016,7.79,8.2,7.75,8.2,612894
09-02-2016,7.91,8.05,7.62,7.8,543003
09-06-2016,8.01,8.14,7.85,7.94,477797
09-07-2016,8.18,8.42,8.0099,8.05,615504
09-08-2016,8.2,8.36,7.91,8.11,482933
09-09-2016,7.87,8.23,7.79,8.01,524248
09-12-2016,8.45,8.45,7.8,7.83,876840
09-13-2016,8.38,8.5,8.08,8.34,697317
09-14-2016,9.02,9.5,8.281,8.5,2757751
09-15-2016,8.83,9.05,8.641,9.03,818341
09-16-2016,9.11,9.2616,8.6,8.77,1512389
09-19-2016,10.99,11.74,9.04,9.17,9173067
09-20-2016,10.21,11.659,9.89,11.22,4543475
09-21-2016,10.44,10.81,10.1,10.29,1803094
09-22-2016,10.94,11.2,10.32,10.5,1516500
09-23-2016,11.66,11.83,10.8,10.8,1685900
09-26-2016,11.64,11.97,11.3,11.6,1144540
09-27-2016,11.88,12.24,11.57,11.6,1159820
09-28-2016,11.73,12.14,11.27,11.9,930564
09-29-2016,11.56,11.84,11.38,11.72,746230
09-30-2016,14.01,14.35,11.61,11.61,6846260
10-03-2016,13.36,14.19,13,14.19,1782475
10-04-2016,13.33,13.869,13.22,13.51,1141545
10-05-2016,13.71,14,13.3311,13.35,1019632
10-06-2016,13.59,14.5,13.35,14.45,1268999
10-07-2016,13.34,13.96,13.0701,13.52,950176
10-10-2016,13.59,13.78,12.84,13.48,1790115
10-11-2016,13.28,14.57,13.07,13.83,1562192
10-12-2016,13.41,13.705,13.19,13.29,556227
10-13-2016,13.57,13.865,13.0911,13.23,729529
10-14-2016,13.27,13.69,13.14,13.58,583709
10-17-2016,7.97,10.3,7.9,10.2,12008815
10-18-2016,7.55,8.31,6.9,7.86,8279913
10-19-2016,6.96,7.58,6.95,7.53,1928825
10-20-2016,7.02,7.29,6.85,6.9,1516583
10-21-2016,6.91,7.35,6.86,7.11,1806323
10-24-2016,6.7,7.0886,6.69,6.91,1096511
10-25-2016,6.51,6.86,6.475,6.67,863428
10-26-2016,6.53,6.7,6.45,6.54,515758
10-27-2016,6.41,6.81,6.38,6.6,645762
10-28-2016,6.39,6.55,6.21,6.37,565242
10-31-2016,6.21,6.4099,6.12,6.38,497993
11-01-2016,6.35,6.47,6.15,6.21,898438
11-02-2016,6.25,6.47,6.21,6.34,581601
11-03-2016,4.19,6.3499,4.03,6.25,6092187
11-04-2016,5,5.255,4.19,4.27,3471022
11-07-2016,5.64,5.96,5.13,5.29,2601096
11-08-2016,5.23,5.65,5.15,5.64,1560648
11-09-2016,5.61,5.8499,5.43,5.62,1420944
11-10-2016,6,6.23,5.7,5.78,1800845
11-11-2016,11.3,11.63,9.75,10.63,21662068
11-14-2016,12.05,12.79,11.58,12,6849880
11-15-2016,12.07,12.42,11.46,11.96,2311945
11-16-2016,11.92,12.42,11.73,11.88,1480625
11-17-2016,12.64,12.76,11.8,11.88,1297634
11-18-2016,12.59,13.47,12.31,12.74,1753997
11-21-2016,12.1,12.5985,11.85,12.5,1104284
11-22-2016,11.73,12.5,11.53,12.05,985119
11-23-2016,12.31,12.39,11.33,11.44,865397
11-25-2016,12.41,12.48,12.081,12.48,389908
11-28-2016,11.77,12.39,11.72,12.25,895531
11-29-2016,11.47,11.84,11.4,11.77,757403
11-30-2016,11.14,11.72,10.79,11.44,790691
12-01-2016,10.98,11.32,10.81,11.01,841643
12-02-2016,11.08,11.48,10.64,10.93,667228
12-05-2016,12.09,12.2,11.2,11.28,909951
12-06-2016,12.25,12.56,11.95,12.39,1026523
12-07-2016,12.07,12.38,11.79,12.1,603161
12-08-2016,12.86,12.96,11.75,12.04,934079
12-09-2016,12.79,13.33,12.7,12.9,709776
12-12-2016,12.56,12.9138,12.5,12.75,423024
12-13-2016,12.4,12.77,12.26,12.68,409314
12-14-2016,12.33,12.57,12.05,12.33,680046
12-15-2016,12.15,12.51,11.99,12.33,801367
12-16-2016,12.43,12.9,12.18,12.18,866749
12-19-2016,12.24,12.79,12.18,12.38,574355
12-20-2016,12.29,12.6,12.05,12.34,499089
12-21-2016,11.87,12.2999,11.85,12.16,513197
12-22-2016,11.73,12.1,11.6,11.83,355027
12-23-2016,12.26,12.3,11.69,12.01,638944
12-27-2016,11.67,12.51,11.62,12.33,872484
12-28-2016,11.43,11.79,11.33,11.68,547576
12-29-2016,11.18,11.7,10.79,11.39,935244
12-30-2016,10.91,11.41,10.67,11.15,733479
01-03-2017,11.23,11.4443,10.85,11.06,435450
01-04-2017,11.75,11.97,11.2,11.23,1011240
01-05-2017,12.68,12.9,11.1865,11.25,866570
01-06-2017,12.95,13.7,12.7111,12.91,966292
01-09-2017,14.29,14.5,12.85,13.04,1156407
01-10-2017,14.93,14.9666,14.1,14.43,1289597
01-11-2017,15.09,16.5,14.77,15.01,2000583
01-12-2017,15.36,15.87,14.4,14.82,968455
01-13-2017,15.47,15.885,15.057,15.44,560035
01-17-2017,14.71,15.38,14.36,15.38,1068535
01-18-2017,14.42,15,14.25,14.8,657688
01-19-2017,14.52,15,14.38,14.38,531607
01-20-2017,14.43,14.53,14.16,14.53,373480
01-23-2017,13.66,14.45,13.37,14.36,1034962
01-24-2017,13.38,13.98,12.95,13.66,724386
01-25-2017,13.47,13.6701,13.3296,13.47,337133
01-26-2017,13.8,14.12,13.51,13.5609,959775
01-27-2017,12.82,13.62,12.4,13.54,1269296
01-30-2017,12.2,13.14,12.09,13.14,580677
01-31-2017,13.1,13.25,12,12.1,1128025
02-01-2017,13.15,13.4,12.72,13.17,595375
02-02-2017,13.16,13.36,12.52,13.05,411846
02-03-2017,13.49,13.529,12.86,13.27,482978
02-06-2017,13.59,14,13.46,13.5,439014
02-07-2017,13.46,13.74,13.27,13.58,531383
02-08-2017,13.24,13.4699,12.91,13.33,428092
02-09-2017,13.82,14.04,13.24,13.26,587182
02-10-2017,12.84,13.8,12.7,13.8,943244
02-13-2017,12.6,12.9258,12.4801,12.89,456543
02-14-2017,12.84,12.96,12.5,12.57,293734
02-15-2017,12.76,13.22,12.5,12.81,503194
02-16-2017,13.78,14.12,12.77,12.86,2625212
02-17-2017,14.16,14.4099,13.5,13.93,1111866
02-21-2017,13.5,14.4399,13.4,14.27,880740
02-22-2017,13.31,13.649,12.87,13.44,896527
02-23-2017,13.07,13.49,12.81,13.36,491797
02-24-2017,13.16,13.279,12.76,12.9,447083
02-27-2017,13.53,13.68,12.97,13.25,707168
02-28-2017,13.63,13.94,13,13.58,869518
03-01-2017,13.18,14.4325,12.8603,13.9,1258278
03-02-2017,10.58,12.05,10.25,11.01,7638749
03-03-2017,9.81,10.86,9.635,10.84,3096160
03-06-2017,10.22,10.54,9.71,10.3,3114338
03-07-2017,9.93,10.38,9.82,10.01,1112721
03-08-2017,10.31,10.55,9.8,9.88,1564306
03-09-2017,10.33,10.67,10.13,10.32,1383765
03-10-2017,10.64,10.7,10.27,10.38,1347928
03-13-2017,10.76,10.84,10.48,10.48,932927
03-14-2017,10.39,10.8099,10.11,10.69,869227
03-15-2017,10.9,11.01,10.21,10.44,1422046
03-16-2017,8.84,10.1,8.8,10.09,5183521
03-17-2017,9.06,9.22,8.56,8.91,3709020
03-20-2017,8.9,9.1,8.63,9.02,1025626
03-21-2017,8.37,8.98,8.21,8.92,1379913
03-22-2017,8.64,8.67,8.12,8.36,1636195
03-23-2017,8.45,8.76,8.34,8.63,983374
03-24-2017,8.52,8.69,8.2798,8.4,598588
