03-28-2016,2.09,2.11,2,2.04,48729
03-29-2016,2.15,2.24,2,2.1,163302
03-30-2016,2.16,2.2,2.15,2.16,41767
03-31-2016,2.23,2.4,2.15,2.17,368312
04-01-2016,2.21,2.34,2.2,2.24,85191
04-04-2016,2.17,2.29,2.16,2.2,105670
04-05-2016,2.13,2.2,2.12,2.2,50840
04-06-2016,2.14,2.23,2.13,2.14,84426
04-07-2016,2.15,2.2128,2.12,2.15,36580
04-08-2016,2.16,2.2216,2.13,2.16,71717
04-11-2016,2.13,2.21,2.12,2.16,43262
04-12-2016,2.1,2.16,2.08,2.13,139603
04-13-2016,2.25,2.35,2.14,2.35,403241
04-14-2016,2.29,2.363,2.25,2.32,138322
04-15-2016,2.39,2.4,2.2633,2.31,127043
04-18-2016,2.31,2.4,2.26,2.4,152883
04-19-2016,2.3,2.37,2.28,2.31,32476
04-20-2016,2.233,2.36,2.226,2.33,85669
04-21-2016,2.3311,2.4,2.21,2.23,1007258
04-22-2016,2.45,2.5,2.34,2.35,251549
04-25-2016,2.55,2.6299,2.46,2.46,291961
04-26-2016,2.54,2.5999,2.47,2.57,101690
04-27-2016,2.54,2.62,2.49,2.58,185648
04-28-2016,2.49,2.55,2.48,2.5,95813
04-29-2016,2.42,2.54,2.35,2.49,77170
05-02-2016,2.45,2.49,2.41,2.45,60857
05-03-2016,2.48,2.5,2.4101,2.45,34307
05-04-2016,2.32,2.48,2.32,2.44,84332
05-05-2016,2.36,2.401,2.29,2.36,286920
05-06-2016,2.4,2.42,2.3,2.33,49220
05-09-2016,2.43,2.49,2.34,2.4,46182
05-10-2016,2.42,2.4799,2.36,2.43,38572
05-11-2016,2.45,2.5,2.4,2.4,31622
05-12-2016,2.38,2.48,2.35,2.47,44003
05-13-2016,2.39,2.4388,2.35,2.36,24428
05-16-2016,2.43,2.46,2.35,2.38,40391
05-17-2016,2.39,2.44,2.37,2.386,15559
05-18-2016,2.34,2.37,2.3,2.36,47219
05-19-2016,2.24,2.38,2.17,2.34,187276
05-20-2016,2.23,2.3,2.1,2.22,104808
05-23-2016,2.28,2.32,2.23,2.23,42991
05-24-2016,2.3,2.33,2.28,2.3,25114
05-25-2016,2.29,2.34,2.22,2.29,43310
05-26-2016,2.3,2.34,2.272,2.31,45812
05-27-2016,2.32,2.35,2.27,2.3,27301
05-31-2016,2.33,2.35,2.3,2.35,30570
06-01-2016,2.32,2.35,2.3,2.35,42337
06-02-2016,2.32,2.35,2.3132,2.3223,163814
06-03-2016,2.32,2.3278,2.3,2.32,31620
06-06-2016,2.28,2.32,2.18,2.29,58095
06-07-2016,2.26,2.31,2.231,2.26,73914
06-08-2016,2.24,2.27,2.24,2.2673,59734
06-09-2016,2.21,2.26,2.15,2.23,174667
06-10-2016,2.19,2.22,2.175,2.18,103454
06-13-2016,2.13,2.2,2.08,2.18,37925
06-14-2016,2.09,2.15,2.06,2.14,70062
06-15-2016,2.08,2.1,2.08,2.08,55424
06-16-2016,2.09,2.13,2.05,2.09,105120
06-17-2016,2.03,2.1,2.01,2.08,98735
06-20-2016,2.08,2.13,2.06,2.06,28675
06-21-2016,2.07,2.1,2.0362,2.07,16260
06-22-2016,2.05,2.09,2.01,2.03,34171
06-23-2016,2.07,2.1,2.0399,2.09,29643
06-24-2016,2.03,2.06,1.949,2,39393
06-27-2016,1.99,2.03,1.97,2.02,63373
06-28-2016,2.06,2.07,1.98,1.98,16741
06-29-2016,2.09,2.1,2.06,2.06,32498
06-30-2016,2.19,2.25,2.09,2.12,51556
07-01-2016,2.175,2.39,2.15,2.35,366594
07-05-2016,2.25,2.26,2.14,2.14,50025
07-06-2016,2.23,2.28,2.11,2.26,97341
07-07-2016,2.21,2.25,2.19,2.21,13504
07-08-2016,2.24,2.25,2.19,2.19,16379
07-11-2016,2.25,2.26,2.24,2.25,125716
07-12-2016,2.14,2.28,2.14,2.25,144244
07-13-2016,2.2,2.26,2.12,2.26,232244
07-14-2016,2.18,2.2455,2.1,2.23,226303
07-15-2016,2.23,2.2699,2.08,2.2,266735
07-18-2016,2.24,2.31,2.22,2.31,100950
07-19-2016,2.22,2.29,2.15,2.27,61725
07-20-2016,2.37,2.45,2.2333,2.26,240652
07-21-2016,2.55,2.58,2.4,2.4,270583
07-22-2016,2.64,2.72,2.54,2.6,320763
07-25-2016,2.7,2.77,2.64,2.64,224158
07-26-2016,2.68,2.75,2.657,2.75,118259
07-27-2016,2.71,2.72,2.63,2.68,48856
07-28-2016,2.71,2.75,2.64,2.72,79635
07-29-2016,2.7,2.73,2.66,2.73,54739
08-01-2016,2.69,2.75,2.66,2.75,87018
08-02-2016,2.69,2.75,2.65,2.7,108507
08-03-2016,2.7,2.74,2.65,2.68,69577
08-04-2016,2.65,2.705,2.64,2.7,301388
08-05-2016,2.62,2.65,2.61,2.64,65480
08-08-2016,2.605,2.72,2.6,2.6,116584
08-09-2016,2.51,2.632,2.491,2.6,137803
08-10-2016,2.51,2.57,2.5,2.5,82655
08-11-2016,2.55,2.5925,2.5,2.53,101467
08-12-2016,2.54,2.5799,2.52,2.54,143464
08-15-2016,2.65,2.72,2.55,2.55,178683
08-16-2016,2.6,2.69,2.56,2.65,111531
08-17-2016,2.51,2.6,2.45,2.6,298849
08-18-2016,2.53,2.5999,2.48,2.53,125569
08-19-2016,2.48,2.5699,2.36,2.53,160841
08-22-2016,2.45,2.5099,2.44,2.47,51304
08-23-2016,2.4,2.47,2.36,2.45,139040
08-24-2016,2.37,2.439,2.21,2.39,466398
08-25-2016,2.36,2.44,2.3,2.39,86026
08-26-2016,2.43,2.43,2.3601,2.37,67095
08-29-2016,2.41,2.45,2.38,2.44,108555
08-30-2016,2.36,2.4981,2.3,2.4,75559
08-31-2016,2.39,2.43,2.33,2.4,92141
09-01-2016,2.32,2.39,2.3,2.39,84303
09-02-2016,2.27,2.35,2.2,2.35,113013
09-06-2016,2.34,2.34,2.25,2.25,122477
09-07-2016,2.36,2.4,2.31,2.36,153758
09-08-2016,2.58,2.7,2.36,2.38,320222
09-09-2016,2.48,2.65,2.47,2.59,172668
09-12-2016,2.56,2.67,2.38,2.41,180406
09-13-2016,2.42,2.53,2.4,2.52,243115
09-14-2016,2.33,2.5079,1.9101,2.41,677416
09-15-2016,2.32,2.3799,2.3,2.32,109844
09-16-2016,2.54,2.57,2.28,2.3,516223
09-19-2016,2.49,2.76,2.45,2.7,563650
09-20-2016,2.8,3,2.45,2.51,2364239
09-21-2016,2.79,2.95,2.75,2.95,839267
09-22-2016,2.86,2.9,2.78,2.8,612842
09-23-2016,2.73,2.98,2.72,2.93,1221964
09-26-2016,1.33,1.37,0.96,0.9798,16486850
09-27-2016,1.19,1.42,1.13,1.39,5020960
09-28-2016,1.13,1.19,1.11,1.16,1382694
09-29-2016,1.01,1.13,1,1.1,3186771
09-30-2016,0.9999,1.07,0.989,1.03,2228129
10-03-2016,1.03,1.04,0.96,1,1165229
10-04-2016,1,1.03,0.98,1.02,757583
10-05-2016,0.99,1.02,0.981,1.02,505070
10-06-2016,0.9201,0.9899,0.92,0.9801,953336
10-07-2016,0.8,0.92,0.798,0.9,1511532
10-10-2016,0.79,0.8028,0.78,0.7982,722848
10-11-2016,0.7573,0.7995,0.752,0.78,405008
10-12-2016,0.7799,0.8,0.75,0.75,461351
10-13-2016,0.771,0.8101,0.76,0.76,607324
10-14-2016,0.7298,0.77,0.7201,0.76,426490
10-17-2016,0.6551,0.7051,0.6314,0.69,693560
10-18-2016,0.6501,0.7399,0.65,0.7,483323
10-19-2016,0.6482,0.6997,0.61,0.651,318607
10-20-2016,0.6699,0.6699,0.62,0.65,312365
10-21-2016,0.7453,0.8168,0.67,0.67,1458284
10-24-2016,0.69,0.78,0.68,0.78,689497
10-25-2016,0.64,0.6995,0.64,0.67,363913
10-26-2016,0.6286,0.653,0.6,0.63,290025
10-27-2016,0.61,0.6596,0.61,0.61,276006
10-28-2016,0.5804,0.63,0.5801,0.61,326200
10-31-2016,0.5623,0.5859,0.5301,0.58,408137
11-01-2016,0.5741,0.5998,0.52,0.563,597750
11-02-2016,0.568,0.5997,0.5601,0.5825,354220
11-03-2016,0.5301,0.5763,0.52,0.572,352532
11-04-2016,0.5203,0.55,0.5101,0.53,224922
11-07-2016,0.5392,0.58,0.52,0.52,191622
11-08-2016,0.5698,0.5796,0.5216,0.547,168803
11-09-2016,0.6091,0.635,0.5201,0.53,265210
11-10-2016,0.6506,0.67,0.5502,0.584,375128
11-11-2016,0.6399,0.7,0.63,0.66,310533
11-14-2016,0.6311,0.6699,0.6018,0.62,163459
11-15-2016,0.6313,0.675,0.61,0.6357,239114
11-16-2016,0.63,0.6548,0.62,0.63,167652
11-17-2016,0.5974,0.64,0.58,0.63,235905
11-18-2016,0.5999,0.62,0.59,0.6007,61181
11-21-2016,0.75,0.78,0.61,0.63,2192055
11-22-2016,0.6801,0.84,0.6638,0.77,1306636
11-23-2016,0.6622,0.7,0.65,0.6824,191006
11-25-2016,0.6621,0.6908,0.66,0.69,181425
11-28-2016,0.6719,0.6997,0.64,0.682,110527
11-29-2016,0.6755,0.6792,0.6403,0.6711,160691
11-30-2016,0.6396,0.7037,0.6396,0.65,146942
12-01-2016,0.6,0.6865,0.6,0.612,185488
12-02-2016,0.58,0.6063,0.58,0.6037,140207
12-05-2016,0.5874,0.62,0.571,0.59,234060
12-06-2016,0.625,0.6393,0.571,0.591,339708
12-07-2016,0.6181,0.6339,0.5843,0.6339,191877
12-08-2016,0.65,0.68,0.61,0.611,850386
12-09-2016,0.667,0.73,0.6427,0.6769,1265695
12-12-2016,0.6799,0.6999,0.64,0.6683,383783
12-13-2016,0.62,0.69,0.6,0.6867,391368
12-14-2016,0.593,0.6375,0.5822,0.6235,264352
12-15-2016,0.6181,0.625,0.5933,0.5976,150966
12-16-2016,0.62,0.645,0.6001,0.6095,250998
12-19-2016,0.6149,0.63,0.602,0.611,111394
12-20-2016,0.63,0.6475,0.61,0.63,208413
12-21-2016,0.663,0.68,0.63,0.632,540877
12-22-2016,0.638,0.73,0.6208,0.669,741615
12-23-2016,0.6543,0.658,0.6238,0.6366,319475
12-27-2016,0.6543,0.669,0.6312,0.669,179806
12-28-2016,0.6003,0.6552,0.6,0.6543,335521
12-29-2016,0.5711,0.6127,0.57,0.6047,744635
12-30-2016,0.5702,0.6251,0.57,0.58,373739
01-03-2017,0.61,0.615,0.571,0.58,180631
01-04-2017,0.6138,0.6328,0.59,0.61,249745
01-05-2017,0.614,0.62,0.6102,0.6164,156365
01-06-2017,0.6331,0.6398,0.611,0.6299,226591
01-09-2017,0.61,0.64,0.601,0.635,551791
01-10-2017,0.625,0.6377,0.61,0.6147,131660
01-11-2017,0.59,0.6299,0.585,0.61,370757
01-12-2017,0.58,0.6001,0.58,0.59,209893
01-13-2017,0.6003,0.61,0.5851,0.599,159695
01-17-2017,0.6048,0.63,0.58,0.63,185769
01-18-2017,0.58,0.6099,0.58,0.5977,153800
01-19-2017,0.5595,0.58,0.551,0.58,262897
01-20-2017,0.5789,0.5937,0.5301,0.5551,221961
01-23-2017,0.56,0.5798,0.56,0.5699,99628
01-24-2017,0.56,0.5723,0.54,0.56,70311
01-25-2017,0.5501,0.565,0.5323,0.5605,184512
01-26-2017,0.551,0.56,0.55,0.5536,80168
01-27-2017,0.5485,0.56,0.5324,0.5556,99202
01-30-2017,0.5489,0.549,0.5325,0.5405,83996
01-31-2017,0.56,0.6,0.5379,0.5379,1071996
02-01-2017,0.6268,0.6374,0.5725,0.588,1302321
02-02-2017,0.5665,0.64,0.5602,0.609,488092
02-03-2017,0.5576,0.57,0.5501,0.563,185847
02-06-2017,0.5747,0.58,0.56,0.5635,150324
02-07-2017,0.611,0.6775,0.5701,0.5748,1740630
02-08-2017,0.5847,0.63,0.5803,0.63,385200
02-09-2017,0.6,0.6042,0.5825,0.59,109466
02-10-2017,0.6098,0.6098,0.5712,0.6059,469154
02-13-2017,0.62,0.6362,0.6,0.61,437278
02-14-2017,0.5863,0.619,0.584,0.619,227313
02-15-2017,0.5913,0.598,0.585,0.588,119111
02-16-2017,0.5888,0.597,0.5851,0.59,104101
02-17-2017,0.6003,0.6875,0.5901,0.62,1647117
02-21-2017,0.5902,0.6101,0.585,0.6,249620
02-22-2017,0.5899,0.6,0.57,0.585,275900
02-23-2017,0.5706,0.5899,0.56,0.583,249627
02-24-2017,0.5686,0.5704,0.56,0.566,163395
02-27-2017,0.584,0.6082,0.5602,0.5647,185227
02-28-2017,0.5722,0.596,0.5702,0.5877,91908
03-01-2017,0.59,0.5993,0.57,0.5709,119388
03-02-2017,0.575,0.595,0.573,0.573,116652
03-03-2017,0.575,0.5999,0.57,0.574,119791
03-06-2017,0.5688,0.58,0.555,0.58,105472
03-07-2017,0.5715,0.6,0.56,0.5714,172082
03-08-2017,0.575,0.5892,0.56,0.57,220093
03-09-2017,0.649,0.649,0.57,0.5788,1155207
03-10-2017,0.6602,0.715,0.6229,0.6443,1249377
03-13-2017,0.7699,0.83,0.666,0.7,2757761
03-14-2017,0.6786,0.79,0.6506,0.78,981989
03-15-2017,0.6901,0.72,0.66,0.7,250907
03-16-2017,0.7015,0.7104,0.67,0.67,234828
03-17-2017,0.6957,0.7366,0.68,0.7366,266022
03-20-2017,0.68,0.7,0.66,0.67,298584
03-21-2017,0.99,1.33,0.9213,1.08,32986385
03-22-2017,1.03,1.07,0.9502,1,4358103
03-23-2017,0.998,1.08,0.981,1.01,1908952
03-24-2017,0.86,0.998,0.8226,0.98,2113752
