03-28-2016,0.54,0.5649,0.5,0.5,329531
03-29-2016,0.575,0.575,0.5024,0.546,115730
03-30-2016,0.5114,0.5877,0.51,0.58,292366
03-31-2016,0.54,0.5875,0.51,0.51,296354
04-01-2016,0.5157,0.5795,0.512,0.55,122303
04-04-2016,0.54,0.55,0.51,0.51,109497
04-05-2016,0.5224,0.5485,0.52,0.5485,111250
04-06-2016,0.512,0.52,0.512,0.52,89160
04-07-2016,0.5,0.5211,0.48,0.52,194977
04-08-2016,0.4853,0.51,0.4819,0.495,93232
04-11-2016,0.5,0.5149,0.48,0.48,127783
04-12-2016,0.4855,0.5162,0.4815,0.5,145488
04-13-2016,0.4928,0.51,0.48,0.5,81957
04-14-2016,0.49,0.4943,0.49,0.49,41078
04-15-2016,0.49,0.515,0.49,0.49,70959
04-18-2016,0.455,0.51,0.44,0.51,615739
04-19-2016,0.4311,0.48,0.43,0.455,220464
04-20-2016,0.45,0.45,0.4125,0.44,146278
04-21-2016,0.42,0.4708,0.4002,0.432,264601
04-22-2016,0.4167,0.43,0.4,0.42,346501
04-25-2016,0.44,0.46,0.416,0.43,617787
04-26-2016,0.529,0.529,0.43,0.453,713630
04-27-2016,0.607,0.63,0.54,0.59,1150122
04-28-2016,0.65,0.7397,0.6,0.61,2110667
04-29-2016,0.59,0.6961,0.54,0.69,805347
05-02-2016,0.558,0.58,0.54,0.55,343415
05-03-2016,0.59,0.5999,0.55,0.58,273393
05-04-2016,0.545,0.6,0.54,0.591,276931
05-05-2016,0.56,0.5848,0.5412,0.551,236458
05-06-2016,0.545,0.57,0.52,0.546,192090
05-09-2016,0.5425,0.5599,0.531,0.55,148717
05-10-2016,0.56,0.57,0.54,0.57,90941
05-11-2016,0.5411,0.57,0.5401,0.562,153135
05-12-2016,0.525,0.56,0.5203,0.56,149228
05-13-2016,0.525,0.5875,0.525,0.535,177320
05-16-2016,0.55,0.5579,0.525,0.54,215642
05-17-2016,0.58,0.5832,0.55,0.58,268176
05-18-2016,0.533,0.5837,0.53,0.565,251819
05-19-2016,0.5249,0.5505,0.51,0.535,131232
05-20-2016,0.513,0.56,0.51,0.54,150272
05-23-2016,0.53,0.56,0.51,0.56,217466
05-24-2016,0.5108,0.54,0.51,0.51,149279
05-25-2016,0.5101,0.52,0.503,0.508,264609
05-26-2016,0.53,0.53,0.51,0.525,134452
05-27-2016,0.5332,0.54,0.515,0.53,281236
05-31-2016,0.5253,0.55,0.52,0.53,190995
06-01-2016,0.53,0.56,0.52,0.53,157812
06-02-2016,0.4851,0.5402,0.45,0.53,468466
06-03-2016,0.5,0.52,0.47,0.4974,208947
06-06-2016,0.505,0.52,0.49,0.491,288645
06-07-2016,0.5021,0.51,0.4906,0.51,137246
06-08-2016,0.495,0.5097,0.4906,0.5,216065
06-09-2016,0.4995,0.5051,0.495,0.5,160441
06-10-2016,0.4909,0.51,0.4907,0.51,93446
06-13-2016,0.49,0.51,0.49,0.4988,154948
06-14-2016,0.4739,0.4951,0.425,0.486,393935
06-15-2016,0.4947,0.495,0.46,0.48,245304
06-16-2016,0.48,0.5,0.4681,0.472,77830
06-17-2016,0.4759,0.492,0.46,0.478,80576
06-20-2016,0.49,0.5,0.48,0.5,115993
06-21-2016,0.47,0.5,0.46,0.49,121429
06-22-2016,0.4679,0.4899,0.43,0.47,203868
06-23-2016,0.4785,0.5088,0.452,0.46,572439
06-24-2016,0.45,0.4699,0.43,0.45,461998
06-27-2016,0.4399,0.45,0.43,0.44,195581
06-28-2016,0.44,0.46,0.43,0.44,226696
06-29-2016,0.4505,0.47,0.435,0.44,161511
06-30-2016,0.4414,0.47,0.43,0.45,231120
07-01-2016,0.49,0.5,0.45,0.45,231778
07-05-2016,0.538,0.55,0.49,0.5,523188
07-06-2016,0.523,0.55,0.5,0.53,324076
07-07-2016,0.52995,0.55,0.5022,0.523,121849
07-08-2016,0.51,0.53,0.5,0.521,338073
07-11-2016,0.5319,0.538,0.5198,0.52,167218
07-12-2016,0.55,0.56,0.5201,0.5201,413627
07-13-2016,0.55,0.565,0.525,0.55,223427
07-14-2016,0.545,0.56,0.53,0.55,145675
07-15-2016,0.535,0.545,0.53,0.5357,99581
07-18-2016,0.5403,0.549,0.5299,0.53,162321
07-19-2016,0.5425,0.559,0.53,0.54,82263
07-20-2016,0.5301,0.5585,0.53,0.5585,151866
07-21-2016,0.5399,0.555,0.531,0.531,89092
07-22-2016,0.572,0.585,0.535,0.54,418110
07-25-2016,0.635,0.68,0.5745,0.58,1326772
07-26-2016,0.652,0.67,0.62,0.63,524830
07-27-2016,0.7,0.71,0.645,0.665,450683
07-28-2016,0.7993,0.85,0.6915,0.72,2073420
07-29-2016,0.8148,0.84,0.8013,0.802,899935
08-01-2016,0.7,0.8599,0.68,0.85,1247142
08-02-2016,0.57,0.67,0.52,0.64,2375382
08-03-2016,0.5605,0.5799,0.53,0.53,563985
08-04-2016,0.594,0.66,0.58,0.62,1544700
08-05-2016,0.56,0.61,0.54,0.6,1014012
08-08-2016,0.5701,0.59,0.55,0.56,319145
08-09-2016,0.581,0.6002,0.56,0.584,451795
08-10-2016,0.5769,0.6084,0.5621,0.58,2459721
08-11-2016,0.5602,0.6,0.56,0.6,1270197
08-12-2016,0.55,0.58,0.55,0.58,1279173
08-15-2016,0.52,0.58,0.4912,0.55,1628857
08-16-2016,0.524,0.5386,0.51,0.52,862337
08-17-2016,0.5219,0.5399,0.51,0.536,846996
08-18-2016,0.5091,0.5325,0.4952,0.4952,1125655
08-19-2016,0.5178,0.52,0.502,0.51,293453
08-22-2016,0.53,0.55,0.511,0.52,1250611
08-23-2016,0.5296,0.5386,0.5201,0.5201,730658
08-24-2016,0.525,0.5479,0.504,0.54,1216242
08-25-2016,0.4811,0.53,0.48,0.529,1211404
08-26-2016,0.5,0.5084,0.49,0.49,426305
08-29-2016,0.52,0.5292,0.5,0.5035,350509
08-30-2016,0.5001,0.53,0.5,0.52,446171
08-31-2016,0.5099,0.5196,0.4982,0.5105,448283
09-01-2016,0.5001,0.519,0.5,0.519,403788
09-02-2016,0.5052,0.51,0.5,0.51,568014
09-06-2016,0.505,0.53,0.5,0.5005,657662
09-07-2016,0.5083,0.53,0.5001,0.53,554049
09-08-2016,0.5992,0.61,0.5101,0.52,5038266
09-09-2016,0.564,0.6314,0.541,0.63,3159425
09-12-2016,0.5498,0.5798,0.5411,0.57,1251628
09-13-2016,0.5428,0.58,0.5217,0.56,783723
09-14-2016,0.54,0.555,0.532,0.532,712960
09-15-2016,0.5411,0.55,0.54,0.55,541777
09-16-2016,0.5021,0.5484,0.5,0.545,1689631
09-19-2016,0.5567,0.5777,0.51,0.55,2343854
09-20-2016,0.5302,0.585,0.52,0.58,4760078
09-21-2016,0.55,0.55,0.52,0.55,1470736
09-22-2016,0.6,0.63,0.5325,0.55,4220142
09-23-2016,0.652,0.6781,0.5816,0.61,4200487
09-26-2016,0.619,0.6687,0.6,0.63,3068051
09-27-2016,0.631,0.6498,0.6,0.62,1685683
09-28-2016,0.59,0.6297,0.58,0.62,1513127
09-29-2016,0.58,0.6,0.57,0.6,1295024
09-30-2016,0.629,0.629,0.55,0.58,2466974
10-03-2016,0.6074,0.62,0.58,0.62,1737209
10-04-2016,0.586,0.6283,0.5713,0.6283,1453249
10-05-2016,0.575,0.6,0.57,0.58,1052135
10-06-2016,0.57,0.595,0.56,0.57,1270813
10-07-2016,0.5573,0.58,0.5513,0.57,920841
10-10-2016,0.58,0.5997,0.56,0.5875,1262221
10-11-2016,0.6,0.62,0.5626,0.58,1053968
10-12-2016,0.61,0.7245,0.5803,0.7245,1064413
10-13-2016,0.595,0.6193,0.5912,0.6176,915692
10-14-2016,0.5962,0.615,0.574,0.6083,1323349
10-17-2016,0.5825,0.6,0.58,0.59,1010629
10-18-2016,0.595,0.595,0.53,0.5705,2249897
10-19-2016,0.541,0.57,0.535,0.57,1081365
10-20-2016,0.54,0.58,0.521,0.58,924679
10-21-2016,0.5434,0.544,0.5206,0.54,958666
10-24-2016,0.5403,0.5585,0.5342,0.55,881217
10-25-2016,0.51,0.543,0.4528,0.54,2238863
10-26-2016,0.5164,0.54,0.5,0.52,988258
10-27-2016,0.516,0.52,0.5027,0.52,681332
10-28-2016,0.5045,0.5199,0.5,0.51,630089
10-31-2016,0.52,0.52,0.4802,0.515,867485
11-01-2016,0.4842,0.52,0.48,0.52,6323999
11-02-2016,0.57,0.75,0.5029,0.75,30747757
11-03-2016,0.522,0.6,0.512,0.599,4757318
11-04-2016,0.5049,0.537,0.49,0.52,2442927
11-07-2016,0.51,0.5385,0.5,0.5161,1818603
11-08-2016,0.525,0.53,0.49,0.51,2210199
11-09-2016,0.51,0.53,0.505,0.51,1632262
11-10-2016,0.5,0.526,0.496,0.52,1619908
11-11-2016,0.53,0.53,0.485,0.51,1819460
11-14-2016,0.55,0.5701,0.531,0.5495,1709117
11-15-2016,0.513,0.579,0.5034,0.567,3907887
11-16-2016,0.52,0.5338,0.502,0.51,1738766
11-17-2016,0.52,0.5499,0.49,0.5,3184139
11-18-2016,0.52,0.5358,0.506,0.5201,1525066
11-21-2016,0.53,0.545,0.5125,0.53,1549946
11-22-2016,0.58,0.595,0.527,0.5427,3675782
11-23-2016,0.5848,0.59,0.56,0.58,1610917
11-25-2016,0.694,0.6999,0.5851,0.6,3666696
11-28-2016,0.67,0.75,0.6318,0.7,5252202
11-29-2016,0.82,0.84,0.655,0.67,7523510
11-30-2016,0.8167,0.8984,0.75,0.75,8602604
12-01-2016,0.56,0.64,0.54,0.54,11011984
12-02-2016,0.5744,0.5893,0.565,0.5893,1909528
12-05-2016,0.5742,0.587,0.571,0.575,1879477
12-06-2016,0.571,0.5858,0.56,0.561,2100774
12-07-2016,0.5713,0.5855,0.5618,0.58,1388064
12-08-2016,0.575,0.5798,0.55,0.57,2144400
12-09-2016,0.5335,0.574,0.5328,0.57,3535330
12-12-2016,0.5,0.565,0.4905,0.565,4267394
12-13-2016,0.4837,0.5099,0.453,0.5099,3848055
12-14-2016,0.51,0.5203,0.46,0.49,2408148
12-15-2016,0.565,0.58,0.5251,0.56,3567692
12-16-2016,0.551,0.56,0.54,0.55,962059
12-19-2016,0.56,0.56,0.54,0.5487,1086675
12-20-2016,0.5401,0.5584,0.5358,0.5398,796588
12-21-2016,0.5235,0.5496,0.5126,0.5478,1407417
12-22-2016,0.55,0.55,0.504,0.5264,1530484
12-23-2016,0.5361,0.5391,0.52,0.531,519938
12-27-2016,0.514,0.53,0.5101,0.53,912466
12-28-2016,0.51,0.527,0.494,0.515,1547510
12-29-2016,0.5056,0.52,0.502,0.52,799358
12-30-2016,0.5051,0.518,0.502,0.518,834335
01-03-2017,0.549,0.549,0.51,0.51,1014114
01-04-2017,0.52,0.54,0.52,0.54,722259
01-05-2017,0.538,0.54,0.5142,0.535,963189
01-06-2017,0.55,0.5648,0.53,0.5385,1753307
01-09-2017,0.52,0.6228,0.516,0.62,11815487
01-10-2017,0.518,0.5408,0.4939,0.5408,4180884
01-11-2017,0.5,0.5249,0.484,0.52,4420219
01-12-2017,0.4502,0.5031,0.45,0.5031,5474353
01-13-2017,0.4411,0.4695,0.4368,0.455,3341211
01-17-2017,0.43,0.4645,0.4,0.4645,5359166
01-18-2017,0.4545,0.46,0.41,0.42,2623943
01-19-2017,0.4347,0.4462,0.42,0.4462,1712959
01-20-2017,0.44,0.44,0.405,0.43,1341695
01-23-2017,0.4162,0.44,0.416,0.429,1014689
01-24-2017,0.415,0.4299,0.4023,0.4187,1312556
01-25-2017,0.4275,0.43,0.41,0.41,1216214
01-26-2017,0.4251,0.4399,0.412,0.4293,1198916
01-27-2017,0.4197,0.43,0.41,0.43,862009
01-30-2017,0.4155,0.4225,0.402,0.42,859668
01-31-2017,0.41,0.4175,0.3878,0.4163,1861993
02-01-2017,0.4,0.4146,0.382,0.4146,1225640
02-02-2017,0.418,0.42,0.3905,0.4076,986009
02-03-2017,0.4425,0.4799,0.425,0.47,8556723
02-06-2017,0.428,0.459,0.42,0.45,2459690
02-07-2017,0.4155,0.4399,0.41,0.433,1627289
02-08-2017,0.4439,0.4495,0.415,0.428,2516273
02-09-2017,0.43,0.4505,0.42,0.45,3262535
02-10-2017,0.4098,0.43,0.3938,0.43,2830408
02-13-2017,0.398,0.42,0.3962,0.42,1851000
02-14-2017,0.393,0.4,0.3852,0.4,3095890
02-15-2017,0.38,0.3945,0.3723,0.394,2653388
02-16-2017,0.39,0.4,0.38,0.38,2272522
02-17-2017,0.4,0.42,0.39,0.42,2319850
02-21-2017,0.383,0.4,0.38,0.4,2253174
02-22-2017,0.38,0.39,0.37,0.39,1990538
02-23-2017,0.365,0.3795,0.3611,0.3795,1839523
02-24-2017,0.3744,0.3793,0.3551,0.36,1319051
02-27-2017,0.385,0.3949,0.3621,0.3727,2101074
02-28-2017,0.366,0.385,0.3651,0.385,1116157
03-01-2017,0.365,0.38,0.3625,0.38,1225367
03-02-2017,0.375,0.3782,0.363,0.3782,1183013
03-03-2017,0.371,0.38,0.3601,0.38,1488655
03-06-2017,0.3561,0.3684,0.3551,0.3683,1342398
03-07-2017,0.3486,0.362,0.345,0.362,1203198
03-08-2017,0.34,0.3499,0.3355,0.3401,1430718
03-09-2017,0.35,0.362,0.3253,0.335,4321459
03-10-2017,0.34,0.365,0.34,0.3636,1805187
03-13-2017,0.339,0.345,0.33,0.34,1171910
03-14-2017,0.3443,0.3623,0.3325,0.341,2874210
03-15-2017,0.3404,0.35,0.3351,0.34,1180793
03-16-2017,0.338,0.35,0.3352,0.35,1027978
03-17-2017,0.331,0.3425,0.331,0.34,961770
03-20-2017,0.3364,0.347,0.325,0.34,3227874
03-21-2017,0.328,0.3544,0.3205,0.35,3109014
03-22-2017,0.3201,0.3401,0.3201,0.325,1777888
03-23-2017,0.33,0.334,0.321,0.321,960675
03-24-2017,0.3264,0.335,0.3256,0.33,1076458
