03-28-2016,11.55,11.55,11.3,11.31,5230
03-29-2016,12.12,12.13,11.18,11.74,25586
03-30-2016,11.94,12.2,11.68,12.15,52465
03-31-2016,12.25,12.25,11.35,12.03,47855
04-01-2016,12.16,12.25,11.5,12.03,15342
04-04-2016,12.38,12.51,12.3,12.31,49680
04-05-2016,12.33,12.6499,11.99,12.31,46172
04-06-2016,12.415,12.4999,12.095,12.46,25657
04-07-2016,12.49,12.72,12.41,12.5,23032
04-08-2016,12.1,12.5,12.1,12.4,9836
04-11-2016,12.05,12.54,12.05,12.24,11550
04-12-2016,12.02,12.27,11.89,12.08,9382
04-13-2016,12.3,12.53,12.02,12.155,15060
04-14-2016,12.65,12.669,12.36,12.36,21839
04-15-2016,12.95,13.1899,12.55,12.55,49418
04-18-2016,13.79,13.95,12.81,13.34,59450
04-19-2016,13.76,14.15,13.76,13.84,36010
04-20-2016,13.41,14.08,13.4,13.82,22017
04-21-2016,13.0367,13.6284,12.99,13.42,17557
04-22-2016,13.24,13.325,12.97,13,11928
04-25-2016,13.08,13.23,13.08,13.23,1599
04-26-2016,12.82,13.08,12.81,13.08,16886
04-27-2016,12.76,12.9,12.54,12.81,9156
04-28-2016,13.0499,13.17,12.6601,13.17,1956
04-29-2016,12.82,13,12.74,12.99,4324
05-02-2016,12.68,13.71,12.63,12.74,14623
05-03-2016,12.4,12.61,10.54,12.61,39592
05-04-2016,12.48,12.59,12.31,12.35,10673
05-05-2016,12.31,12.83,12.31,12.3995,7870
05-06-2016,12.05,12.59,11.05,12.43,24942
05-09-2016,12,12.1364,11.6,12.03,12693
05-10-2016,11.83,11.94,11.47,11.94,9070
05-11-2016,11.59,11.8199,10.01,10.01,6213
05-12-2016,10.84,11.88,10.59,11.3,27122
05-13-2016,10.88,11.04,10.48,10.48,14278
05-16-2016,10.92,11.04,10.86,10.98,7213
05-17-2016,10.81,11.15,10.77,11.05,6085
05-18-2016,11.18,11.3739,10.87,10.87,7426
05-19-2016,10.89,11.28,10.6501,11.0716,17454
05-20-2016,11.1825,11.251,11,11.2,14143
05-23-2016,10.88,11.17,10.75,11.07,11130
05-24-2016,10.99,10.99,10.77,10.88,7028
05-25-2016,10.99,11.05,10.83,10.83,4675
05-26-2016,10.98,11.11,10.85,10.96,9124
05-27-2016,11.02,11.45,10.96,11.4,5006
05-31-2016,10.95,11.05,10.93,11.05,10805
06-01-2016,10.82,11.105,10.76,10.86,8882
06-02-2016,11.17,11.18,10.88,10.88,4996
06-03-2016,10.99,11.18,10.85,11.1,7146
06-06-2016,10.98,11,10.88,10.88,4254
06-07-2016,10.78,10.9895,10.5099,10.98,5580
06-08-2016,10.89,10.89,10.71,10.77,1494
06-09-2016,10.7799,10.854,10.67,10.8,5189
06-10-2016,10.58,10.85,10.55,10.7705,5529
06-13-2016,10.21,10.7771,10.18,10.5501,8689
06-14-2016,10.02,10.3,10,10.23,15229
06-15-2016,10,10.23,10,10.1,13074
06-16-2016,10.93,10.93,10,10.1,13378
06-17-2016,10.1,10.4,10.01,10.354,11687
06-20-2016,10.12,10.455,10.11,10.3,12041
06-21-2016,10.38,10.92,10.2,10.83,29327
06-22-2016,10.7199,10.78,10.4,10.6292,12434
06-23-2016,10.87,11.0245,10.18,10.68,433833
06-24-2016,10.59,10.84,10.3101,10.5,12483
06-27-2016,10.02,10.29,10,10.29,12904
06-28-2016,10.4,10.426,10.18,10.25,3282
06-29-2016,10.58,10.6,10.32,10.32,4061
06-30-2016,10.865,10.865,10.51,10.69,3444
07-01-2016,10.85,10.9,10.83,10.9,886
07-05-2016,10.8008,11.28,10.8008,11.02,3099
07-06-2016,10.96,10.98,10.79,10.79,2609
07-07-2016,10.95,11.06,10.8346,10.99,2740
07-08-2016,11.3,11.35,10.92,10.96,8012
07-11-2016,11.75,12.25,11.4,12.25,70531
07-12-2016,11.7599,11.99,11.5,11.99,18383
07-13-2016,11.55,12.24,11.48,11.62,23274
07-14-2016,11.55,11.6,11.37,11.6,9227
07-15-2016,11.54,11.8001,11.33,11.35,13876
07-18-2016,11.74,11.94,11.512,11.85,18618
07-19-2016,11.5,11.76,11.4,11.7401,4195
07-20-2016,11.899,11.92,11.66,11.66,10355
07-21-2016,11.75,12.2,11.695,11.94,40770
07-22-2016,12.14,12.25,11.8,11.89,40525
07-25-2016,12.3,12.54,12.1001,12.25,67683
07-26-2016,12.46,12.8,12.35,12.7,60698
07-27-2016,12.4,12.71,12.19,12.58,65484
07-28-2016,12.7,12.7,12.13,12.4,26525
07-29-2016,13.13,13.13,12.4847,12.7,28089
08-01-2016,14.55,14.949,13.5,13.65,232880
08-02-2016,14.73,15,14.14,14.38,136271
08-03-2016,15.31,15.35,14.43,14.51,102811
08-04-2016,16.29,16.54,15.3,15.3,140406
08-05-2016,16.0694,16.36,16.0265,16.36,43398
08-08-2016,15.34,15.85,15.19,15.85,69809
08-09-2016,14.55,14.85,14.28,14.74,75718
08-10-2016,14.69,15.2,14.2468,14.3,61456
08-11-2016,15.52,15.69,14.9,14.9,47346
08-12-2016,15.69,15.9899,15.48,15.61,56877
08-15-2016,15.37,15.69,15,15.6,25061
08-16-2016,15.26,15.45,15.09,15.31,32356
08-17-2016,15.625,15.69,15.03,15.21,18408
08-18-2016,15.61,15.9,15.51,15.75,27104
08-19-2016,15.52,15.93,15.5,15.65,16999
08-22-2016,15.36,15.65,15.3405,15.46,24828
08-23-2016,15.4,15.83,15.2601,15.5,21040
08-24-2016,14.95,15.54,14.82,15.29,25527
08-25-2016,14.919,15.32,14.89,15.07,27300
08-26-2016,14.8,15,14.55,15,21294
08-29-2016,14.8901,14.99,14.63,14.99,19237
08-30-2016,15,15.3199,14.85,15.02,13892
08-31-2016,14.97,15.15,14.8,14.93,17754
09-01-2016,14.88,15.42,14.7,15.3,19804
09-02-2016,15.11,15.1337,14.6,14.8,13097
09-06-2016,15.23,15.52,15.001,15.35,21008
09-07-2016,15.24,15.38,15.1,15.21,14150
09-08-2016,15.03,15.39,15.03,15.2,22073
09-09-2016,14.66,15.0289,14.56,15.0289,16648
09-12-2016,15.02,15.1384,14.21,14.21,23261
09-13-2016,14.67,14.9997,14.66,14.72,19341
09-14-2016,14.87,15.35,14.715,14.81,15552
09-15-2016,14.7656,15.0821,14.68,14.9,10594
09-16-2016,14.6297,15.07,14.6,14.65,17764
09-19-2016,14.63,14.841,14.5416,14.75,16646
09-20-2016,14.7,14.9,14.59,14.59,16387
09-21-2016,14.69,15,14.5,14.99,22490
09-22-2016,14.77,15.269,14.41,14.93,35944
09-23-2016,14.78,14.91,14.6,14.79,13195
09-26-2016,14.58,14.83,14.5,14.71,11523
09-27-2016,14.69,14.83,14.51,14.7,50831
09-28-2016,14.74,15.13,14.655,14.75,93980
09-29-2016,14.1,14.76,14.02,14.76,25484
09-30-2016,13.89,14.16,13.42,14.16,76305
10-03-2016,14.07,14.4,13.81,13.85,66070
10-04-2016,13.98,14.1236,13.95,13.98,12913
10-05-2016,13.31,14.0743,13.3,13.98,60364
10-06-2016,13.79,14.09,13.65,13.65,75218
10-07-2016,13.79,14.2,13.52,14,36547
10-10-2016,14.47,14.74,14.06,14.36,54212
10-11-2016,14.03,14.649,13.88,14.48,28498
10-12-2016,14.2709,14.5,13.91,14.03,13925
10-13-2016,14.04,14.26,13.9694,14.05,27396
10-14-2016,13.53,14.19,13.5,14.06,52852
10-17-2016,13.61,13.75,13.51,13.75,18775
10-18-2016,13.72,13.84,13.62,13.7,17584
10-19-2016,13.78,13.82,13.609,13.7,11507
10-20-2016,13.71,13.78,13.6122,13.78,4825
10-21-2016,13.76,13.76,13.55,13.73,13444
10-24-2016,13.68,13.75,13.6,13.6,12770
10-25-2016,13.49,14.22,13.13,13.77,77349
10-26-2016,13.03,13.3,12.82,13.3,40041
10-27-2016,12.5,13.07,12.5,13.04,28634
10-28-2016,12.12,12.58,11.75,12.58,41063
10-31-2016,11.92,12.3,11.525,12.29,31779
11-01-2016,11.69,12,11.28,12,64871
11-02-2016,11.99,12.23,11.68,11.68,217100
11-03-2016,11.56,12.54,11.51,12.18,59274
11-04-2016,11.32,12.58,10.51,11.61,69050
11-07-2016,11.76,11.84,11.35,11.65,31347
11-08-2016,11.84,11.88,11.48,11.57,28211
11-09-2016,12.19,12.61,11.73,11.73,115292
11-10-2016,11.99,12.6522,11.9399,12.19,30736
11-11-2016,11.99,12.23,11.73,11.88,39862
11-14-2016,11.31,11.82,11.31,11.8,30453
11-15-2016,11.51,12,11.32,11.42,57147
11-16-2016,11.36,11.98,11.27,11.43,51860
11-17-2016,11.43,11.79,11.36,11.53,33878
11-18-2016,11.45,11.79,11.45,11.55,15705
11-21-2016,11.41,11.5999,11.36,11.4059,17468
11-22-2016,11.26,11.41,11.25,11.4,16109
11-23-2016,11.44,11.63,11.11,11.27,41154
11-25-2016,11.55,11.75,11.2623,11.58,49026
11-28-2016,11.36,11.49,11.36,11.39,6807
11-29-2016,11.25,11.5,11.25,11.45,17709
11-30-2016,10.91,11.3408,10.76,11.29,103482
12-01-2016,11.09,12.09,10.5,10.98,118458
12-02-2016,11.16,11.17,11.01,11.04,9341
12-05-2016,11.18,11.33,10.82,11.09,31647
12-06-2016,11.36,11.44,10.59,11.26,46374
12-07-2016,11.28,11.5,10.651,11.45,30029
12-08-2016,11.29,11.5499,10.86,11.44,27022
12-09-2016,11.33,11.67,11.0476,11.11,12181
12-12-2016,11.43,11.8514,11.15,11.8,28545
12-13-2016,11.33,11.64,11.31,11.4,30977
12-14-2016,11.3,11.99,11.3,11.6,26351
12-15-2016,11.29,11.4,11.0798,11.25,12709
12-16-2016,11.2,11.54,11.05,11.23,87974
12-19-2016,10.71,11.54,10.7,11.09,30304
12-20-2016,10.8001,11.17,10.67,10.85,43950
12-21-2016,9.69,9.86,9.5,9.5,536765
12-22-2016,9.65,9.86,9.56,9.81,252925
12-23-2016,10.2,10.25,9.75,9.75,95332
12-27-2016,10.25,10.35,10.2,10.35,131815
12-28-2016,10.32,10.35,10.22,10.3,101419
12-29-2016,10.4,10.73,10.31,10.37,63268
12-30-2016,10.46,10.72,10.3647,10.48,27098
01-03-2017,10.4,11,10.37,10.82,126850
01-04-2017,10.56,10.79,10.5,10.51,94794
01-05-2017,10.59,10.78,10.58,10.64,59374
01-06-2017,10.88,11.13,10.6,10.6,43796
01-09-2017,10.57,11.05,10.36,11.03,129486
01-10-2017,10.45,10.54,10.22,10.46,100328
01-11-2017,10.55,10.7,10.5,10.66,96924
01-12-2017,10.45,10.76,10.32,10.5,70616
01-13-2017,10.54,10.615,10.4,10.4,51300
01-17-2017,10.35,10.64,10.22,10.64,81271
01-18-2017,10.25,10.44,10.22,10.35,37943
01-19-2017,10.15,10.27,10.1,10.27,73475
01-20-2017,10.22,10.29,10.18,10.25,18057
01-23-2017,10.01,10.15,10,10.1,106063
01-24-2017,9.76,10.01,9.3736,10,67268
01-25-2017,9.62,9.75,9.15,9.31,96121
01-26-2017,10.2,10.3899,9.51,9.54,79212
01-27-2017,9.85,10.25,9.781,10.25,49857
01-30-2017,9.65,10,9.53,9.79,35623
01-31-2017,9.77,9.83,9.56,9.69,104277
02-01-2017,9.68,9.88,9.6,9.75,21829
02-02-2017,9.41,9.91,9.41,9.68,32474
02-03-2017,9.75,9.8791,9.45,9.58,60081
02-06-2017,9.95,10.08,9.7,9.95,85477
02-07-2017,9.85,10.174,9.73,10.13,60931
02-08-2017,9.81,9.9,9.58,9.85,35440
02-09-2017,9.33,9.97,9.32,9.85,76306
02-10-2017,9.54,9.7299,9.05,9.4,52352
02-13-2017,9.71,9.82,9.6,9.82,75660
02-14-2017,9.68,9.745,9.63,9.69,22840
02-15-2017,9.72,10.09,9.5,9.59,101929
02-16-2017,9.81,9.9599,9.54,9.58,60076
02-17-2017,9.88,9.9,9.65,9.66,71246
02-21-2017,9.63,10,9.6191,9.96,31653
02-22-2017,9.42,9.62,9.38,9.62,52789
02-23-2017,9.3,9.6,8.775,9.46,83901
02-24-2017,9.43,9.43,8.88,9.27,26673
02-27-2017,9.32,9.56,9.28,9.43,67076
02-28-2017,9.59,9.739,9.3,9.38,34676
03-01-2017,9.57,9.62,9.43,9.53,32028
03-02-2017,9.67,9.89,9.52,9.65,56551
03-03-2017,9.53,9.714,9.3,9.714,44598
03-06-2017,9.75,9.77,9.39,9.51,88714
03-07-2017,9.79,10.085,9.59,9.65,118168
03-08-2017,9.83,9.95,9.74,9.76,45982
03-09-2017,10.03,10.1599,9.54,9.74,89078
03-10-2017,10.34,10.59,10.13,10.19,165362
03-13-2017,10.34,10.48,10.2,10.4,133002
03-14-2017,10.44,10.82,10.3229,10.4,109153
03-15-2017,10.48,10.59,10.3,10.5,75157
03-16-2017,10.49,10.596,10.37,10.53,32841
03-17-2017,10.23,10.5,10.2,10.5,27095
03-20-2017,10.42,10.68,10.14,10.39,83480
03-21-2017,10.37,10.79,10.14,10.58,100636
03-22-2017,10.3,10.59,10.1052,10.32,28262
03-23-2017,10.36,10.595,10.22,10.25,39628
03-24-2017,10.47,10.645,10.34,10.4,41611
