03-28-2016,30.25,33.4099,30.05,32.97,1728380
03-29-2016,30.84,30.97,28,30.42,1970434
03-30-2016,32.83,34.12,30.0706,31.2,3768376
03-31-2016,31.44,33.23,30.8,32.36,1791205
04-01-2016,34.67,35.34,31.03,31.95,2302548
04-04-2016,33.03,34.96,32.92,34.67,1393802
04-05-2016,32.43,33.75,32.12,32.54,783352
04-06-2016,35.69,35.98,32.58,32.58,1346757
04-07-2016,37.08,39.39,34.81,35.39,2542881
04-08-2016,35.44,38.15,34.84,38.15,1834993
04-11-2016,33.34,35.58,33.2,35.45,1092774
04-12-2016,33.82,34.3445,32.6,33.3,751190
04-13-2016,34.93,35,33.55,34.24,486192
04-14-2016,36.42,36.66,34.2,34.66,667362
04-15-2016,36.74,36.9148,35.24,36.28,715668
04-18-2016,36.19,37.93,35.54,36.7,733186
04-19-2016,36.66,37.22,35.3,36.7,526350
04-20-2016,36,37.01,35.34,36.53,575274
04-21-2016,38.26,38.785,35.95,36.05,790673
04-22-2016,38.78,39.07,37.33,38.43,666838
04-25-2016,38.34,39.71,37.9,38.73,831028
04-26-2016,37.41,38.93,36.39,38.2,595420
04-27-2016,37.38,37.95,35.89,37.3,510645
04-28-2016,36.53,38.03,36.23,37.01,359996
04-29-2016,35.6,37.33,35.58,36.48,556798
05-02-2016,36.64,36.66,35.08,35.74,1185974
05-03-2016,35.26,36.7,35,36.1,466004
05-04-2016,33.04,35.315,32.435,35,641114
05-05-2016,30.49,33,30.25,33,1089229
05-06-2016,30.93,32.19,29.27,30.68,783832
05-09-2016,33.28,33.77,30.5,30.52,832531
05-10-2016,33.53,34.26,32.24,33.58,711425
05-11-2016,32.16,34.14,32.06,33.31,633609
05-12-2016,30.28,32.19,30.1,32.19,601129
05-13-2016,30.48,31.963,29.7826,30.34,427955
05-16-2016,31.5,32,30.5519,30.8,459258
05-17-2016,33.07,33.7483,30.91,31.29,672672
05-18-2016,32.9,33.73,32.69,33,521022
05-19-2016,32.04,33.42,31.41,32.57,424496
05-20-2016,33.73,33.76,31.88,32.08,514302
05-23-2016,34.4,35.35,34.15,34.17,586319
05-24-2016,35.66,35.92,34.21,34.78,585139
05-25-2016,34.9,36.21,34.5,35.98,457320
05-26-2016,33.65,34.91,33.16,34.51,634893
05-27-2016,35.05,35.13,33.08,33.34,481481
05-31-2016,36.26,37.98,35.2411,35.49,880811
06-01-2016,37.49,37.85,36.03,36.46,709404
06-02-2016,39.91,39.94,37.25,37.25,807288
06-03-2016,37.6,40.91,37.51,40.01,794657
06-06-2016,39.42,40,36.57,37.55,718702
06-07-2016,38.28,39.89,38.22,39.13,467398
06-08-2016,38.42,39.8293,38,38.21,499335
06-09-2016,36.69,38.41,36.63,37.7,364425
06-10-2016,36.64,36.88,34.56,36.26,484893
06-13-2016,35.06,36.64,34.67,36.31,683065
06-14-2016,35.37,35.8799,34.6,35,473948
06-15-2016,35.61,36.35,35.1,35.58,378082
06-16-2016,35.93,36.1499,34.94,35.33,306233
06-17-2016,36.04,37.35,35.66,36.05,1182172
06-20-2016,36.33,37.5568,35.985,36.34,504640
06-21-2016,35.89,36.75,35.0745,36.37,579078
06-22-2016,35.67,37.39,34.97,36.03,410273
06-23-2016,37.24,37.31,35.92,36.31,364399
06-24-2016,35.22,36,34.78,34.87,736520
06-27-2016,33.6,35.21,33.32,34.52,612853
06-28-2016,35.77,35.79,34.11,34.23,634580
06-29-2016,36.98,37.14,35.63,36.26,464424
06-30-2016,36.75,36.94,36.05,36.87,499772
07-01-2016,38.53,38.75,36.45,36.64,635518
07-05-2016,38.17,38.7,37.7455,37.92,449636
07-06-2016,39.64,40.2,37.95,37.97,660860
07-07-2016,40.48,41.75,39.3,39.8,640327
07-08-2016,41.25,41.75,40.18,40.54,585424
07-11-2016,42.44,43.06,41.16,41.61,569208
07-12-2016,42.41,42.94,41.89,42.8,531347
07-13-2016,39.27,42.84,39.1,42.59,661388
07-14-2016,39,39.96,38.2,39.96,501867
07-15-2016,40.35,41.07,38.95,39.12,417777
07-18-2016,40.38,40.46,39.54,40.29,245264
07-19-2016,39.03,40.75,39,40.28,455800
07-20-2016,41.39,41.61,39,39.26,551413
07-21-2016,42.21,43.39,40.985,41.7,610012
07-22-2016,45.26,45.31,41.93,42.2,623535
07-25-2016,44.63,45.31,43,45.29,402958
07-26-2016,45.02,45.93,44.09,44.33,348533
07-27-2016,46.53,46.65,44.68,45.2,450884
07-28-2016,45.8,46.53,44.73,46.35,368829
07-29-2016,47.12,47.54,45.14,45.61,458173
08-01-2016,47.01,48.2,46.38,47.51,487474
08-02-2016,48.98,49.55,45.15,46.9,1005597
08-03-2016,53,56.8895,49.83,50,4079552
08-04-2016,50.55,53.29,50.22,53.29,2176677
08-05-2016,54.97,55,50.091,50.99,1183028
08-08-2016,52.37,54.71,52,54.22,1089781
08-09-2016,53.54,54.35,51.64,52.66,830861
08-10-2016,51.97,54.22,51,54,1073778
08-11-2016,51.59,54.2299,48.51,54.03,2238307
08-12-2016,56.74,56.97,51.85,51.87,2232348
08-15-2016,57.72,57.9,54.2,56.5,1171367
08-16-2016,55.74,59.88,53.59,57.89,1951116
08-17-2016,55.31,56.92,54.01,56.92,890559
08-18-2016,56.4,57.24,54.7723,55.53,1361683
08-19-2016,56.54,57.91,56.1,57.46,2033395
08-22-2016,57.44,58,56,57.1,1166094
08-23-2016,56.74,58.14,56.52,58.14,547837
08-24-2016,54.65,57.59,54,55.96,1219941
08-25-2016,53.33,55.4,51.58,54.63,1080187
08-26-2016,54.29,54.61,52.52,53.3,1006724
08-29-2016,54.54,55.27,53.84,54.58,715960
08-30-2016,55.51,55.9499,54.25,54.5,652577
08-31-2016,54.84,55.71,54.29,55.19,497825
09-01-2016,55.68,55.725,54.05,55.02,822537
09-02-2016,56.56,57.71,55.6,56.26,897106
09-06-2016,56.02,56.9,55.54,56.55,911326
09-07-2016,56.41,57.5,55.73,56.14,1044622
09-08-2016,56.24,56.91,55.25,56.41,668677
09-09-2016,53.87,56.31,53.83,55.5,980898
09-12-2016,54.77,54.99,53.05,53.16,1403055
09-13-2016,53.18,54.385,51.41,54.25,1515196
09-14-2016,54.41,54.85,52.75,53.11,1084556
09-15-2016,54.49,54.74,53.08,54.51,640141
09-16-2016,55.12,55.42,53.78,54.24,1640749
09-19-2016,55.11,57.66,54.12,55.55,1659474
09-20-2016,56.73,57.2,55.27,55.63,1093675
09-21-2016,56.82,57.82,55.12,57.19,1067180
09-22-2016,57.41,57.7,56.85,57.15,720222
09-23-2016,56.52,57.99,56.5,57.38,401316
09-26-2016,56.08,56.95,55.5101,56,426915
09-27-2016,56.85,57.11,55.59,55.87,402894
09-28-2016,58.13,59.22,55.86,57.1,2375730
09-29-2016,55.2,58.58,55.06,57.97,1352163
09-30-2016,54.09,55.68,53.13,55.4,1164909
10-03-2016,53.19,54.37,52.29,53.95,760527
10-04-2016,52.53,54.72,52.22,53.49,685486
10-05-2016,53.01,54.21,52.35,52.58,587351
10-06-2016,52.08,52.99,51.2001,52.47,747772
10-07-2016,51.6,52.885,51.3,51.83,529141
10-10-2016,52.1,52.56,51.7,51.85,550078
10-11-2016,53.76,54.4,53.18,53.41,2210982
10-12-2016,52.4,54.12,51.545,53.99,886476
10-13-2016,52.47,53.1,50.6,51.61,898615
10-14-2016,52.53,54,51.69,53,1525890
10-17-2016,50.86,52.3,50.58,52,1084522
10-18-2016,52.52,52.9,51.02,51.12,785948
10-19-2016,51.02,52.87,50.74,52.25,580020
10-20-2016,51.72,52,50.2,50.5,549188
10-21-2016,51.14,51.85,50.25,51.02,534552
10-24-2016,47.54,51.26,47.45,51.14,1521040
10-25-2016,46.14,48.74,45.5,47.59,2366859
10-26-2016,44.44,46.5599,43.7,46.09,998227
10-27-2016,43.03,44.89,42.33,44.62,999422
10-28-2016,43.09,44.189,42,42.85,982404
10-31-2016,42.92,43.01,42.05,42.95,800705
11-01-2016,42.49,43.63,41.55,42.76,916424
11-02-2016,39.56,42.2199,38.35,41.77,1212125
11-03-2016,36.8,39.77,35.92,39.53,2021439
11-04-2016,40.07,40.97,36.82,36.82,1114919
11-07-2016,42,42.64,40.32,41.19,813071
11-08-2016,41.28,42.13,40.26,41.67,838845
11-09-2016,46.86,47.68,43.78,43.87,1288254
11-10-2016,51.08,51.81,46.59,48,1309467
11-11-2016,52.84,53.0906,50,50.07,989903
11-14-2016,54.27,54.4,51.605,52.29,1111231
11-15-2016,54.9,55.97,53.2001,54.06,836677
11-16-2016,52.48,55.94,52.2975,54.85,1003095
11-17-2016,53.19,53.55,51.2801,51.83,653737
11-18-2016,52.77,54.44,52.19,53.58,431231
11-21-2016,51.63,52.95,50.46,52.69,369190
11-22-2016,49.74,51.95,48.51,51.8,568305
11-23-2016,52.96,53.09,48.55,49.75,755540
11-25-2016,54.19,54.4,52.11,53.44,319870
11-28-2016,51.65,54.0195,51.07,53.69,463714
11-29-2016,53.04,53.87,51.02,51.59,606543
11-30-2016,53.22,54.415,52.7,53.22,580131
12-01-2016,50.54,53.79,50.43,53.04,832184
12-02-2016,50.6,51.67,50.03,50.79,673682
12-05-2016,52.59,53.38,51.26,51.26,822372
12-06-2016,55.01,55.3,52.35,52.99,750844
12-07-2016,53.5,55,52.95,54,921898
12-08-2016,47.07,53,42.96,52.77,3771509
12-09-2016,43.94,49.39,43.9001,47.6,1372860
12-12-2016,43.63,44.39,41.89,43.79,813945
12-13-2016,41.49,44.4,41.3,43.93,656704
12-14-2016,41.28,42.1,38.55,41.42,1374294
12-15-2016,43.93,45.66,41.15,41.25,1163437
12-16-2016,43.85,44.81,43.26,44.08,2204130
12-19-2016,42.09,44.975,41.65,43.85,498076
12-20-2016,41,42.735,40.1,42,861755
12-21-2016,38.99,41,38.96,40.72,685183
12-22-2016,38.25,38.99,37.62,38.56,607553
12-23-2016,39.76,39.88,37.15,37.86,646411
12-27-2016,38.53,40.54,38.45,39.9,354985
12-28-2016,38.43,38.86,37.861,38.29,387326
12-29-2016,38.25,39.22,38.02,38.5,278051
12-30-2016,38.03,38.79,37.8,38.41,401645
01-03-2017,37.61,39.23,36.6101,38.42,736688
01-04-2017,39.85,40.015,37.5,37.8,944262
01-05-2017,40.75,40.9,39.29,40,555424
01-06-2017,42.44,43.37,40.75,41.11,661840
01-09-2017,43.64,44.3,41.0501,43,1075623
01-10-2017,45.39,46.73,43.28,43.85,1079347
01-11-2017,44.32,46.55,42.67,45.76,1208899
01-12-2017,44.2,45.08,42.54,44,615539
01-13-2017,45.46,46.6,44.3,44.47,917439
01-17-2017,42.81,45.04,42.7,44.78,855879
01-18-2017,44.68,45.5,43.42,43.65,743773
01-19-2017,44.82,45.18,43.77,44.7,517883
01-20-2017,44.85,45.09,44.19,44.94,745061
01-23-2017,42.53,45.25,42.04,45,646255
01-24-2017,41.11,43.55,40.385,42.67,795437
01-25-2017,41.87,41.98,40.7501,41.25,627480
01-26-2017,42.05,43.4,41.99,42.09,520416
01-27-2017,43.67,43.71,41.53,42.22,549485
01-30-2017,42.19,44.89,42.01,44.02,433539
01-31-2017,43.52,43.66,41.02,41.19,720725
02-01-2017,43.13,44.6,42.74,44.18,518419
02-02-2017,43.35,43.6299,42.12,42.96,359630
02-03-2017,43.46,43.9,42.555,43.71,442986
02-06-2017,42.71,43.29,41.91,42.98,461514
02-07-2017,41.86,42.9201,41.38,42.89,528219
02-08-2017,43.1,43.25,40.875,41.57,634157
02-09-2017,43.91,44.2,42.27,43.07,324192
02-10-2017,43.59,44.5,43.33,44.2,293468
02-13-2017,42.82,44.03,42.73,43.58,308870
02-14-2017,45.01,45.35,42.2701,42.3,843601
02-15-2017,48.06,48.44,44.55,45.09,1507148
02-16-2017,45.16,48.26,44.2101,48.07,1312115
02-17-2017,45.65,45.72,44.5,45.13,400186
02-21-2017,43.81,45.99,43.2,45.89,550347
02-22-2017,42.48,44.33,42.2,43.45,488788
02-23-2017,43.19,43.385,41.59,42.81,522039
02-24-2017,41.05,42.62,40.61,41.7,930629
02-27-2017,43.6,44.3,40.55,40.98,806915
02-28-2017,42.14,45,42.04,44.07,778495
03-01-2017,42.3,43.67,41.94,42.84,724452
03-02-2017,41.7,43.21,41.51,42.19,457285
03-03-2017,41.95,42.47,41.17,42.08,362123
03-06-2017,42.11,42.735,40.77,41.75,536575
03-07-2017,42.18,42.62,41.02,41.46,523594
03-08-2017,43.62,45,42.09,42.37,814982
03-09-2017,43.11,45.4,42.73,43.65,997244
03-10-2017,40.85,41.935,38.335,40,3203459
03-13-2017,41.78,42.054,39.665,40.23,962860
03-14-2017,40.06,41.77,39.97,41.61,1284537
03-15-2017,39.19,40.7616,38.92,40.41,1251090
03-16-2017,38.08,39.7,37.75,39.3,821329
03-17-2017,37.94,38.79,37.76,37.83,1779302
03-20-2017,38.22,39.47,37.6,38.96,572922
03-21-2017,35.63,38.65,35.17,38.37,1328590
03-22-2017,36.87,37.43,35.45,36.92,892408
03-23-2017,37.29,38.68,36.5,37.27,846943
03-24-2017,38.18,38.61,37.38,37.44,990246
