03-28-2016,0.3202,0.337,0.32,0.33,278269
03-29-2016,0.3283,0.335,0.32,0.335,719088
03-30-2016,0.345,0.345,0.32,0.32,638972
03-31-2016,0.3301,0.35,0.328,0.335,547915
04-01-2016,0.3317,0.335,0.32,0.32,304630
04-04-2016,0.3356,0.3419,0.33,0.33,287899
04-05-2016,0.3335,0.3356,0.3301,0.3356,208058
04-06-2016,0.325,0.3385,0.325,0.333,552604
04-07-2016,0.3329,0.335,0.32,0.32,288752
04-08-2016,0.3274,0.335,0.32,0.3218,210146
04-11-2016,0.32,0.3331,0.32,0.33,152416
04-12-2016,0.3222,0.33,0.32,0.33,181225
04-13-2016,0.32,0.325,0.3152,0.325,246687
04-14-2016,0.3247,0.33,0.312,0.312,269420
04-15-2016,0.32,0.33,0.32,0.33,161157
04-18-2016,0.3205,0.33,0.3203,0.3263,453638
04-19-2016,0.3202,0.335,0.32,0.321,259794
04-20-2016,0.3111,0.3293,0.31,0.32,474267
04-21-2016,0.3166,0.32,0.3116,0.313,212582
04-22-2016,0.315,0.32,0.31,0.316,311025
04-25-2016,0.331,0.335,0.31,0.3115,1780276
04-26-2016,0.315,0.332,0.3131,0.331,855433
04-27-2016,0.3047,0.32,0.3017,0.32,730887
04-28-2016,0.3035,0.3197,0.301,0.309,395042
04-29-2016,0.3,0.3119,0.3,0.301,422910
05-02-2016,0.3,0.3098,0.3,0.3098,336780
05-03-2016,0.2815,0.305,0.28,0.3,1059882
05-04-2016,0.2902,0.2965,0.2815,0.288,455105
05-05-2016,0.28,0.296,0.28,0.296,512974
05-06-2016,0.2765,0.285,0.27,0.285,552346
05-09-2016,0.2799,0.28,0.2651,0.2765,602922
05-10-2016,0.2799,0.29,0.27,0.29,466740
05-11-2016,0.2734,0.28,0.265,0.28,280702
05-12-2016,0.26,0.28,0.26,0.261,693536
05-13-2016,0.2603,0.275,0.26,0.26,380816
05-16-2016,0.269,0.27,0.2502,0.2603,250320
05-17-2016,0.2779,0.2779,0.265,0.265,167995
05-18-2016,0.2634,0.2737,0.255,0.265,479729
05-19-2016,0.2654,0.27,0.2582,0.2604,399348
05-20-2016,0.2719,0.28,0.255,0.265,548281
05-23-2016,0.285,0.3,0.275,0.282,537968
05-24-2016,0.2895,0.29,0.2813,0.29,229840
05-25-2016,0.295,0.2981,0.287,0.29,311336
05-26-2016,0.2975,0.3048,0.29,0.296,477692
05-27-2016,0.301,0.31,0.2951,0.3,842209
05-31-2016,0.32,0.32,0.3011,0.3015,955113
06-01-2016,0.3202,0.3318,0.3126,0.32,905358
06-02-2016,0.322,0.33,0.3199,0.3202,497828
06-03-2016,0.3131,0.327,0.3018,0.322,579222
06-06-2016,0.312,0.3318,0.308,0.33,1681681
06-07-2016,0.3,0.32,0.28,0.32,1146407
06-08-2016,0.29,0.2901,0.275,0.28,833858
06-09-2016,0.2798,0.2996,0.2757,0.295,1001969
06-10-2016,0.2719,0.28,0.27,0.28,615904
06-13-2016,0.2698,0.275,0.26,0.275,1250237
06-14-2016,0.2694,0.2739,0.2616,0.27,547365
06-15-2016,0.267,0.2791,0.2625,0.264,801294
06-16-2016,0.256,0.2691,0.252,0.2602,1454068
06-17-2016,0.25,0.26,0.25,0.255,1966567
06-20-2016,0.2552,0.27,0.2505,0.251,849232
06-21-2016,0.2599,0.27,0.2553,0.27,576433
06-22-2016,0.265,0.28,0.258,0.26,1466497
06-23-2016,0.266,0.2764,0.265,0.2652,558319
06-24-2016,0.2599,0.265,0.258,0.2604,643594
06-27-2016,0.2487,0.26,0.24,0.26,1573480
06-28-2016,0.2565,0.26,0.2468,0.25,430125
06-29-2016,0.2585,0.2599,0.248,0.252,490699
06-30-2016,0.2512,0.26,0.248,0.26,476547
07-01-2016,0.259,0.2635,0.2513,0.258,600256
07-05-2016,0.2598,0.265,0.25,0.2599,296976
07-06-2016,0.2598,0.2599,0.252,0.2599,355222
07-07-2016,0.2589,0.2639,0.2532,0.258,342682
07-08-2016,0.2545,0.26,0.253,0.253,186567
07-11-2016,0.266,0.2744,0.255,0.26,1253336
07-12-2016,0.2626,0.2673,0.255,0.264,508552
07-13-2016,0.2599,0.269,0.2552,0.2673,217430
07-14-2016,0.2574,0.2642,0.2525,0.2642,418866
07-15-2016,0.2598,0.263,0.2525,0.2525,427208
07-18-2016,0.26,0.263,0.256,0.263,338554
07-19-2016,0.2596,0.262,0.2526,0.26,341780
07-20-2016,0.2579,0.2625,0.252,0.2579,266175
07-21-2016,0.2598,0.26,0.255,0.256,167292
07-22-2016,0.2588,0.26,0.2527,0.26,336574
07-25-2016,0.2599,0.265,0.2503,0.26,862709
07-26-2016,0.255,0.26,0.251,0.251,344139
07-27-2016,0.2561,0.26,0.2525,0.26,484122
07-28-2016,0.2599,0.265,0.2526,0.2597,834739
07-29-2016,0.2625,0.2745,0.2575,0.2599,978788
08-01-2016,0.2699,0.2782,0.2606,0.265,700986
08-02-2016,0.2697,0.279,0.2672,0.2745,480647
08-03-2016,0.27,0.2749,0.2616,0.2698,475929
08-04-2016,0.2703,0.28,0.2683,0.28,503760
08-05-2016,0.2747,0.276,0.27,0.27,261297
08-08-2016,0.273,0.279,0.2652,0.275,375396
08-09-2016,0.2626,0.275,0.26,0.273,350148
08-10-2016,0.263,0.2701,0.26,0.2701,289055
08-11-2016,0.2601,0.2684,0.26,0.265,251486
08-12-2016,0.263,0.2679,0.26,0.26,159387
08-15-2016,0.262,0.273,0.262,0.273,258642
08-16-2016,0.2599,0.265,0.253,0.2605,552421
08-17-2016,0.2548,0.2599,0.2501,0.2595,546780
08-18-2016,0.258,0.2685,0.2515,0.2515,318259
08-19-2016,0.2599,0.2645,0.2531,0.26,258686
08-22-2016,0.267,0.268,0.255,0.263,333684
08-23-2016,0.268,0.2699,0.2611,0.2685,416497
08-24-2016,0.2593,0.28,0.258,0.268,1066299
08-25-2016,0.258,0.265,0.2538,0.26,637829
08-26-2016,0.2501,0.2599,0.25,0.258,390063
08-29-2016,0.2556,0.2581,0.245,0.25,656483
08-30-2016,0.2531,0.26,0.2501,0.2589,358950
08-31-2016,0.251,0.255,0.2496,0.2499,174279
09-01-2016,0.2501,0.2589,0.25,0.2505,471361
09-02-2016,0.2577,0.2589,0.2501,0.2505,200257
09-06-2016,0.2505,0.26,0.2501,0.26,376182
09-07-2016,0.2506,0.26,0.245,0.2499,608545
09-08-2016,0.2558,0.2645,0.2495,0.25,453538
09-09-2016,0.2529,0.26,0.2501,0.259,412833
09-12-2016,0.265,0.27,0.26,0.27,1018657
09-13-2016,0.2567,0.2699,0.2531,0.2699,649858
09-14-2016,0.229,0.2413,0.221,0.237,2762717
09-15-2016,0.2251,0.2305,0.221,0.23,1643839
09-16-2016,0.2153,0.23,0.2025,0.2299,2524353
09-19-2016,0.2148,0.22,0.2016,0.22,684895
09-20-2016,0.2156,0.2246,0.21,0.2121,753368
09-21-2016,0.224,0.2299,0.2171,0.22,1246148
09-22-2016,0.2178,0.225,0.217,0.225,648571
09-23-2016,0.2184,0.225,0.211,0.225,971788
09-26-2016,0.2226,0.2249,0.215,0.215,784614
09-27-2016,0.2222,0.229,0.22,0.22,1450837
09-28-2016,0.2201,0.2299,0.2198,0.2299,701627
09-29-2016,0.2145,0.2225,0.2145,0.2201,984018
09-30-2016,0.21,0.2229,0.2092,0.22,1529431
10-03-2016,0.211,0.22,0.21,0.22,1009514
10-04-2016,0.2101,0.2164,0.21,0.2116,1591771
10-05-2016,0.213,0.2165,0.211,0.2165,1631708
10-06-2016,0.2132,0.2165,0.2058,0.2165,2304712
10-07-2016,0.21,0.2153,0.209,0.215,1904768
10-10-2016,0.21,0.229,0.2055,0.229,2457173
10-11-2016,0.2051,0.2149,0.205,0.2108,1595260
10-12-2016,0.2,0.2176,0.1957,0.2101,3153861
10-13-2016,0.1817,0.2001,0.1801,0.2,2780388
10-14-2016,0.18,0.1865,0.171,0.1803,1805401
10-17-2016,0.1799,0.185,0.1608,0.18,1103857
10-18-2016,0.1705,0.18,0.1655,0.18,1251877
10-19-2016,0.1741,0.18,0.1705,0.1705,627909
10-20-2016,0.175,0.1799,0.1706,0.1741,770455
10-21-2016,0.1724,0.18,0.1716,0.18,807297
10-24-2016,0.1704,0.1753,0.167,0.1716,885418
10-25-2016,0.17,0.176,0.168,0.176,515201
10-26-2016,0.17,0.176,0.1675,0.176,1122154
10-27-2016,0.1708,0.1806,0.1706,0.1749,1767597
10-28-2016,0.1682,0.18,0.167,0.18,1106759
10-31-2016,0.1667,0.174,0.1619,0.17,874280
11-01-2016,0.1536,0.169,0.1501,0.1644,1296938
11-02-2016,0.142,0.155,0.136,0.1531,1899027
11-03-2016,0.1445,0.145,0.138,0.142,921898
11-04-2016,0.1523,0.1775,0.1398,0.144,1616783
11-07-2016,0.1585,0.1637,0.1457,0.1523,656745
11-08-2016,0.1551,0.16,0.15,0.154,581028
11-09-2016,0.1613,0.1622,0.155,0.16,876326
11-10-2016,0.1675,0.17,0.158,0.158,1308047
11-11-2016,0.168,0.1699,0.1626,0.1675,605327
11-14-2016,0.1702,0.18,0.1635,0.1698,1249315
11-15-2016,0.174,0.1784,0.1675,0.17,736762
11-16-2016,0.17577,0.1783,0.171,0.171,619503
11-17-2016,0.19,0.2,0.1736,0.175,3318257
11-18-2016,0.192,0.2,0.1859,0.199,2000593
11-21-2016,0.1856,0.192,0.1767,0.1898,1879796
11-22-2016,0.1786,0.1876,0.177,0.1876,825229
11-23-2016,0.1791,0.1818,0.1702,0.18,588749
11-25-2016,0.1713,0.1794,0.1702,0.1767,236376
11-28-2016,0.1676,0.1789,0.1601,0.17,662705
11-29-2016,0.1648,0.1749,0.162,0.165,649707
11-30-2016,0.1651,0.1712,0.1601,0.1633,1142124
12-01-2016,0.162,0.1726,0.161,0.1611,715902
12-02-2016,0.1669,0.1727,0.1612,0.1612,671521
12-05-2016,0.1629,0.171,0.16,0.17,688975
12-06-2016,0.1645,0.1693,0.16,0.1606,775065
12-07-2016,0.1608,0.17,0.1605,0.17,763822
12-08-2016,0.1603,0.1669,0.16,0.1609,1144308
12-09-2016,0.1616,0.165,0.1516,0.16,1613883
12-12-2016,0.1569,0.1616,0.153,0.1601,1307694
12-13-2016,0.1546,0.162,0.151,0.1563,1212882
12-14-2016,0.1456,0.16,0.142,0.16,1721606
12-15-2016,0.1495,0.15,0.14,0.141,1165701
12-16-2016,0.1489,0.155,0.1412,0.1505,856376
12-19-2016,0.152,0.155,0.144,0.145,1037010
12-20-2016,0.1516,0.155,0.1484,0.15,663786
12-21-2016,0.1516,0.154,0.15,0.152,553419
12-22-2016,0.1503,0.155,0.15,0.155,941331
12-23-2016,0.1596,0.16,0.15,0.15,737408
12-27-2016,0.1509,0.165,0.15,0.1649,1672014
12-28-2016,0.1475,0.1576,0.1467,0.15,1305856
12-29-2016,0.1429,0.1475,0.1411,0.1452,1298993
12-30-2016,0.1419,0.1459,0.127,0.1445,8071047
01-03-2017,0.1451,0.1498,0.1425,0.148,784032
01-04-2017,0.147,0.155,0.136,0.136,1250818
01-05-2017,0.159,0.16,0.145,0.1574,851297
01-06-2017,0.158,0.1645,0.158,0.16,1034434
01-09-2017,0.1676,0.1816,0.1567,0.1612,1567228
01-10-2017,0.1667,0.185,0.165,0.17,2840781
01-11-2017,0.1619,0.1759,0.1615,0.1759,958299
01-12-2017,0.16,0.1674,0.1561,0.1674,1162748
01-13-2017,0.166,0.168,0.1601,0.166,862366
01-17-2017,0.163,0.17,0.16,0.1675,1126534
01-18-2017,0.1745,0.184,0.165,0.184,1443987
01-19-2017,0.174,0.1791,0.17,0.1785,1060710
01-20-2017,0.184,0.2039,0.1751,0.185,6759546
01-23-2017,0.1761,0.185,0.1735,0.1735,1418705
01-24-2017,0.1675,0.1824,0.1675,0.1797,1773612
01-25-2017,0.176,0.18,0.17,0.175,1643126
01-26-2017,0.1762,0.18,0.1718,0.179,828422
01-27-2017,0.1788,0.1848,0.1751,0.1762,903674
01-30-2017,0.1749,0.184,0.17,0.18,957164
01-31-2017,0.1723,0.178,0.1671,0.175,1147369
02-01-2017,0.1729,0.1764,0.1672,0.1672,841597
02-02-2017,0.1736,0.175,0.1672,0.1672,451942
02-03-2017,0.1701,0.1736,0.1672,0.1672,705213
02-06-2017,0.1728,0.174,0.17,0.1736,522255
02-07-2017,0.1756,0.181,0.1728,0.1738,678576
02-08-2017,0.176,0.179,0.1705,0.175,575663
02-09-2017,0.1847,0.185,0.1731,0.1765,1524408
02-10-2017,0.2036,0.2098,0.184,0.19,4654870
02-13-2017,0.285,0.2914,0.22,0.2233,22950111
02-14-2017,0.284,0.305,0.2538,0.3,13190458
02-15-2017,0.2681,0.284,0.24,0.284,5646058
02-16-2017,0.2416,0.27,0.225,0.27,4837164
02-17-2017,0.2499,0.2595,0.2193,0.232,1959199
02-21-2017,0.2205,0.2549,0.22,0.25,3160288
02-22-2017,0.2294,0.23,0.205,0.22,2095654
02-23-2017,0.235,0.2509,0.22,0.225,2516396
02-24-2017,0.2379,0.2476,0.2326,0.2398,1456508
02-27-2017,0.2577,0.2669,0.24,0.25,3476627
02-28-2017,0.249,0.2663,0.245,0.2643,2280666
03-01-2017,0.2456,0.2543,0.243,0.2525,805067
03-02-2017,0.2404,0.2499,0.228,0.24,1001124
03-03-2017,0.2371,0.245,0.2325,0.2325,993079
03-06-2017,0.2404,0.2499,0.2301,0.2489,1406627
03-07-2017,0.2432,0.2489,0.24,0.245,999815
03-08-2017,0.2995,0.3,0.2432,0.2476,9430644
03-09-2017,0.317,0.335,0.2931,0.3,12965921
03-10-2017,0.3782,0.43,0.3285,0.3285,21880808
03-13-2017,0.4486,0.4998,0.385,0.4058,19331643
03-14-2017,0.46,0.562,0.39,0.53,31689007
03-15-2017,0.4849,0.4987,0.401,0.47,8175243
03-16-2017,0.4723,0.4889,0.45,0.477,4206264
03-17-2017,0.4795,0.4975,0.46,0.48,3606855
03-20-2017,0.46,0.4889,0.4518,0.4889,4175412
03-21-2017,0.4187,0.4588,0.4064,0.4515,6520699
03-22-2017,0.4205,0.435,0.4126,0.434,1903156
03-23-2017,0.4345,0.44,0.4105,0.421,2454141
03-24-2017,0.45,0.45,0.42,0.435,2248744
