03-28-2016,12.33,12.85,12.09,12.72,426908
03-29-2016,12.79,12.82,11.6,12.29,762158
03-30-2016,13.39,13.935,13,13.03,784367
03-31-2016,13.66,13.8,13.15,13.48,535066
04-01-2016,14.37,14.43,13.43,13.72,691894
04-04-2016,14.44,14.895,14.38,14.4,506038
04-05-2016,14.37,14.74,14.24,14.32,329193
04-06-2016,14.84,14.86,14.39,14.39,545925
04-07-2016,15.1,15.4,14.43,14.75,617665
04-08-2016,14.8,15.33,14.46,15.33,361802
04-11-2016,14.43,14.9,14.27,14.88,324751
04-12-2016,14.66,14.72,13.8,14.54,627360
04-13-2016,15.3,15.34,14.48,14.74,483840
04-14-2016,15.56,15.84,15.03,15.24,479105
04-15-2016,15.45,15.58,14.985,15.51,378719
04-18-2016,15.58,15.82,15.3,15.38,254003
04-19-2016,15.27,15.635,14.87,15.59,317801
04-20-2016,15.06,15.42,14.63,15.33,271557
04-21-2016,15.4,15.49,14.88,15.1,353986
04-22-2016,15.61,15.78,15.29,15.38,280078
04-25-2016,15.37,15.87,15.2,15.51,200316
04-26-2016,14.67,15.35,13.96,15.35,586104
04-27-2016,14.39,14.645,14.2,14.53,278601
04-28-2016,14.14,14.53,14.06,14.39,438679
04-29-2016,13.78,14.16,13.62,14.05,330933
05-02-2016,14.26,14.26,13.31,13.89,581145
05-03-2016,13.73,14.31,13.49,14.08,441864
05-04-2016,15,15.37,14.27,14.84,1295902
05-05-2016,14.9,15.15,14.505,15.15,742799
05-06-2016,14.61,14.755,14.05,14.7,636034
05-09-2016,15.29,15.68,14.69,14.7,497533
05-10-2016,15.66,15.71,15.03,15.44,455617
05-11-2016,15.31,16.09,15.27,15.7,553535
05-12-2016,15.14,15.63,14.79,15.43,630024
05-13-2016,15.41,15.63,14.92,15.05,392032
05-16-2016,15.59,15.88,15.39,15.43,619327
05-17-2016,15.55,15.89,15.4,15.55,233657
05-18-2016,16.33,16.6,15.455,15.46,481831
05-19-2016,16.23,16.54,15.885,16.25,319986
05-20-2016,16.76,16.835,16.185,16.3,473906
05-23-2016,16.8,17.16,16.65,16.77,279710
05-24-2016,17.21,17.25,16.64,16.81,355026
05-25-2016,17.22,17.45,17.11,17.28,452876
05-26-2016,17.22,17.27,16.93,17.15,263995
05-27-2016,17.47,17.5,16.99,17.4,302904
05-31-2016,17.78,17.88,17.41,17.49,392661
06-01-2016,17.8,17.96,17.43,17.7,429131
06-02-2016,18.2,18.45,17.77,17.77,383522
06-03-2016,17.68,18.18,17.29,18.12,378741
06-06-2016,18.03,18.09,17.28,17.71,349047
06-07-2016,18.32,18.58,17.69,17.86,444071
06-08-2016,18.22,18.45,17.8,18.39,216180
06-09-2016,17.7,18.18,17.66,18.12,307442
06-10-2016,17.4,17.815,17.22,17.51,297642
06-13-2016,17.19,17.61,17.01,17.32,266864
06-14-2016,16.56,17.45,16.38,17.15,545475
06-15-2016,16.81,16.96,16.455,16.68,378365
06-16-2016,17.46,17.47,16.58,16.77,687372
06-17-2016,17.34,17.73,17.19,17.48,854301
06-20-2016,17.55,17.81,17.36,17.58,342586
06-21-2016,18.09,18.24,17.51,17.77,638363
06-22-2016,18.48,19.32,17.8,18.1,787460
06-23-2016,18.49,18.81,18.2,18.61,591905
06-24-2016,17.8,18.24,17.5,17.62,1661168
06-27-2016,17.24,17.865,16.96,17.53,536394
06-28-2016,17.81,18.02,17.4,17.41,419044
06-29-2016,17.95,18.12,17.66,17.97,456810
06-30-2016,17.81,18.06,17.6,17.96,346500
07-01-2016,18.46,18.46,17.71,17.73,366227
07-05-2016,18.29,18.54,17.95,18.41,297903
07-06-2016,18.49,18.65,18.06,18.14,433338
07-07-2016,18.3,18.59,17.8,18.59,255046
07-08-2016,18.65,18.84,18.17,18.29,352462
07-11-2016,18.47,18.78,18.41,18.76,263058
07-12-2016,18.57,18.86,18.47,18.69,457100
07-13-2016,18.09,18.91,17.84,18.79,393388
07-14-2016,18.09,18.63,18.03,18.32,285338
07-15-2016,18.48,18.9,18.05,18.25,274374
07-18-2016,17.6,18.53,17.4,18.53,573082
07-19-2016,17.5,17.99,17.19,17.69,511917
07-20-2016,17.85,18.86,17.48,17.55,534952
07-21-2016,17.77,18.32,17.6111,18,462439
07-22-2016,18.12,18.47,17.7,17.87,495820
07-25-2016,17.75,18.37,17.68,18.24,527166
07-26-2016,18.01,18.16,17.5,17.63,566753
07-27-2016,18.4,18.45,17.87,18.1,474837
07-28-2016,17.53,18.48,17.45,18.33,623322
07-29-2016,17.93,18.11,17.42,17.5,818494
08-01-2016,18.17,18.53,17.95,18.07,805740
08-02-2016,18.31,18.52,17.93,18.2,481046
08-03-2016,18.64,18.73,18.03,18.25,459823
08-04-2016,18.77,19.14,18.525,18.61,687422
08-05-2016,18.91,19.41,18.2506,19,1010964
08-08-2016,18.66,19.28,18.51,19,332956
08-09-2016,18.28,18.89,18.02,18.68,464913
08-10-2016,17.55,18.58,17.47,18.29,476935
08-11-2016,17.45,18.1,17.081,17.58,397329
08-12-2016,17.33,17.5,17.04,17.33,508629
08-15-2016,17.62,17.9,17.31,17.36,332227
08-16-2016,17.31,17.96,17.18,17.62,339619
08-17-2016,17.22,17.33,17.1,17.25,302935
08-18-2016,17.03,17.23,16.92,17.1,434688
08-19-2016,16.79,16.95,16.49,16.95,422798
08-22-2016,17.08,17.47,16.8311,16.85,449142
08-23-2016,16.98,17.25,16.97,17.13,281477
08-24-2016,16.42,17.135,16.27,17.01,624889
08-25-2016,16.22,16.955,15.94,16.45,585622
08-26-2016,16.38,16.59,16.08,16.22,349144
08-29-2016,16.19,16.47,16.1,16.47,192287
08-30-2016,16.17,16.35,15.94,16.14,234253
08-31-2016,16.02,16.3,15.93,16.1,297733
09-01-2016,16.35,16.75,15.95,16.09,410672
09-02-2016,16.1,16.526,15.93,16.35,313004
09-06-2016,16.32,16.38,15.88,16.17,775838
09-07-2016,20.81,23.51,20.3,20.9,15172041
09-08-2016,21.37,21.5,20.36,20.92,1634604
09-09-2016,21.3,21.9599,21.07,21.21,940023
09-12-2016,22.03,22.06,20.64,21.17,991065
09-13-2016,23.19,23.47,21.89,21.96,1395707
09-14-2016,23.26,23.81,23.08,23.48,668030
09-15-2016,24.23,24.315,23.1479,23.27,605771
09-16-2016,24.25,24.57,23.96,24.16,739874
09-19-2016,23.24,24.57,23.02,24.31,1191718
09-20-2016,23.42,23.66,22.87,23.41,471199
09-21-2016,23.75,23.791,22.66,23.41,389423
09-22-2016,23.27,23.94,22.98,23.8,650556
09-23-2016,22.57,23.74,22.54,23.27,517685
09-26-2016,22.36,22.64,22.07,22.39,402318
09-27-2016,22.24,22.55,22.16,22.31,619572
09-28-2016,22.1,22.25,21.74,22.24,613171
09-29-2016,21.88,22.348,21.77,22.11,714448
09-30-2016,22.38,22.605,21.75,22.07,357480
10-03-2016,23.12,23.2,21.92,22.25,413795
10-04-2016,22.78,24.2,22.6,24.16,517557
10-05-2016,23.12,23.12,22.555,22.76,338299
10-06-2016,23.05,23.5,22.76,22.89,339245
10-07-2016,22.67,23.02,22.48,22.85,302932
10-10-2016,23.02,23.29,22.67,22.9,238557
10-11-2016,22.45,22.93,22.2,22.77,350423
10-12-2016,22.04,22.99,22.03,22.51,359075
10-13-2016,22.18,22.49,21.7837,21.9,163830
10-14-2016,21.34,22.29,21.31,22.29,369480
10-17-2016,20.72,21.41,20.64,21.38,387892
10-18-2016,20.65,21.23,20.58,20.98,321842
10-19-2016,20.31,20.7,20.05,20.61,405252
10-20-2016,20.41,20.64,20.22,20.35,206348
10-21-2016,20.58,20.82,20.24,20.31,289198
10-24-2016,20.51,20.88,20.36,20.82,194785
10-25-2016,20.36,20.95,20.31,20.46,190578
10-26-2016,19.91,20.48,19.72,20.37,223398
10-27-2016,19.04,20.21,19.02,20.04,296838
10-28-2016,19.01,19.21,18.48,18.93,310948
10-31-2016,18.85,19.37,18.78,19.04,297939
11-01-2016,18.78,18.95,18.09,18.8,399169
11-02-2016,18.41,19.1,18.39,18.74,349690
11-03-2016,18.6,18.73,18.09,18.4,686001
11-04-2016,17.62,18.22,16.07,16.07,927018
11-07-2016,18.32,18.66,17.47,17.79,497697
11-08-2016,18.19,19.205,18.04,18.37,325500
11-09-2016,20.19,20.31,18.61,18.93,1090652
11-10-2016,21.07,21.36,20.36,20.53,661760
11-11-2016,21.16,21.75,20.86,21.17,693966
11-14-2016,20.99,21.7391,20.4,21.51,390247
11-15-2016,20.91,21.48,20.43,20.84,749619
11-16-2016,21.41,21.78,20.445,20.72,708090
11-17-2016,21.39,22.25,20.93,21.31,780571
11-18-2016,20.08,21.94,19.56,21.94,621016
11-21-2016,21.22,22,20.78,21.71,1012352
11-22-2016,21.12,21.525,20.9,21.43,461334
11-23-2016,21.49,21.72,20.5215,20.8,465580
11-25-2016,21.64,21.7,21.04,21.46,94770
11-28-2016,21.32,21.92,20.9338,21.5,414173
11-29-2016,21.32,21.62,21.24,21.34,280915
11-30-2016,20.47,21.36,20.16,21.08,251373
12-01-2016,19.54,20.75,19.32,20.44,503859
12-02-2016,19.97,20.41,19.4603,19.55,313075
12-05-2016,20.54,20.84,19.77,19.94,349564
12-06-2016,21.14,21.21,20.47,20.62,365975
12-07-2016,20.51,21.025,20.1,20.83,416533
12-08-2016,20.75,20.75,20.25,20.42,266911
12-09-2016,20.89,21.51,20.74,20.87,256054
12-12-2016,20.64,20.79,20.43,20.68,220739
12-13-2016,20.21,20.87,20.17,20.7,196875
12-14-2016,20.06,20.32,19.79,20.21,227520
12-15-2016,20.39,20.5,19.71,20.02,318606
12-16-2016,20.16,20.5,20.0101,20.45,675140
12-19-2016,19.5,20.235,19.43,20.06,328468
12-20-2016,19.15,20,18.995,19.65,290763
12-21-2016,18.74,19.265,18.62,19.12,297370
12-22-2016,18.69,18.93,18.575,18.75,220578
12-23-2016,19.36,19.46,18.49,18.65,261308
12-27-2016,19.17,19.605,19.13,19.4,200885
12-28-2016,19.08,19.29,18.87,19.22,271199
12-29-2016,19.2,19.45,19.03,19.1,362629
12-30-2016,18.93,19.42,18.5601,19.19,482675
01-03-2017,18.45,19.16,18.205,19.16,428821
01-04-2017,19.08,19.35,18.47,18.54,484523
01-05-2017,19.34,19.42,19,19.12,381714
01-06-2017,19.32,19.87,19.26,19.38,566276
01-09-2017,19.65,20.14,19.59,19.76,596766
01-10-2017,19.62,19.77,19.28,19.68,410076
01-11-2017,18.94,19.75,18.7,19.75,605797
01-12-2017,19.21,19.54,18.73,18.79,534322
01-13-2017,19.53,20.28,19.35,19.35,798828
01-17-2017,18.75,20,18.66,19.95,539878
01-18-2017,19.54,19.83,18.72,18.88,384116
01-19-2017,19.31,19.72,19.19,19.55,357288
01-20-2017,19.51,19.56,19.055,19.26,342959
01-23-2017,19.56,19.71,19.36,19.46,241928
01-24-2017,19.03,19.6,18.8,19.59,534419
01-25-2017,19.19,19.31,18.97,19.08,216039
01-26-2017,18.91,19.49,18.73,19.25,366059
01-27-2017,19.1,19.14,18.755,18.94,314672
01-30-2017,18.59,19.13,18.29,19.13,242689
01-31-2017,19.62,19.7,18.27,18.62,364744
02-01-2017,19.52,19.75,19.33,19.66,306124
02-02-2017,20.1,20.12,19.4,19.55,347968
02-03-2017,20.51,20.66,20.03,20.31,301205
02-06-2017,20.07,20.57,20,20.45,217617
02-07-2017,20.31,20.58,19.89,20.1,427888
02-08-2017,20.44,20.58,19.97,20.2,225006
02-09-2017,21.19,21.19,20.13,20.44,1153528
02-10-2017,21,21.75,20.66,21.55,429672
02-13-2017,20.61,21.05,20.52,21.05,203289
02-14-2017,20.51,20.7,20.25,20.61,238197
02-15-2017,20.93,21.05,20.27,20.5,337048
02-16-2017,20.57,21.09,20.17,20.92,332060
02-17-2017,20.67,20.8,20.2,20.55,262175
02-21-2017,20.41,20.89,20.1583,20.72,479474
02-22-2017,20.63,21.15,20.139,20.16,485511
02-23-2017,20.82,20.9,20.38,20.66,323465
02-24-2017,20.36,20.77,20.2,20.6,196772
02-27-2017,21.13,21.32,20.26,20.26,619765
02-28-2017,21.27,22.2199,20.92,21.18,776963
03-01-2017,21.5,22.02,20.74,21.27,1035534
03-02-2017,21.59,22.36,20.25,20.45,1770588
03-03-2017,21.01,21.77,20.79,21.55,570748
03-06-2017,21.14,21.245,20.5,20.77,443655
03-07-2017,20.12,21.24,20.04,21.1,580944
03-08-2017,19.42,21.235,19.35,20.22,536485
03-09-2017,19.48,19.99,18.97,19.55,634420
03-10-2017,19.68,19.74,19.25,19.6,412598
03-13-2017,19.46,19.8,19.11,19.71,310631
03-14-2017,18.91,19.68,18.88,19.37,257884
03-15-2017,19.25,19.29,18.83,18.94,250864
03-16-2017,18.97,19.4899,18.79,19.23,249192
03-17-2017,18.71,19.17,18.63,18.83,581220
03-20-2017,18.27,18.68,18.1,18.67,554045
03-21-2017,17.43,19.23,17.33,18.35,603933
03-22-2017,17.44,17.72,17,17.39,584802
03-23-2017,17.53,17.71,17.23,17.4,307373
03-24-2017,17.39,17.71,17.28,17.55,225526
