03-28-2016,1.15,1.21,1.07,1.16,28245
03-29-2016,1.1,1.18,1.03,1.15,50544
03-30-2016,1.1,1.24,1.07,1.07,15550
03-31-2016,1.13,1.17,1.11,1.11,9352
04-01-2016,1.18,1.2001,1.14,1.14,31873
04-04-2016,1.18,1.2949,1.12,1.18,52452
04-05-2016,1.18,1.29,1.1,1.11,63513
04-06-2016,1.26,1.402,1.17,1.21,118385
04-07-2016,1.45,1.49,1.18,1.18,126676
04-08-2016,1.38,1.54,1.2701,1.46,136366
04-11-2016,1.33,1.42,1.2966,1.4,68808
04-12-2016,1.39,1.4,1.25,1.3301,74463
04-13-2016,1.4,1.41,1.26,1.36,110072
04-14-2016,1.49,1.64,1.46,1.51,102053
04-15-2016,1.52,1.5899,1.51,1.51,12545
04-18-2016,1.7,1.82,1.558,1.558,151193
04-19-2016,1.65,1.71,1.61,1.65,31811
04-20-2016,1.6,1.656,1.52,1.6,6055
04-21-2016,1.64,1.68,1.5701,1.5701,18790
04-22-2016,1.64,1.6999,1.5476,1.65,13714
04-25-2016,1.62,1.68,1.5729,1.5729,5643
04-26-2016,1.57,1.65,1.5428,1.65,12219
04-27-2016,1.61,1.65,1.5605,1.6001,6883
04-28-2016,1.61,1.67,1.6,1.61,5778
04-29-2016,1.63,1.68,1.57,1.6383,25305
05-02-2016,1.72,1.85,1.63,1.63,22890
05-03-2016,1.76,1.87,1.64,1.7,29935
05-04-2016,1.73,1.875,1.68,1.68,17877
05-05-2016,1.8,1.86,1.75,1.8,20284
05-06-2016,1.8,1.8688,1.7605,1.85,21249
05-09-2016,1.72,1.89,1.72,1.87,40869
05-10-2016,1.75,1.82,1.72,1.72,5532
05-11-2016,1.79,1.7943,1.79,1.7943,777
05-12-2016,1.72,1.81,1.7,1.7943,8449
05-13-2016,1.72,1.75,1.699,1.699,12012
05-16-2016,1.71,1.73,1.71,1.73,1689
05-17-2016,1.66,1.68,1.6,1.68,5188
05-18-2016,1.55,1.6483,1.55,1.5901,1236
05-19-2016,1.53,1.7,1.53,1.699,7290
05-20-2016,1.6,1.66,1.5,1.5601,8754
05-23-2016,1.6,1.675,1.51,1.6,1794
05-24-2016,1.64,1.64,1.64,1.64,314
05-25-2016,1.6601,1.69,1.6,1.64,12547
05-26-2016,1.64,1.695,1.5801,1.5801,5072
05-27-2016,1.64,1.6501,1.63,1.64,8436
05-31-2016,1.65,1.65,1.625,1.649,6061
06-01-2016,1.57,1.74,1.57,1.6,4735
06-02-2016,1.62,1.64,1.57,1.6,4740
06-03-2016,1.665,1.6999,1.5601,1.5601,16657
06-06-2016,1.71,1.73,1.69,1.71,1839
06-07-2016,1.7,1.73,1.68,1.68,3995
06-08-2016,1.7,1.7,1.7,1.7,601
06-09-2016,1.6,1.65,1.58,1.6165,1272
06-10-2016,1.58,1.59,1.5401,1.58,6178
06-13-2016,1.69,1.73,1.62,1.62,23197
06-14-2016,1.71,1.73,1.6882,1.7,3319
06-15-2016,1.69,1.73,1.5901,1.5901,3180
06-16-2016,1.74,1.74,1.64,1.65,3862
06-17-2016,1.78,1.8299,1.72,1.73,23313
06-20-2016,1.71,1.88,1.644,1.73,10753
06-21-2016,1.7,1.71,1.62,1.7,8603
06-22-2016,1.61,1.88,1.61,1.624,16709
06-23-2016,1.69,1.78,1.55,1.7,13875
06-24-2016,1.7,1.83,1.51,1.51,4707
06-27-2016,1.67,1.89,1.6001,1.7,47747
06-28-2016,1.5999,1.7,1.5,1.61,23814
06-29-2016,1.47,1.75,1.4,1.75,39429
06-30-2016,1.53,1.72,1.48,1.48,62310
07-01-2016,1.5999,1.65,1.5,1.51,7274
07-05-2016,1.5348,1.63,1.47,1.6,32835
07-06-2016,1.5035,1.55,1.4777,1.4777,4402
07-07-2016,1.58,1.61,1.41,1.49,5770
07-08-2016,1.58,1.6,1.55,1.55,12533
07-11-2016,1.54,1.65,1.54,1.58,4810
07-12-2016,1.56,1.62,1.45,1.61,28669
07-13-2016,1.49,1.5328,1.49,1.53,23889
07-14-2016,1.46,1.49,1.44,1.44,9459
07-15-2016,1.46,1.5048,1.46,1.46,2628
07-18-2016,1.489,1.514,1.4776,1.514,11735
07-19-2016,1.46,1.51,1.46,1.49,1703
07-20-2016,1.405,1.46,1.27,1.46,2788
07-21-2016,1.38,1.38,1.36,1.36,9204
07-22-2016,1.38,1.38,1.3799,1.3799,6010
07-25-2016,1.55,2.47,1.39,1.39,1733036
07-26-2016,1.44,1.53,1.25,1.45,349264
07-27-2016,1.39,1.44,1.33,1.44,50678
07-28-2016,1.42,1.54,1.32,1.39,164507
07-29-2016,1.45,1.52,1.4,1.43,39409
08-01-2016,1.33,1.5,1.3101,1.4,33474
08-02-2016,1.23,1.47,1.23,1.35,56368
08-03-2016,1.35,1.49,1.23,1.23,32564
08-04-2016,1.31,1.38,1.3,1.35,26712
08-05-2016,1.31,1.4299,1.24,1.32,24869
08-08-2016,1.36,1.44,1.3101,1.35,12148
08-09-2016,1.33,1.35,1.2601,1.29,13961
08-10-2016,1.32,1.359,1.28,1.3304,17458
08-11-2016,1.2876,1.2908,1.26,1.2801,21833
08-12-2016,1.28,1.43,1.25,1.27,20525
08-15-2016,1.38,1.5,1.37,1.37,84702
08-16-2016,1.36,1.4452,1.3383,1.41,15482
08-17-2016,1.38,1.42,1.33,1.33,6322
08-18-2016,1.38,1.3963,1.31,1.37,10072
08-19-2016,1.36,1.38,1.31,1.31,10187
08-22-2016,1.33,1.4,1.33,1.37,24005
08-23-2016,1.3,1.36,1.3,1.35,6975
08-24-2016,1.3201,1.38,1.3201,1.35,7227
08-25-2016,1.26,1.361,1.25,1.361,27884
08-26-2016,1.299,1.37,1.27,1.35,14218
08-29-2016,1.3,1.35,1.28,1.28,2622
08-30-2016,1.33,1.33,1.285,1.32,27944
08-31-2016,1.34,1.35,1.2711,1.2711,12817
09-01-2016,1.28,1.321,1.28,1.32,7003
09-02-2016,1.41,1.44,1.3,1.3,64535
09-06-2016,1.4,1.4899,1.3,1.37,33947
09-07-2016,1.37,1.47,1.3,1.37,37371
09-08-2016,1.44,1.46,1.36,1.36,85746
09-09-2016,1.27,1.42,1.27,1.42,81018
09-12-2016,1.276,1.35,1.2,1.28,53471
09-13-2016,1.28,1.3305,1.26,1.31,9493
09-14-2016,1.34,1.34,1.29,1.29,12624
09-15-2016,1.36,1.38,1.321,1.3251,3868
09-16-2016,1.49,1.49,1.3,1.35,90323
09-19-2016,1.41,1.45,1.3801,1.45,14536
09-20-2016,1.45,1.465,1.35,1.409,83556
09-21-2016,1.55,1.55,1.4,1.45,605401
09-22-2016,1.66,1.7,1.5,1.55,188001
09-23-2016,1.74,1.8,1.7,1.72,108341
09-26-2016,1.71,1.77,1.6816,1.75,41008
09-27-2016,1.68,1.7,1.68,1.7,18073
09-28-2016,1.62,1.71,1.5611,1.71,29110
09-29-2016,1.6,1.68,1.45,1.5228,154871
09-30-2016,1.68,1.68,1.4601,1.64,34337
10-03-2016,1.7701,1.8,1.62,1.7,86680
10-04-2016,1.7875,1.8917,1.7301,1.74,49314
10-05-2016,1.7711,1.8099,1.7507,1.8,5321
10-06-2016,1.99,2.1799,1.7601,1.79,315026
10-07-2016,1.97,2.05,1.79,2.05,182702
10-10-2016,1.8,2.0489,1.79,1.98,62505
10-11-2016,1.73,1.82,1.675,1.82,67442
10-12-2016,1.78,1.8,1.6565,1.76,21093
10-13-2016,1.72,1.78,1.685,1.78,22613
10-14-2016,1.7,1.71,1.69,1.7089,9751
10-17-2016,1.87,1.87,1.7036,1.72,25927
10-18-2016,2.3,2.45,1.9,2.1,1344183
10-19-2016,2.77,3,2.25,2.25,3131979
10-20-2016,2.7,2.8,2.5,2.78,867651
10-21-2016,2.6,2.78,2.49,2.7,217968
10-24-2016,3.2,3.26,2.6,2.67,791468
10-25-2016,2.6,3.15,2.5,3.15,581888
10-26-2016,2.68,3,2.45,2.54,1021846
10-27-2016,2.53,2.65,2.5,2.65,293546
10-28-2016,2.49,2.56,2.37,2.56,147509
10-31-2016,2.38,2.57,2.38,2.5,65225
11-01-2016,2.35,2.417,2.32,2.36,62554
11-02-2016,2.33,2.3964,2.3,2.39,57976
11-03-2016,2.23,2.34,2.2,2.34,82054
11-04-2016,2.08,2.16,2.05,2.06,182712
11-07-2016,2.17,2.219,2.01,2.01,49567
11-08-2016,2.47,2.47,2.15,2.15,111386
11-09-2016,2.34,2.4554,2.26,2.3,92867
11-10-2016,2.36,2.58,2.3077,2.32,112193
11-11-2016,2.6,2.62,2.3101,2.42,100789
11-14-2016,2.55,2.62,2.46,2.62,62849
11-15-2016,2.5,2.61,2.28,2.61,140549
11-16-2016,2.33,2.52,2.19,2.52,51914
11-17-2016,2.35,2.382,2.31,2.3115,26357
11-18-2016,2.44,2.48,2.2003,2.48,81771
11-21-2016,2.41,2.48,2.27,2.45,55780
11-22-2016,2.35,2.4,2.25,2.4,42861
11-23-2016,2.26,2.37,2.25,2.36,9489
11-25-2016,2.36,2.3699,2.3033,2.31,24871
11-28-2016,2.35,2.4,2.27,2.37,28467
11-29-2016,2.37,2.4,2.2763,2.2763,10382
11-30-2016,2.31,2.37,2.28,2.37,13223
12-01-2016,2.3,2.39,2.26,2.2901,77697
12-02-2016,2.49,2.69,2.27,2.3001,129415
12-05-2016,2.56,2.68,2.4711,2.58,129934
12-06-2016,2.7,2.73,2.59,2.59,114867
12-07-2016,2.56,2.81,2.5,2.72,121474
12-08-2016,2.93,3.11,2.4608,2.51,553157
12-09-2016,2.91,3.05,2.82,2.82,125257
12-12-2016,2.77,3.022,2.71,3,125427
12-13-2016,2.66,2.97,2.62,2.96,110132
12-14-2016,2.7,2.75,2.6,2.74,35792
12-15-2016,2.79,2.81,2.7151,2.72,5562
12-16-2016,2.81,2.83,2.65,2.79,34642
12-19-2016,2.86,2.89,2.8166,2.84,25313
12-20-2016,2.77,2.86,2.66,2.8325,41265
12-21-2016,2.71,2.8,2.7,2.76,17681
12-22-2016,2.7367,2.7771,2.7019,2.7771,9672
12-23-2016,2.72,2.7599,2.61,2.7,36091
12-27-2016,2.7,2.71,2.6101,2.7,12751
12-28-2016,2.7,2.71,2.57,2.71,41593
12-29-2016,2.64,2.7059,2.55,2.69,36866
12-30-2016,2.71,2.73,2.6413,2.68,44427
01-03-2017,2.8899,2.9,2.5849,2.76,41733
01-04-2017,2.77,3.18,2.75,3.18,151830
01-05-2017,2.92,2.9845,2.8001,2.85,53191
01-06-2017,2.81,2.99,2.7601,2.99,72863
01-09-2017,2.93,3.0266,2.8601,3.01,98200
01-10-2017,2.95,3,2.9,2.93,70604
01-11-2017,2.98,2.98,2.9,2.97,51744
01-12-2017,2.8672,2.98,2.84,2.96,75095
01-13-2017,2.92,2.95,2.84,2.9,27218
01-17-2017,3,3.19,2.9344,3.19,136567
01-18-2017,3.05,3.05,3.01,3.01,45255
01-19-2017,2.99,3.0699,2.95,3.05,96487
01-20-2017,2.97,3.04,2.97,3.04,64865
01-23-2017,2.83,3.04,2.81,3,96384
01-24-2017,2.88,2.96,2.77,2.81,82141
01-25-2017,2.8899,2.9,2.87,2.9,28851
01-26-2017,2.91,2.999,2.89,2.92,97686
01-27-2017,2.92,2.98,2.85,2.94,109642
01-30-2017,3.315,3.3399,2.85,2.95,202521
01-31-2017,3.42,3.7,3.32,3.35,639911
02-01-2017,3.27,3.55,3.0901,3.43,149514
02-02-2017,3.29,3.41,3.2,3.41,80473
02-03-2017,3.57,3.59,3.326,3.37,240337
02-06-2017,3.47,3.75,3.41,3.53,215919
02-07-2017,3.44,3.4496,3.05,3.43,89735
02-08-2017,3.43,3.5624,3.25,3.48,84375
02-09-2017,3.5,3.56,3.41,3.49,72213
02-10-2017,3.48,3.57,3.39,3.57,75105
02-13-2017,3.49,3.55,3.39,3.5,70763
02-14-2017,3.35,3.58,3.32,3.52,157169
02-15-2017,3.4,3.42,3.05,3.4,86678
02-16-2017,3.35,3.3923,3.22,3.36,30424
02-17-2017,3.19,3.3101,3.11,3.29,85005
02-21-2017,3.11,3.25,3.05,3.25,138499
02-22-2017,3.22,3.39,3.1,3.13,208077
02-23-2017,2.95,3.27,2.85,3.22,246540
02-24-2017,2.89,3.08,2.85,2.85,114371
02-27-2017,2.8,3.05,2.58,3.05,322288
02-28-2017,2.56,2.8225,2.535,2.82,146384
03-01-2017,2.68,2.7556,2.55,2.7,157298
03-02-2017,3.06,3.1299,2.6637,2.7,316253
03-03-2017,3.08,3.35,2.9544,3.03,261083
03-06-2017,2.92,3.202,2.9,3.1,125486
03-07-2017,3.1,3.11,2.8005,2.92,94129
03-08-2017,3.12,3.2,3.01,3.11,91280
03-09-2017,3.04,3.13,2.89,3.13,273470
03-10-2017,3,3.05,2.85,3.05,126544
03-13-2017,2.96,3.1392,2.95,3,105299
03-14-2017,2.69,2.97,2.66,2.96,339523
03-15-2017,2.28,2.799,2.21,2.61,505264
03-16-2017,2.31,2.4399,2.3,2.3,89676
03-17-2017,2.26,2.439,2.2346,2.33,122226
03-20-2017,1.86,2.21,1.81,2.15,590496
03-21-2017,1.82,1.93,1.72,1.91,246893
03-22-2017,1.7,1.83,1.65,1.8,121667
03-23-2017,1.8,1.878,1.64,1.7,137627
03-24-2017,1.8099,1.83,1.59,1.8,85697
