03-28-2016,16.74,17.42,16.24,17.34,319084
03-29-2016,17.63,17.65,15.921,16.58,277919
03-30-2016,17.56,18.28,17.28,17.77,191412
03-31-2016,17.46,18.44,17.43,17.52,305370
04-01-2016,18.86,18.94,17.17,17.43,317309
04-04-2016,18.56,19.4,18.51,18.91,281565
04-05-2016,18.93,19.09,18.35,18.42,199041
04-06-2016,20.21,20.25,19,19.04,274828
04-07-2016,18.95,20.7,18.7,20.01,287501
04-08-2016,19.07,20.5,18.6401,19.26,193422
04-11-2016,19.06,19.53,18.9,19.11,244087
04-12-2016,18.65,19.12,18.4294,18.9,133423
04-13-2016,19.7,19.89,18.7,18.88,309952
04-14-2016,18.97,19.81,18.91,19.81,156381
04-15-2016,19,19.2,18.625,18.93,138134
04-18-2016,19.69,19.76,18.79,19,210723
04-19-2016,19.19,19.93,18.85,19.7,136419
04-20-2016,19.1,19.45,18.94,19.32,123158
04-21-2016,19.63,19.675,18.93,18.99,222686
04-22-2016,20.4,20.52,19.61,19.62,174500
04-25-2016,20.17,20.38,19.717,20.38,166973
04-26-2016,19.69,20.13,19.39,20.13,137281
04-27-2016,19.2,19.86,19.06,19.6,105618
04-28-2016,18.79,19.48,18.71,19.18,130298
04-29-2016,18.38,18.83,17.9,18.77,151188
05-02-2016,18.73,18.75,17.79,18.57,141534
05-03-2016,18.1,18.67,17.86,18.43,173894
05-04-2016,16.9,18,16.82,17.87,151205
05-05-2016,16.63,17.1,16.28,17.06,168546
05-06-2016,16.26,16.76,15.9,16.45,188066
05-09-2016,16.94,17.13,16.18,16.18,166494
05-10-2016,17.43,17.605,15.4087,16.11,296491
05-11-2016,17.12,17.4,16.57,17.37,171544
05-12-2016,16.53,17.27,16.2,17.27,246152
05-13-2016,16.81,17.15,16.45,16.47,166399
05-16-2016,17.55,17.58,16.78,16.91,166154
05-17-2016,17.27,17.98,17.03,17.6,118294
05-18-2016,17.45,18,17.03,17.19,168592
05-19-2016,17.11,17.46,16.73,17.16,126337
05-20-2016,18.34,18.44,16.78,17.17,154719
05-23-2016,17.78,18.545,17.65,18.29,221046
05-24-2016,19.53,19.68,17.82,17.92,393419
05-25-2016,19.68,19.85,19.4,19.59,259606
05-26-2016,19.58,19.65,19.36,19.64,151265
05-27-2016,19.83,20,19.35,19.56,192790
05-31-2016,20.5,20.77,19.68,19.99,278199
06-01-2016,19.19,20.78,19.03,20.49,294746
06-02-2016,20.09,20.57,19,19.22,219084
06-03-2016,19.11,20.1699,18.85,19.99,179545
06-06-2016,20.22,20.33,18.59,19.26,235230
06-07-2016,20.67,20.95,19.62,19.86,281088
06-08-2016,19.9,20.7,19.5,20.69,252137
06-09-2016,19.19,20.445,19,19.84,217048
06-10-2016,18.46,19.29,18.28,19,147653
06-13-2016,18.35,18.74,17.89,18.25,683708
06-14-2016,13.21,15,12.93,13.7,4168802
06-15-2016,14.16,14.6,13.09,13.13,777098
06-16-2016,13.97,14.22,13.725,14.02,387148
06-17-2016,13.38,14,13.345,13.75,623402
06-20-2016,13.64,13.65,13.02,13.56,393104
06-21-2016,13.66,13.74,13.02,13.57,414273
06-22-2016,13.65,14.09,13.23,13.71,196866
06-23-2016,13.99,14.05,13.69,13.86,155851
06-24-2016,13.04,13.82,12.9,13.34,420759
06-27-2016,12.74,13.67,12.62,13,448942
06-28-2016,13.27,13.3589,12.71,12.71,290656
06-29-2016,13.89,14.33,13.34,13.48,451457
06-30-2016,13.6,14.02,13.445,13.99,253337
07-01-2016,13.62,13.7525,13.38,13.54,204373
07-05-2016,12.91,13.71,12.88,13.64,252460
07-06-2016,12.92,13.06,12.6072,12.78,222781
07-07-2016,12.85,13.3052,12.54,13,201145
07-08-2016,13.29,13.42,12.72,12.89,192178
07-11-2016,13.25,13.58,13.16,13.34,136747
07-12-2016,13.52,13.7,13.35,13.35,190061
07-13-2016,13.66,13.84,13.5801,13.65,238377
07-14-2016,13.84,13.88,13.1,13.77,259088
07-15-2016,13.88,14,13.66,13.88,248088
07-18-2016,14.09,14.13,13.67,13.95,218932
07-19-2016,13.13,14.2163,13.1,14.07,220510
07-20-2016,13.83,13.95,13.12,13.17,297956
07-21-2016,13.57,14.3,13.46,13.88,223654
07-22-2016,13.56,13.99,13.4,13.53,153811
07-25-2016,13.79,14.02,13.15,13.6,201807
07-26-2016,14.29,14.4,13.62,13.78,164204
07-27-2016,14.19,14.58,13.8,14.32,173171
07-28-2016,13.66,14.16,13.57,14.02,96582
07-29-2016,13.49,13.8,13.21,13.65,188902
08-01-2016,13.25,13.61,13.08,13.41,233043
08-02-2016,12.82,13.44,12.77,13.19,233086
08-03-2016,14.01,14.205,12.61,12.71,351881
08-04-2016,13.7,14.146,13.66,14.01,168277
08-05-2016,13.82,13.92,13,13.91,242460
08-08-2016,13.77,14.0567,13.57,13.9,96194
08-09-2016,14.04,14.33,13.29,13.83,200418
08-10-2016,13.79,14.05,13.75,13.99,111971
08-11-2016,14.89,14.95,13.8,13.83,228910
08-12-2016,14.75,15.18,14.66,14.77,150579
08-15-2016,15,15.14,14.62,14.78,94110
08-16-2016,15.34,15.66,14.761,14.97,256142
08-17-2016,14.87,15.3,14.7,15.3,110421
08-18-2016,15.35,15.47,14.71,14.81,137236
08-19-2016,15.1,15.445,14.73,15.3,130095
08-22-2016,15.14,15.25,14.83,15.13,183571
08-23-2016,15.51,15.57,15.16,15.22,91841
08-24-2016,15.16,16.395,15.09,15.56,338620
08-25-2016,14.24,15.14,14.005,15.14,218759
08-26-2016,14.05,14.54,13.67,14.06,174751
08-29-2016,13.67,14.219,13.64,14.12,138051
08-30-2016,14.13,14.35,13.66,13.66,150800
08-31-2016,14.05,14.12,13.71,14.1,134474
09-01-2016,14.04,14.23,13.79,14.03,75494
09-02-2016,13.85,14.38,13.74,14.08,69047
09-06-2016,14.23,14.43,13.87,13.93,77789
09-07-2016,14.28,14.38,14.01,14.19,89955
09-08-2016,14.34,14.43,13.94,14.19,153307
09-09-2016,13.3,14.26,13.28,14.14,152738
09-12-2016,14.69,14.74,13.2,13.2,303253
09-13-2016,14.67,14.91,14.04,14.39,244843
09-14-2016,14.65,15.335,14.6,14.82,227182
09-15-2016,14.08,14.75,13.89,14.74,214462
09-16-2016,16.74,17,14.14,14.14,1274444
09-19-2016,16.74,17.04,16.41,17,316853
09-20-2016,16.71,17.189,16.495,17.01,254325
09-21-2016,17.04,17.08,16.49,16.76,145026
09-22-2016,17.85,17.91,16.85,17.21,268648
09-23-2016,17.52,17.94,17,17.74,209832
09-26-2016,16.84,17.47,16.81,17.27,208517
09-27-2016,16.85,17.08,16.66,16.83,175942
09-28-2016,16.97,17.11,16.52,16.87,95173
09-29-2016,15.91,16.97,15.65,16.97,170401
09-30-2016,16.21,16.67,15.94,16.02,151661
10-03-2016,15.56,16.07,15.24,15.99,142995
10-04-2016,15.4,15.9099,15.3,15.53,134522
10-05-2016,15.97,16.04,15.3,15.41,159194
10-06-2016,15.57,15.83,15.45,15.83,150385
10-07-2016,15.86,15.88,15.455,15.57,143088
10-10-2016,16.3,16.5,15.8,15.8,74396
10-11-2016,15.45,16.3,15.1,16.05,81663
10-12-2016,14.45,15.45,14.4,15.45,135007
10-13-2016,15.05,15.25,13.75,14.35,181059
10-14-2016,14.5,15.35,14.45,15.25,101778
10-17-2016,13.9,14.5,13.85,14.5,125899
10-18-2016,14.65,14.85,13.9929,14.25,169950
10-19-2016,14.5,15.05,14.3,14.7,172714
10-20-2016,14.8,14.85,14.25,14.5,124931
10-21-2016,14.8,15,14.5,14.65,81161
10-24-2016,14.85,15.15,14.65,15,121778
10-25-2016,14.95,15,14.75,14.8,124035
10-26-2016,14.8,15.1,14.35,14.85,145328
10-27-2016,14.95,15.45,14.65,15,177562
10-28-2016,14.6,14.9,14.1,14.75,142744
10-31-2016,13.35,15,13.3,14.65,165132
11-01-2016,13.95,14.35,13.3,13.45,249163
11-02-2016,13.45,14.05,13.25,14.05,265591
11-03-2016,12.55,13.8288,12.55,13.45,428001
11-04-2016,13.5,13.975,12.35,12.35,295199
11-07-2016,14,14.45,13.8,13.85,244187
11-08-2016,13.2,14.1,13.05,13.85,270920
11-09-2016,17.15,17.35,13.5101,13.65,780827
11-10-2016,17.45,18.1,17.25,17.55,521678
11-11-2016,18.45,18.8,17.4,17.6,240926
11-14-2016,18.55,19.1,17.95,18.55,243642
11-15-2016,18.5,18.95,17.95,18.35,222981
11-16-2016,18.95,19.1,17.95,18.35,158451
11-17-2016,18.4,19.1,18.35,18.95,166052
11-18-2016,18,18.45,17.9,18.3,147928
11-21-2016,18.35,18.5,17.85,17.95,92392
11-22-2016,18.15,18.75,17.85,18.45,231539
11-23-2016,18.55,18.75,17.45,17.85,101749
11-25-2016,18,18.895,17.5,18.7,74829
11-28-2016,17.6,18.3,17.5,18.05,107409
11-29-2016,17.5,18.15,17.35,18.15,129721
11-30-2016,16.75,17.825,16.65,17.5,145620
12-01-2016,17.1,17.45,16.675,16.85,131579
12-02-2016,17.8,18.3,17,17.1,124369
12-05-2016,17.85,18.8,17.45,17.95,150185
12-06-2016,18.05,18.15,16.85,17.95,203266
12-07-2016,16.8,17.899,16.625,17.7,175493
12-08-2016,17.2,17.3,15.85,16.75,153589
12-09-2016,17.4,18.3,17.275,17.45,238245
12-12-2016,16.15,17.45,16,17.3,175960
12-13-2016,16.65,16.75,16.2,16.3,154711
12-14-2016,16.7,17.15,15.9,16.7,172496
12-15-2016,16.85,17.35,16.4,16.6,219312
12-16-2016,17.95,18.3,16.85,16.85,560230
12-19-2016,19.3,20.45,18,18,370363
12-20-2016,19.75,19.95,19.35,19.45,182371
12-21-2016,19.25,19.9,19.15,19.75,146623
12-22-2016,19.6,19.8499,19.2,19.2,112430
12-23-2016,21.7,21.85,19.65,19.65,197016
12-27-2016,21.1,21.75,20.85,21.75,201979
12-28-2016,20.9,21.25,20.65,21.1,192416
12-29-2016,20.95,21.25,20.65,21.15,124889
12-30-2016,20.7,21.15,20.45,20.95,72030
01-03-2017,21.55,21.65,20.65,20.9,161550
01-04-2017,22.65,22.9,21.6,21.6,204634
01-05-2017,23.8,24.1,22.35,22.7,207855
01-06-2017,23.5,24.3,23.3,24.05,306246
01-09-2017,22.95,23.65,22.8,23.65,151150
01-10-2017,23.1,23.35,22.65,23.15,158868
01-11-2017,22.75,23.3,22,23.1,135578
01-12-2017,22.65,22.95,21.5815,22.5,141956
01-13-2017,21.9,23.1,21.8,22.6,150979
01-17-2017,20.5,21.65,20.15,21.65,265565
01-18-2017,20.6,21.05,20.2,20.55,167519
01-19-2017,20.5,20.85,20.25,20.5,88130
01-20-2017,20.3,20.8,20.2,20.55,91960
01-23-2017,20.3,20.6,19.95,20.5,143531
01-24-2017,19.8,20.35,19.55,20.35,237987
01-25-2017,19.9,20.05,19.55,19.85,134047
01-26-2017,19.7,20.05,19.55,19.9,60730
01-27-2017,20,20.25,19.7,19.75,78421
01-30-2017,19.2,19.8,18.95,19.8,62671
01-31-2017,20,20.3,18.7,19.25,124599
02-01-2017,20.55,20.8,19.9,20.2,84505
02-02-2017,21.125,21.2,20.25,20.4,102237
02-03-2017,21.85,22.15,21.05,21.4,188919
02-06-2017,21.25,21.95,21.15,21.85,100533
02-07-2017,20.7,21.5,20.4,21.25,116627
02-08-2017,20.75,21,20.4,20.5,155381
02-09-2017,21,21.4,20.6,20.8,193698
02-10-2017,20.75,21.25,20.55,21,154741
02-13-2017,20.75,21.05,20.55,20.75,113362
02-14-2017,21,21.05,20.65,20.75,243868
02-15-2017,21.15,21.25,20.8,20.9,108353
02-16-2017,21.2,21.275,20.9,21.25,297508
02-17-2017,20.95,21.45,20.8,21.2,162800
02-21-2017,21,21.4,20.95,21.15,257970
02-22-2017,20.4,21,20.2,20.95,81863
02-23-2017,19.9,20.75,19.7,20.6,79341
02-24-2017,20.3,20.65,19.7,19.7,69889
02-27-2017,21.1,21.4,20.1,20.2,223644
02-28-2017,21,21.4,19.2,19.8,514687
03-01-2017,20.9,21.3,20.65,21.3,797161
03-02-2017,19.95,21.1,19.7,20.75,212670
03-03-2017,19.3,20.6,19.1,19.9,248116
03-06-2017,18.35,19.75,18.3,19.25,198626
03-07-2017,18.5,18.96,18,18.6,128308
03-08-2017,18.55,18.925,18.4,18.4,129691
03-09-2017,18.75,18.85,18.45,18.55,233948
03-10-2017,19.35,19.4,18.9,18.9,225276
03-13-2017,18.7,19.4,18.7,19.3,228389
03-14-2017,18.3,18.55,18,18.55,112946
03-15-2017,19.4,19.6,18.3,18.4,184352
03-16-2017,20.45,20.95,19.2,19.2,295029
03-17-2017,20.1,20.475,19.65,20.3,380394
03-20-2017,20.5,20.8,20.05,20.05,120888
03-21-2017,19.55,20.65,19.3669,20.55,157910
03-22-2017,19.35,19.75,19.25,19.55,169785
03-23-2017,19.85,20.25,19.25,19.35,153786
03-24-2017,19.65,20.3,19.525,19.9,121056
