03-28-2016,2.63,2.75,2.6,2.65,6215
03-29-2016,2.655,2.73,2.65,2.73,9725
03-30-2016,2.67,2.801,2.67,2.78,33354
03-31-2016,2.7,2.89,2.635,2.7,65433
04-01-2016,2.7,2.8,2.67,2.67,17985
04-04-2016,2.906,3,2.8,2.8,29263
04-05-2016,2.79,2.95,2.7,2.9,17207
04-06-2016,2.7,2.9,2.7,2.9,10895
04-07-2016,2.702,2.8,2.659,2.7,10976
04-08-2016,2.666,2.8,2.65,2.7,8196
04-11-2016,2.702,2.8,2.62,2.7,7743
04-12-2016,2.622,2.8,2.52,2.7,40636
04-13-2016,2.65,2.709,2.5,2.62,11659
04-14-2016,2.633,2.8,2.6,2.69,14760
04-15-2016,2.601,2.85,2.6,2.7,39400
04-18-2016,2.46,2.9,2.16,2.66,127504
04-19-2016,2.42,2.55,2.2601,2.47,236636
04-20-2016,2.43,2.6399,2.31,2.45,134831
04-21-2016,2.25,2.42,2.2396,2.4,106483
04-22-2016,2.13,2.34,2,2.26,113870
04-25-2016,2.05,2.18,2,2.1,107963
04-26-2016,2.17,2.24,2.05,2.1,71049
04-27-2016,2.1,2.2158,2.05,2.15,22363
04-28-2016,2.17,2.28,2.1,2.15,82671
04-29-2016,2.22,2.22,2.14,2.22,26587
05-02-2016,2.22,2.27,2.18,2.23,57642
05-03-2016,2.23,2.41,2.14,2.35,72804
05-04-2016,2.0497,2.2599,2.0283,2.19,55868
05-05-2016,2.01,2.1,2,2.08,64054
05-06-2016,1.75,2.015,1.6501,2.01,87114
05-09-2016,1.59,1.69,1.26,1.69,101811
05-10-2016,2.26,2.39,1.39,1.57,272147
05-11-2016,2.08,2.25,1.9,2.2,85265
05-12-2016,2.02,2.14,1.86,2.09,68111
05-13-2016,2.0958,2.18,2.0301,2.07,16306
05-16-2016,2.05,2.05,2,2.03,21134
05-17-2016,2.14,2.32,2.04,2.25,96033
05-18-2016,2.16,2.28,2.09,2.1401,32816
05-19-2016,2.3,2.499,2.17,2.18,83855
05-20-2016,2.23,2.3899,2.22,2.32,40815
05-23-2016,2.18,2.27,2.16,2.2,21497
05-24-2016,2.2,2.29,2.16,2.19,41425
05-25-2016,2.26,2.27,2.16,2.16,26794
05-26-2016,2.17,2.24,2.16,2.24,10656
05-27-2016,2.17,2.27,2.16,2.16,9617
05-31-2016,2.21,2.25,2.16,2.16,16411
06-01-2016,2.22,2.25,2.17,2.21,14695
06-02-2016,2.18,2.25,2.18,2.25,9896
06-03-2016,2.17,2.19,2.16,2.1726,20196
06-06-2016,2.22,2.29,2.16,2.17,25131
06-07-2016,2.15,2.2748,2.13,2.24,18718
06-08-2016,2.15,2.24,2.08,2.15,51096
06-09-2016,2.16,2.2115,2.12,2.21,15772
06-10-2016,2.09,2.16,2.08,2.12,27848
06-13-2016,2.14,2.14,2.08,2.08,19221
06-14-2016,2.1,2.1699,2.08,2.09,25293
06-15-2016,2.15,2.16,2.08,2.08,12328
06-16-2016,2.18,2.19,1.88,2.12,189166
06-17-2016,2.15,2.18,1.99,2.18,9992
06-20-2016,2.1548,2.18,2.08,2.15,15045
06-21-2016,2.4795,2.795,2.15,2.17,585018
06-22-2016,2.75,2.95,2.4,2.4,846723
06-23-2016,2.81,3.27,2.75,2.76,470103
06-24-2016,2.9,2.9,2.5,2.62,77588
06-27-2016,2.74,2.81,2.65,2.72,55019
06-28-2016,2.69,2.8,2.45,2.74,62361
06-29-2016,2.41,2.68,2.32,2.68,84628
06-30-2016,2.4,2.577,2.31,2.39,24397
07-01-2016,2.41,2.42,2.32,2.38,70237
07-05-2016,2.4,2.615,2.323,2.54,53256
07-06-2016,2.38,2.49,2.35,2.3752,23212
07-07-2016,2.49,2.5234,2.41,2.5234,18165
07-08-2016,2.56,2.67,2.45,2.48,14767
07-11-2016,2.46,2.65,2.46,2.65,62352
07-12-2016,2.4,2.54,2.4,2.45,117979
07-13-2016,2.41,2.45,2.37,2.37,37827
07-14-2016,2.38,2.4499,2.3782,2.4,16713
07-15-2016,2.35,2.413,2.31,2.35,14567
07-18-2016,2.31,2.47,2.31,2.32,21245
07-19-2016,2.3,2.379,2.3,2.31,13017
07-20-2016,2.22,2.34,2.21,2.3,31801
07-21-2016,2.24,2.25,2.2,2.21,18455
07-22-2016,2.38,2.4,2.21,2.21,32618
07-25-2016,2.26,2.35,2.2401,2.33,11154
07-26-2016,2.4,2.45,2.25,2.28,79157
07-27-2016,2.49,2.6399,2.411,2.44,71476
07-28-2016,2.37,2.59,2.32,2.59,46259
07-29-2016,2.35,2.42,2.32,2.3528,33111
08-01-2016,2.4,2.42,2.38,2.41,42918
08-02-2016,2.3099,2.45,2.25,2.42,34123
08-03-2016,2.38,2.4481,2.245,2.35,15897
08-04-2016,2.3699,2.45,2.3301,2.4,22885
08-05-2016,2.4,2.45,2.3301,2.35,55314
08-08-2016,2.43,2.44,2.37,2.44,24546
08-09-2016,2.4249,2.47,2.376,2.43,32794
08-10-2016,2.3725,2.44,2.35,2.4,53296
08-11-2016,2.31,2.3675,2.23,2.33,48890
08-12-2016,2.34,2.39,2.3,2.35,33865
08-15-2016,2.37,2.44,2.3391,2.35,60095
08-16-2016,2.37,2.49,2.36,2.36,36970
08-17-2016,2.38,2.5,2.35,2.37,35761
08-18-2016,2.39,2.46,2.36,2.36,16072
08-19-2016,2.38,2.4199,2.3601,2.4199,7476
08-22-2016,2.37,2.4,2.37,2.37,31743
08-23-2016,2.4,2.41,2.37,2.39,33938
08-24-2016,2.4,2.47,2.39,2.39,47127
08-25-2016,2.33,2.44,2.33,2.3901,50520
08-26-2016,2.33,2.38,2.33,2.33,20055
08-29-2016,2.33,2.36,2.33,2.33,20489
08-30-2016,2.33,2.3401,2.33,2.3401,13700
08-31-2016,2.272,2.34,2.25,2.34,55183
09-01-2016,2.04,2.33,2.04,2.274,42103
09-02-2016,2.1875,2.289,2.05,2.21,49107
09-06-2016,2.2,2.263,2.16,2.16,20107
09-07-2016,2.17,2.25,2.16,2.22,21326
09-08-2016,2.23,2.2499,2.16,2.2232,38526
09-09-2016,2.22,2.2311,2.16,2.2,15217
09-12-2016,2.22,2.23,2.15,2.15,9052
09-13-2016,2.208,2.2221,2.12,2.12,3990
09-14-2016,2.2,2.22,2.1916,2.2,7156
09-15-2016,2.2,2.207,2.17,2.17,8765
09-16-2016,2.19,2.2,2.15,2.17,25007
09-19-2016,2.05,2.14,2.0312,2.1208,25494
09-20-2016,2.1,2.1,2.02,2.02,6777
09-21-2016,2.02,2.11,2.02,2.09,21312
09-22-2016,2.05,2.09,2.01,2.01,20704
09-23-2016,1.9861,2.04,1.97,2.03,18357
09-26-2016,1.84,1.97,1.805,1.97,47231
09-27-2016,1.94,1.94,1.81,1.84,27969
09-28-2016,1.85,1.92,1.82,1.91,9346
09-29-2016,1.89,1.95,1.7036,1.82,70315
09-30-2016,1.85,1.94,1.8356,1.94,12448
10-03-2016,1.75,1.85,1.7245,1.81,19811
10-04-2016,1.71,1.75,1.66,1.75,19692
10-05-2016,1.7,1.79,1.66,1.68,12799
10-06-2016,1.69,1.7294,1.66,1.7,34129
10-07-2016,1.66,1.7,1.66,1.7,13216
10-10-2016,1.668,1.71,1.65,1.66,5059
10-11-2016,1.69,1.75,1.6,1.7,72254
10-12-2016,1.5201,1.62,1.49,1.62,113512
10-13-2016,1.34,1.52,1.34,1.52,31060
10-14-2016,1.3,1.3599,1.27,1.35,26059
10-17-2016,1.1499,1.35,0.9945,1.3,77442
10-18-2016,0.99,1.16,0.99,1.16,194946
10-19-2016,0.94,1.05,0.94,0.975,154504
10-20-2016,1.18,1.26,0.95,0.95,151200
10-21-2016,1.19,1.29,1.1618,1.21,61474
10-24-2016,1.15,1.24,1.04,1.14,60867
10-25-2016,1.13,1.18,1.08,1.14,23341
10-26-2016,1.15,1.17,1.0701,1.14,23158
10-27-2016,1.16,1.22,1.09,1.22,15723
10-28-2016,1.13,1.18,1.11,1.17,12835
10-31-2016,1.16,1.16,1.08,1.15,9626
11-01-2016,1.16,1.18,1.14,1.14,14390
11-02-2016,1.1418,1.162,1.14,1.15,12904
11-03-2016,1.09,1.15,1.0727,1.15,17670
11-04-2016,1.1,1.12,1.02,1.1,42405
11-07-2016,1.07,1.12,1.0434,1.1,22007
11-08-2016,1.02,1.06,1,1.06,28530
11-09-2016,1.02,1.09,1.0101,1.02,25474
11-10-2016,1.19,1.21,1.05,1.05,81393
11-11-2016,1.2501,1.3177,1.24,1.24,98485
11-14-2016,1.29,1.33,1.2563,1.26,74765
11-15-2016,1.1301,1.29,1.1,1.29,30448
11-16-2016,1.24,1.27,1.11,1.12,210818
11-17-2016,1.328,1.33,1.19,1.19,234170
11-18-2016,1.6,1.6011,1.2009,1.35,201934
11-21-2016,2.57,2.93,1.7,1.71,9803151
11-22-2016,2.195,2.4199,2.0901,2.14,1106651
11-23-2016,1.786,2.14,1.72,2.14,554257
11-25-2016,1.86,1.92,1.81,1.81,133779
11-28-2016,1.69,1.94,1.6668,1.87,303054
11-29-2016,1.51,1.729,1.45,1.68,238396
11-30-2016,1.51,1.54,1.3,1.53,458061
12-01-2016,1.41,1.583,1.41,1.56,159738
12-02-2016,1.3,1.45,1.28,1.45,154334
12-05-2016,1.35,1.43,1.29,1.3,74076
12-06-2016,2.05,2.3679,1.36,1.36,1884723
12-07-2016,1.75,2,1.7,2,372046
12-08-2016,1.7,1.78,1.56,1.73,192236
12-09-2016,1.78,1.88,1.65,1.69,533169
12-12-2016,1.6199,1.78,1.61,1.73,155695
12-13-2016,1.53,1.66,1.51,1.61,165586
12-14-2016,1.3699,1.48,1.35,1.48,193398
12-15-2016,1.38,1.75,1.35,1.41,772123
12-16-2016,0.8463,0.87,0.8,0.85,4606242
12-19-2016,0.791,0.86,0.79,0.85,1219001
12-20-2016,0.78,0.8299,0.77,0.8299,764495
12-21-2016,0.7841,0.83,0.78,0.79,689532
12-22-2016,0.7211,0.7993,0.72,0.79,846201
12-23-2016,0.7108,0.74,0.7,0.74,485319
12-27-2016,0.74,0.79,0.72,0.77,636332
12-28-2016,0.7535,0.76,0.71,0.76,350334
12-29-2016,0.7319,0.77,0.73,0.76,273680
12-30-2016,0.7147,0.731,0.7,0.73,471685
01-03-2017,0.7201,0.76,0.71,0.76,446335
01-04-2017,0.7481,0.76,0.7201,0.7201,311899
01-05-2017,0.74,0.77,0.72,0.75,364520
01-06-2017,0.73,0.745,0.725,0.74,261826
01-09-2017,0.716,0.77,0.71,0.77,385569
01-10-2017,0.701,0.75,0.692,0.75,315540
01-11-2017,0.717,0.73,0.7,0.72,367167
01-12-2017,0.705,0.7236,0.7,0.72,857904
01-13-2017,0.7478,0.9899,0.7002,0.98,12390500
01-17-2017,0.7466,0.84,0.73,0.75,1917874
01-18-2017,0.702,0.7496,0.7,0.73,1228871
01-19-2017,0.6601,0.72,0.6,0.72,1701028
01-20-2017,0.6735,0.6899,0.65,0.661,627798
01-23-2017,0.6333,0.69,0.63,0.65,514733
01-24-2017,0.6899,0.69,0.6021,0.65,646385
01-25-2017,0.6968,0.71,0.68,0.7096,381588
01-26-2017,0.6781,0.73,0.65,0.72,450440
01-27-2017,0.67,0.69,0.64,0.69,270559
01-30-2017,0.648,0.6598,0.633,0.65,185904
01-31-2017,0.6303,0.6449,0.61,0.64,349555
02-01-2017,0.629,0.64,0.6101,0.621,223794
02-02-2017,0.66,0.6949,0.61,0.63,570775
02-03-2017,0.65,0.68,0.65,0.68,204918
02-06-2017,0.6386,0.668,0.6251,0.65,238874
02-07-2017,0.74,0.75,0.622,0.6483,1653510
02-08-2017,0.73,0.81,0.655,0.719,2463816
02-09-2017,0.72,0.758,0.665,0.72,1032144
02-10-2017,0.7638,0.79,0.71,0.72,1755831
02-13-2017,0.76,0.8298,0.75,0.7876,1623998
02-14-2017,0.72,0.76,0.72,0.752,602525
02-15-2017,0.7599,0.78,0.723,0.76,814861
02-16-2017,0.725,0.7632,0.72,0.749,409342
02-17-2017,0.6995,0.74,0.6805,0.74,637174
02-21-2017,0.7085,0.735,0.69,0.72,338360
02-22-2017,0.6925,0.72,0.67,0.71,433513
02-23-2017,0.7025,0.72,0.6813,0.7,454066
02-24-2017,0.695,0.71,0.6707,0.71,299768
02-27-2017,0.69,0.7,0.68,0.685,210988
02-28-2017,0.68,0.692,0.678,0.6811,217921
03-01-2017,0.69,0.725,0.68,0.69,678818
03-02-2017,0.687,0.71,0.68,0.7,434600
03-03-2017,0.68,0.697,0.65,0.68,373647
03-06-2017,0.69,0.7,0.6705,0.69,248909
03-07-2017,0.7688,0.77,0.6801,0.7,1911512
03-08-2017,0.77,0.8,0.735,0.8,1346694
03-09-2017,0.8348,0.84,0.74,0.8,2339665
03-10-2017,0.79,0.839,0.751,0.839,1214549
03-13-2017,0.8502,0.8975,0.78,0.79,3923260
03-14-2017,0.78,0.89,0.77,0.88,1608537
03-15-2017,0.81,0.82,0.7501,0.82,1102942
03-16-2017,0.8051,0.86,0.763,0.839,960513
03-17-2017,0.7693,0.82,0.753,0.82,858699
03-20-2017,0.744,0.8,0.71,0.775,1120776
03-21-2017,0.741,0.7726,0.701,0.75,669555
03-22-2017,0.724,0.75,0.7103,0.75,419456
03-23-2017,0.7351,0.778,0.725,0.75,724273
03-24-2017,0.7248,0.7718,0.72,0.7718,470992
