03-28-2016,10.04,10.3999,9.9,10.27,338566
03-29-2016,10.29,10.32,9.72,9.99,514881
03-30-2016,10.36,10.62,10.19,10.32,497392
03-31-2016,10.93,11.335,10.3801,10.46,609507
04-01-2016,11.05,11.255,10.52,10.8,688340
04-04-2016,11.26,11.57,11.02,11.14,490393
04-05-2016,11,11.28,10.68,11.16,529091
04-06-2016,11.22,11.29,10.96,11.02,533370
04-07-2016,11.05,11.52,11.02,11.23,582022
04-08-2016,11.53,11.99,10.89,11.17,1097342
04-11-2016,10.98,11.613,10.88,11.54,769678
04-12-2016,10.86,11.17,10.61,10.98,606738
04-13-2016,11.52,11.54,11,11.01,649262
04-14-2016,11.51,11.69,11.22,11.59,522572
04-15-2016,11.26,11.56,11.12,11.45,467762
04-18-2016,11.33,11.58,11.14,11.31,578851
04-19-2016,10.79,11.09,10.23,11.05,945392
04-20-2016,11.51,11.765,10.91,11.16,688870
04-21-2016,11.73,11.74,11.16,11.48,528136
04-22-2016,11.52,11.862,11.31,11.69,393602
04-25-2016,11.23,11.74,11.2,11.58,330967
04-26-2016,11.16,11.38,10.845,11.25,453488
04-27-2016,10.96,11.12,10.89,11.12,294931
04-28-2016,10.92,11.29,10.879,10.95,331344
04-29-2016,10.78,11.14,10.55,10.93,435414
05-02-2016,10.56,10.99,10.37,10.81,520664
05-03-2016,10.69,10.9799,10.32,10.51,388193
05-04-2016,10.74,11.16,10.43,10.9,517320
05-05-2016,10.22,11.06,10.18,10.94,1053700
05-06-2016,10.09,10.38,9.62,10.18,685763
05-09-2016,10.56,10.69,10.1,10.14,585740
05-10-2016,10.685,10.73,10.39,10.68,477386
05-11-2016,10.85,11.42,10.615,10.65,1222937
05-12-2016,10.7,11.08,10.41,10.79,1063417
05-13-2016,11.01,11.15,10.55,10.62,368622
05-16-2016,11.11,11.33,10.93,11,478278
05-17-2016,11.34,11.62,11.01,11.12,523131
05-18-2016,11.47,11.52,11.04,11.31,270929
05-19-2016,11.14,11.6,10.93,11.47,270699
05-20-2016,11.59,11.77,11.19,11.25,305273
05-23-2016,11.55,11.88,11.52,11.67,277101
05-24-2016,11.86,11.9,11.57,11.66,351104
05-25-2016,11.79,11.99,11.62,11.94,366645
05-26-2016,11.75,11.91,11.66,11.88,241423
05-27-2016,12.42,12.6016,11.86,11.86,491236
05-31-2016,11.76,12.4699,11.65,12.25,1126064
06-01-2016,12.255,12.31,11.73,11.8,1098676
06-02-2016,12.41,12.61,12.16,12.31,448598
06-03-2016,11.99,12.37,11.81,12.37,439143
06-06-2016,12.29,12.46,11.88,12.08,316300
06-07-2016,11.86,12.235,11.84,12.2,377725
06-08-2016,12.07,12.17,11.6,11.93,405254
06-09-2016,11.97,12.15,11.88,11.99,390033
06-10-2016,11.7,11.975,11.56,11.81,534929
06-13-2016,10.83,11.69,10.675,11.6,741098
06-14-2016,10.71,11.04,10.43,10.9,662660
06-15-2016,10.64,10.8,10.52,10.74,452576
06-16-2016,10.66,10.69,10.36,10.63,312449
06-17-2016,10.6,10.78,10.5,10.7,1271954
06-20-2016,11.015,11.18,10.7601,10.83,342621
06-21-2016,10.65,11.07,10.48,11.05,276980
06-22-2016,10.8,11.28,10.57,10.63,435827
06-23-2016,10.95,11.14,10.71,10.94,596868
06-24-2016,10.71,10.77,10.52,10.59,651344
06-27-2016,10.45,10.77,10.375,10.63,458104
06-28-2016,10.92,11.06,10.54,10.54,483680
06-29-2016,10.85,11.1,10.81,11.02,539403
06-30-2016,10.97,10.99,10.66,10.93,288529
07-01-2016,11.03,11.1,10.8,11.02,232769
07-05-2016,10.82,11.02,10.72,10.98,323090
07-06-2016,11.23,11.3,10.73,10.82,469352
07-07-2016,11.39,11.41,11.14,11.19,333117
07-08-2016,11.49,11.56,11.36,11.43,267781
07-11-2016,11.2,11.6,11.0838,11.12,536760
07-12-2016,11.33,11.57,11.2101,11.34,381702
07-13-2016,11.32,11.6,11.32,11.42,269654
07-14-2016,11.385,11.455,11.2,11.34,207106
07-15-2016,11.2,11.5,11.17,11.43,233903
07-18-2016,11.38,11.45,11.18,11.26,202931
07-19-2016,11.02,11.48,10.94,11.36,212517
07-20-2016,11.6,11.64,11.06,11.1,263035
07-21-2016,11.61,12.06,11.54,11.61,300728
07-22-2016,11.41,11.74,11.3,11.54,292537
07-25-2016,11.37,11.47,11.25,11.39,206461
07-26-2016,11.53,11.66,11.28,11.31,234579
07-27-2016,12.02,12.03,11.53,11.58,227436
07-28-2016,11.68,12.02,11.5901,12.02,311099
07-29-2016,11.75,11.88,11.58,11.7,332876
08-01-2016,11.89,12.09,11.67,11.67,304856
08-02-2016,11.66,11.95,11.56,11.88,434040
08-03-2016,12.94,13,11.93,12.14,676395
08-04-2016,11.72,12.71,11.7,12.58,655960
08-05-2016,11.85,12.0799,11.6901,11.84,293098
08-08-2016,11.835,11.91,11.67,11.85,306415
08-09-2016,12.25,12.3,11.7444,11.84,297012
08-10-2016,11.83,12.26,11.75,12.26,378829
08-11-2016,11.77,11.989,11.63,11.85,389889
08-12-2016,11.61,11.84,11.52,11.75,362404
08-15-2016,11.67,11.85,11.59,11.63,341852
08-16-2016,11.36,11.7,11.3201,11.6,389539
08-17-2016,11.5,11.6199,11.33,11.46,323118
08-18-2016,11.42,11.66,11.35,11.51,175099
08-19-2016,11.31,11.58,11.285,11.38,216455
08-22-2016,11.49,11.62,11.3,11.31,192293
08-23-2016,11.49,11.77,11.43,11.61,152193
08-24-2016,11.09,11.84,11.02,11.42,310564
08-25-2016,11.03,11.355,10.82,11.1,342838
08-26-2016,11.07,11.16,10.9,10.95,346747
08-29-2016,10.99,11.29,10.92,11.11,273378
08-30-2016,11.01,11.095,10.86,10.94,300892
08-31-2016,10.96,11.045,10.85,11,260632
09-01-2016,11.1,11.11,10.83,10.94,221025
09-02-2016,11.1,11.1601,11,11.1,197906
09-06-2016,11.51,11.645,11.1,11.1,336638
09-07-2016,12.03,12.06,11.62,11.62,452791
09-08-2016,12.47,12.49,12,12.04,327770
09-09-2016,12.18,12.39,12.05,12.33,436554
09-12-2016,12.5,12.52,12.01,12.01,355616
09-13-2016,12.26,12.43,11.87,12.39,327120
09-14-2016,12.31,12.49,12.18,12.29,363333
09-15-2016,12.26,12.371,12,12.3,257711
09-16-2016,12.33,12.49,12.15,12.25,594608
09-19-2016,12.79,12.86,12.31,12.4,360580
09-20-2016,12.83,12.95,12.73,12.89,221845
09-21-2016,12.94,12.98,12.65,12.93,161642
09-22-2016,13.38,13.425,12.9,12.99,372432
09-23-2016,13.23,13.53,13.23,13.3,211803
09-26-2016,12.94,13.22,12.82,13.22,257929
09-27-2016,12.97,13.06,12.62,12.89,287924
09-28-2016,12.93,13.03,12.75,12.96,244121
09-29-2016,12.3,13.03,12.25,12.91,258716
09-30-2016,12.31,12.52,12.07,12.34,291483
10-03-2016,12.56,12.58,12.15,12.34,166566
10-04-2016,12.77,12.82,12.58,12.58,181235
10-05-2016,13.04,13.09,12.75,12.77,177252
10-06-2016,12.66,12.95,12.6,12.95,163463
10-07-2016,12.73,12.79,12.57,12.71,252034
10-10-2016,13.52,13.58,12.79,12.79,320094
10-11-2016,13.23,13.54,12.99,13.39,347268
10-12-2016,13.12,13.37,13.05,13.2,255029
10-13-2016,12.8,13.18,12.7,13.01,497289
10-14-2016,12.84,13.07,12.775,12.92,241828
10-17-2016,12.54,12.86,12.38,12.86,352428
10-18-2016,13.17,13.27,12.63,12.74,357091
10-19-2016,12.7,13.3,12.45,13.23,331774
10-20-2016,12.67,13,12.55,12.69,252189
10-21-2016,12.46,12.7,12.44,12.6,240724
10-24-2016,12.36,12.61,12.35,12.5,253616
10-25-2016,12.34,12.6,12.14,12.33,130185
10-26-2016,12.22,12.55,12.125,12.34,167578
10-27-2016,12.07,12.43,11.965,12.33,208689
10-28-2016,11.65,12.12,11.47,12.03,248767
10-31-2016,11.4,11.75,11.26,11.6,258929
11-01-2016,11.75,11.8,11.35,11.4,204481
11-02-2016,11.5,11.75,10.6,11.7,577484
11-03-2016,10.95,11.7,10.875,11.6,236903
11-04-2016,11.35,11.6,11.05,11.05,200228
11-07-2016,11.65,11.925,11.51,11.55,288594
11-08-2016,11.35,11.85,11.3,11.55,252836
11-09-2016,15.1,15.45,12.5,12.6,1418095
11-10-2016,14.5,16.45,14.5,15.55,804395
11-11-2016,15.2,15.45,14.1,14.25,535728
11-14-2016,15.95,16.55,15.55,15.65,699242
11-15-2016,15.85,16.45,15,16.4,408957
11-16-2016,15.85,16,15.55,15.9,423278
11-17-2016,15.375,15.95,15,15.85,637167
11-18-2016,15.8,16.25,15.45,15.55,530553
11-21-2016,15.65,16.2,15.4,16.05,520992
11-22-2016,15.55,16.125,15.25,15.7,410055
11-23-2016,15.7,15.9,15,15.35,327168
11-25-2016,15.85,16.2,15.3,15.85,484015
11-28-2016,16.15,17.5,16.1,16.25,1841060
11-29-2016,17.15,17.2,16.35,16.35,1416926
11-30-2016,16.25,17.545,16,17.5,809920
12-01-2016,15.8,16.5655,15.15,16.35,669004
12-02-2016,15.45,16.05,15.35,15.8,587072
12-05-2016,15.75,15.85,15.2,15.7,532330
12-06-2016,15.8,16,15.5,15.95,413130
12-07-2016,14.925,15.75,14.65,15.65,1110001
12-08-2016,15.2,15.25,14.15,14.8,1042919
12-09-2016,15.75,16.05,15.1251,15.2,705079
12-12-2016,15.25,16.124,15.2,16.05,512665
12-13-2016,15.45,15.9,15.25,15.25,346200
12-14-2016,15.2,15.65,15,15.45,329718
12-15-2016,15.4,15.6,15.25,15.3,438920
12-16-2016,15.75,16.15,15.5,15.55,877599
12-19-2016,16.7,17.24,15.85,15.9,715109
12-20-2016,13.275,14.79,12.95,14.55,7465480
12-21-2016,12.85,13.3,12.7,13.15,5546349
12-22-2016,13.15,13.2,12.975,13.15,2204368
12-23-2016,13.3,13.3,13.05,13.25,1513765
12-27-2016,13.95,13.95,13.325,13.45,1884437
12-28-2016,13.5,14.05,13.35,13.95,908071
12-29-2016,13.55,13.7,13.25,13.5,844770
12-30-2016,13.55,13.8,13.4,13.5,851418
01-03-2017,13.95,14,13.55,13.7,1271589
01-04-2017,13.95,14.2,13.7,14.2,1186397
01-05-2017,13.65,14.05,13.6,13.95,798973
01-06-2017,13.45,13.7182,13.3,13.6,839050
01-09-2017,13.55,13.7,13.25,13.45,757693
01-10-2017,13.35,13.65,13.05,13.5,1219808
01-11-2017,12.75,13.55,12.5,13.25,1595521
01-12-2017,12.625,12.9,12.525,12.75,716057
01-13-2017,12.5,12.8,12.4,12.6,978160
01-17-2017,11.8,12.44,11.45,12.4,1823382
01-18-2017,11.775,12.1,11.525,11.8,754612
01-19-2017,11.45,12,11.4,11.7,749292
01-20-2017,11.4,11.65,11.3,11.5,870737
01-23-2017,11.2,11.55,10.95,11.4,814354
01-24-2017,11.1,11.4,10.75,11.15,2296530
01-25-2017,10.95,11.35,10.825,11.2,1162787
01-26-2017,10.95,11.2,10.85,10.95,680362
01-27-2017,11.1,11.15,10.9,10.9,653189
01-30-2017,10.75,11.3,10.65,11.1,940624
01-31-2017,11.15,11.2,10.555,10.7,945539
02-01-2017,11,11.4,10.825,11.25,698966
02-02-2017,11.1,11.55,10.85,10.95,2209210
02-03-2017,11.45,11.5,11.05,11.25,486568
02-06-2017,11.65,11.75,11.35,11.35,904784
02-07-2017,11.35,11.8,11.175,11.65,498947
02-08-2017,11.6,11.65,11.15,11.3,465062
02-09-2017,11.55,11.8,11.45,11.65,350745
02-10-2017,11.55,11.75,11.5,11.65,323121
02-13-2017,11.5,11.75,11.5,11.6,458835
02-14-2017,11.75,11.85,11.45,11.5,613715
02-15-2017,12.1,12.2,11.55,11.75,1485958
02-16-2017,11.75,12.15,11.72,12.1,607206
02-17-2017,11.8,11.9,11.55,11.7,402863
02-21-2017,12.6,12.6,12.25,12.55,2406317
02-22-2017,12.15,12.6,11.9,12.55,5288294
02-23-2017,11.7,12.1,11.65,12.1,1219353
02-24-2017,11.75,12,11.525,11.55,629980
02-27-2017,12.25,12.4,11.6,11.65,951577
02-28-2017,11.75,12.25,11.65,12.25,1233545
03-01-2017,11.75,12.15,11.675,11.85,646746
03-02-2017,11.85,12.15,11.65,11.75,1301466
03-03-2017,11.85,12,11.65,11.75,413730
03-06-2017,11.65,11.85,11.6,11.85,506069
03-07-2017,11.25,11.725,11.2,11.55,1295326
03-08-2017,12.05,12.75,11.95,12.15,2696671
03-09-2017,11.25,11.9,10.95,11.7,1416716
03-10-2017,10.5,11.475,10.5,11.4,1551848
03-13-2017,10.7,10.85,10.5,10.55,1022664
03-14-2017,10.25,10.95,10.2,10.7,826587
03-15-2017,10.7,10.75,10.15,10.25,829442
03-16-2017,10.9,10.9,10.6,10.75,758604
03-17-2017,10.55,10.9,10.5,10.8,1130117
03-20-2017,10.9,10.9,10.55,10.55,566372
03-21-2017,10.65,11.1,10.45,10.85,600518
03-22-2017,10.75,10.8,10.5,10.6,496688
03-23-2017,10.75,10.9,10.55,10.75,464696
03-24-2017,10.6,10.775,10.55,10.7,587116
