09-07-2016,6.67,7.0499,6.58,6.6175,13230
09-08-2016,6.2101,6.99,6.2101,6.7,12657
09-09-2016,6.18,6.22,6.01,6.2199,7015
09-12-2016,6.1986,6.69,6.0501,6.1,9625
09-13-2016,6.26,6.27,6.16,6.26,5123
09-14-2016,6.2499,6.25,6.0101,6.0101,3050
09-15-2016,5.5,6.16,5.31,6.02,21721
09-16-2016,5.95,6.07,5.61,5.8,46750
09-19-2016,6.88,7,5.88,5.99,74918
09-20-2016,7.15,7.36,6.85,6.85,39096
09-21-2016,7.7999,8,6.9001,7.35,33059
09-22-2016,8.6,8.8173,7.5,7.7,29943
09-23-2016,8.73,9.475,8.1001,9.22,63191
09-26-2016,10.02,11.25,9.7008,11.1,569698
09-27-2016,9.31,10.24,9.2,10.24,87079
09-28-2016,9.4,9.7,8.36,9.7,48556
09-29-2016,9.31,9.95,9.194,9.55,63772
09-30-2016,9.064,9.62,8.6,9.62,43495
10-03-2016,8.65,8.93,8.577,8.93,13190
10-04-2016,14.35,19.75,13.52,16,4842395
10-05-2016,14.35,15.7,14.0856,14.95,914495
10-06-2016,13.37,14.08,12.6387,14.08,268666
10-07-2016,11.92,13.74,11.69,12.85,321302
10-10-2016,11.88,12.01,11.4101,12.01,100426
10-11-2016,10.94,11.87,10.7701,11.79,99691
10-12-2016,10.47,11,10.36,10.93,77505
10-13-2016,10.43,10.5621,9.83,10,71212
10-14-2016,10.71,10.99,10.41,10.49,62397
10-17-2016,10.31,10.7235,10.0011,10.58,43143
10-18-2016,10.7,10.829,9.611,9.85,66619
10-19-2016,11.2,11.704,10.72,10.79,40406
10-20-2016,11.85,11.85,10.982,11.19,50706
10-21-2016,12.07,12.7399,11.741,11.9,76483
10-24-2016,11.95,12.62,11.3501,12.32,27470
10-25-2016,11.01,11.95,11.01,11.85,41636
10-26-2016,12.57,12.8,11.68,12.11,225896
10-27-2016,12.17,13.35,12.16,12.73,63212
10-28-2016,12.45,12.7022,12,12.36,30761
10-31-2016,11.77,12.44,11.77,12.44,27728
11-01-2016,12.08,12.2713,11.62,11.71,15426
11-02-2016,11.61,12.1404,11.6,12.07,29529
11-03-2016,11.13,12.3199,11.13,12.3199,29596
11-04-2016,12,12,11.04,11.25,75720
11-07-2016,11.8,12.01,11.1301,11.95,134231
11-08-2016,11.8,12,11.1,11.2064,33501
11-09-2016,11.24,11.94,11.21,11.69,42662
11-10-2016,11.3,11.9325,11.25,11.6055,17201
11-11-2016,11.01,11.63,11,11.47,38040
11-14-2016,11.8,11.8,11.0824,11.2,19073
11-15-2016,11.605,11.98,11.53,11.79,16309
11-16-2016,11.05,12,11,11.6,19166
11-17-2016,10.5,11.53,10.5,11.53,48593
11-18-2016,10.5015,10.91,10.15,10.5,117433
11-21-2016,9.83,10.4412,9.66,10.32,181318
11-22-2016,11.1,11.26,9.96,10.12,35162
11-23-2016,10.59,11.34,10.2311,11.29,18556
11-25-2016,10.8319,11.77,10.45,10.74,49869
11-28-2016,11.2734,11.7,10.5115,11.17,107496
11-29-2016,11.16,11.47,10.68,11.2,33922
11-30-2016,10.49,11.41,10.25,11.25,46192
12-01-2016,10.1414,10.9763,10.03,10.39,16631
12-02-2016,10.15,10.5,10.021,10.49,10060
12-05-2016,10.01,10.5,9.98,10.251,35784
12-06-2016,10.27,10.35,10.15,10.34,14989
12-07-2016,10.19,10.44,10.17,10.27,23956
12-08-2016,9.98,10.1,9.9,9.98,36456
12-09-2016,9.42,9.89,9.0101,9.89,34038
12-12-2016,9.46,9.6365,9.08,9.54,32378
12-13-2016,9.41,9.57,9.1,9.47,50252
12-14-2016,9.27,9.85,8.65,9.41,38539
12-15-2016,8.5,9.1278,8.5,9.05,48457
12-16-2016,8.85,9.16,8.35,8.35,39519
12-19-2016,8.86,9.32,8.5698,8.5698,21156
12-20-2016,8.6892,9.165,8.66,9.05,10162
12-21-2016,8.84,9.05,8.75,8.8,21326
12-22-2016,8.59,8.8725,8.315,8.57,20526
12-23-2016,8.44,8.6,7.95,8.45,27855
12-27-2016,8.3,8.635,8.2,8.45,33970
12-28-2016,8.5,8.5019,8.1,8.34,36921
12-29-2016,8.12,8.643,8,8.39,23587
12-30-2016,8.56,8.56,8.05,8.15,31452
01-03-2017,8.47,8.6086,8.24,8.42,11420
01-04-2017,9.03,9.03,8.45,8.45,17661
01-05-2017,9.01,9.3,9,9.0056,18076
01-06-2017,9.01,9.11,8.99,9,5249
01-09-2017,8.94,9.0903,8.75,8.94,13753
01-10-2017,10.41,11.64,9.09,9.09,96245
01-11-2017,10.2,10.75,10.2,10.5,13751
01-12-2017,9.69,10.22,9.4,10.22,13769
01-13-2017,9.71,10.09,9.7001,9.75,4456
01-17-2017,10.2753,11.175,9.7478,10,41715
01-18-2017,10.4505,10.475,10.1501,10.32,15275
01-19-2017,10.99,10.99,10.2654,10.38,39701
01-20-2017,11.1799,11.2499,10.86,10.97,26691
01-23-2017,11.75,11.805,11.175,11.25,13752
01-24-2017,11.8549,11.88,11.5383,11.86,119647
01-25-2017,11.5,12.29,11.5,11.89,30233
01-26-2017,11.5,11.7255,11.5,11.7255,16934
01-27-2017,11.22,11.86,11.11,11.8,11868
01-30-2017,10.3,11.4,9.17,11.4,40266
01-31-2017,10.47,10.498,10.23,10.3,16964
02-01-2017,11.93,11.98,11.27,11.27,52978
02-02-2017,11.24,11.77,10.475,11.43,19357
02-03-2017,11,11.25,10.625,11.25,21031
02-06-2017,10.76,11.11,10.51,11,19692
02-07-2017,11.26,11.6648,11,11,12451
02-08-2017,11,11.25,11,11.21,5895
02-09-2017,11.27,11.3196,10.91,11,8479
02-10-2017,11.06,11.25,10.8701,11.1191,6591
02-13-2017,11.39,11.6332,11.1,11.1,8629
02-14-2017,11.495,11.65,11.2501,11.52,3888
02-15-2017,11.45,11.7,11.0435,11.0435,5076
02-16-2017,11.69,11.71,11.6475,11.7,10455
02-17-2017,11.64,11.8,11.61,11.7,11061
02-21-2017,11.8998,12,11.64,11.64,11369
02-22-2017,11.94,12,11.7777,11.99,10337
02-23-2017,12.1,12.3799,11.8901,12.3799,27054
02-24-2017,12.17,12.18,11.962,12.18,5750
02-27-2017,12.2297,12.9146,12.1012,12.3772,11987
02-28-2017,12.21,12.7502,12.21,12.5,8077
03-01-2017,12.73,12.9,12.37,12.37,28543
03-02-2017,12.8533,13.071,12.54,12.89,25287
03-03-2017,12.63,13.5964,12.5,12.72,35851
03-06-2017,12.72,13.11,12.5,12.5,24561
03-07-2017,12.63,12.79,12.5,12.7,28215
03-08-2017,12.58,12.71,12.25,12.71,11772
03-09-2017,12.26,12.58,12.26,12.26,9009
03-10-2017,12.4,12.74,12.3947,12.495,3826
03-13-2017,12.39,12.49,12.27,12.42,5927
03-14-2017,12.4,12.55,12.35,12.46,10590
03-15-2017,12.2875,12.73,12.21,12.43,10634
03-16-2017,12.11,12.58,12.11,12.432,8658
03-17-2017,13.21,13.21,11.95,12.31,38433
03-20-2017,12.6352,13.15,11.85,13.15,11545
03-21-2017,12.29,12.89,12.16,12.89,22803
03-22-2017,12.95,13.61,12.02,12.29,45034
03-23-2017,12.64,13.2,12.2,12.6,20208
03-24-2017,12.53,13.38,12.42,12.92,32615
