03-28-2016,5.8,6.05,5.742,6.03,477466
03-29-2016,6.03,6.07,5.621,5.79,671914
03-30-2016,6.29,6.33,6.04,6.12,1119205
03-31-2016,6.36,6.4499,6.155,6.29,762190
04-01-2016,6.47,6.48,6.28,6.33,714839
04-04-2016,6.72,6.86,6.44,6.46,1143765
04-05-2016,6.58,6.735,6.51,6.65,666654
04-06-2016,7,7.02,6.59,6.6,935747
04-07-2016,6.87,7.05,6.72,6.95,705532
04-08-2016,6.87,7,6.78,6.97,465798
04-11-2016,6.83,6.98,6.815,6.93,689368
04-12-2016,6.93,6.93,6.73,6.83,468356
04-13-2016,7.15,7.2,6.88,6.96,598895
04-14-2016,7.16,7.29,7.107,7.14,496670
04-15-2016,7.38,7.44,7.11,7.11,485664
04-18-2016,7.32,7.49,7.28,7.34,1003579
04-19-2016,7.25,7.34,7.14,7.33,652668
04-20-2016,7.35,7.49,7.25,7.41,528915
04-21-2016,7.41,7.42,7.27,7.34,542733
04-22-2016,7.6,7.62,7.39,7.39,431735
04-25-2016,7.65,7.74,7.56,7.63,391254
04-26-2016,7.24,7.65,7.2,7.65,612294
04-27-2016,7.14,7.215,7.02,7.19,485771
04-28-2016,7.16,7.39,7,7.14,459820
04-29-2016,7.09,7.25,7.03,7.14,416247
05-02-2016,7.295,7.3,7.02,7.14,407728
05-03-2016,7.13,7.24,7.06,7.2,589630
05-04-2016,6.96,7.09,6.92,7.09,577344
05-05-2016,6.4,7,6.4,6.91,1089676
05-06-2016,7.15,7.33,6.795,7.05,3085959
05-09-2016,7.27,7.325,6.96,7.21,1362106
05-10-2016,7.45,7.475,7.23,7.32,793626
05-11-2016,7.31,7.58,7.3,7.4,653159
05-12-2016,7.07,7.35,6.97,7.34,919955
05-13-2016,7.11,7.22,6.97,7.03,1199882
05-16-2016,7.2,7.25,7.11,7.15,731287
05-17-2016,7.1,7.26,7.07,7.18,780111
05-18-2016,7.18,7.23,7.04,7.06,594950
05-19-2016,7.19,7.24,7.1,7.15,521195
05-20-2016,7.27,7.29,7.12,7.2,655418
05-23-2016,7.3,7.36,7.225,7.27,590849
05-24-2016,7.37,7.38,7.28,7.35,942448
05-25-2016,7.53,7.67,7.38,7.41,813065
05-26-2016,7.44,7.62,7.41,7.52,824647
05-27-2016,7.43,7.55,7.39,7.44,641594
05-31-2016,7.49,7.52,7.4,7.48,1410333
06-01-2016,7.49,7.55,7.435,7.46,683845
06-02-2016,7.52,7.54,7.47,7.47,823441
06-03-2016,7.34,7.54,7.27,7.5,660425
06-06-2016,7.28,7.34,7.17,7.34,756666
06-07-2016,7.2,7.28,7.13,7.26,759072
06-08-2016,7.11,7.24,7.105,7.2,594393
06-09-2016,6.97,7.12,6.95,7.07,620932
06-10-2016,6.94,6.975,6.82,6.94,465358
06-13-2016,6.87,7.02,6.87,6.92,450008
06-14-2016,6.76,6.92,6.69,6.86,405076
06-15-2016,6.82,6.93,6.8,6.81,451921
06-16-2016,6.82,6.9,6.65,6.77,938243
06-17-2016,6.76,6.87,6.75,6.85,2003847
06-20-2016,6.76,6.86,6.7,6.83,501135
06-21-2016,6.72,6.81,6.69,6.79,504447
06-22-2016,6.8,6.89,6.71,6.72,1141541
06-23-2016,6.81,6.89,6.79,6.87,873064
06-24-2016,6.47,6.61,6.4,6.46,926407
06-27-2016,6.33,6.5,6.25,6.36,793535
06-28-2016,6.52,6.55,6.33,6.41,1130033
06-29-2016,6.57,6.68,6.4725,6.6,1394648
06-30-2016,6.57,6.66,6.5299,6.6,806271
07-01-2016,6.69,6.71,6.58,6.58,645231
07-05-2016,6.71,6.765,6.64,6.64,619406
07-06-2016,6.79,6.8,6.67,6.67,704672
07-07-2016,6.79,6.84,6.74,6.79,505792
07-08-2016,6.75,6.81,6.74,6.8,686689
07-11-2016,6.7,6.8,6.69,6.76,557551
07-12-2016,6.74,6.83,6.71,6.74,760510
07-13-2016,6.62,6.78,6.58,6.75,797573
07-14-2016,6.62,6.69,6.57,6.65,880372
07-15-2016,6.65,6.685,6.59,6.67,709039
07-18-2016,6.59,6.68,6.59,6.63,562426
07-19-2016,6.27,6.64,6.25,6.54,677984
07-20-2016,6.48,6.51,6.3,6.31,1394245
07-21-2016,6.5,6.57,6.44,6.49,606097
07-22-2016,6.53,6.58,6.455,6.5,726850
07-25-2016,6.47,6.55,6.43,6.52,493355
07-26-2016,6.51,6.59,6.46,6.47,468454
07-27-2016,6.84,6.85,6.47,6.52,627827
07-28-2016,6.82,6.92,6.82,6.85,424107
07-29-2016,6.87,6.89,6.77,6.82,412645
08-01-2016,7.05,7.1,6.87,6.89,548693
08-02-2016,6.95,7.09,6.86,7.07,538881
08-03-2016,7.08,7.1,6.93,6.95,493020
08-04-2016,7.03,7.16,7,7.1,497607
08-05-2016,7.1,7.15,7.03,7.05,365731
08-08-2016,6.98,7.14,6.955,7.13,410254
08-09-2016,7.07,7.15,6.7894,6.94,632332
08-10-2016,5.72,6.9,5.61,6.82,3730115
08-11-2016,5.91,6.035,5.72,5.74,1119677
08-12-2016,5.81,5.9,5.75,5.9,983145
08-15-2016,6,6.17,5.8,5.82,765113
08-16-2016,5.93,6.03,5.82,5.9,685654
08-17-2016,5.91,6.035,5.82,5.92,981261
08-18-2016,5.93,6.045,5.83,5.93,1054188
08-19-2016,5.91,5.97,5.8,5.92,1727046
08-22-2016,6.03,6.15,5.9201,5.93,627198
08-23-2016,5.99,6.04,5.88,6.04,537118
08-24-2016,5.62,6.05,5.595,5.97,946465
08-25-2016,5.64,5.75,5.415,5.64,1015202
08-26-2016,5.59,5.77,5.51,5.62,723517
08-29-2016,5.51,5.68,5.49,5.62,631541
08-30-2016,5.5,5.615,5.45,5.52,790195
08-31-2016,5.31,5.47,5.13,5.47,1701175
09-01-2016,5.29,5.4,5.23,5.33,863868
09-02-2016,5.24,5.36,5.12,5.31,1104725
09-06-2016,5.29,5.32,5.2,5.28,837702
09-07-2016,5.38,5.405,5.26,5.3,630837
09-08-2016,5.48,5.51,5.37,5.4,601541
09-09-2016,5.38,5.53,5.38,5.45,748793
09-12-2016,5.69,5.72,5.3107,5.33,931517
09-13-2016,5.49,5.69,5.39,5.69,893668
09-14-2016,5.04,5.55,4.69,5.48,2369690
09-15-2016,4.85,5.04,4.6,4.95,1241008
09-16-2016,4.82,5.01,4.75,4.84,2378454
09-19-2016,4.72,4.95,4.7,4.81,785247
09-20-2016,4.62,4.75,4.6,4.74,740963
09-21-2016,4.47,4.62,4.35,4.6,1797670
09-22-2016,4.81,4.86,4.47,4.47,1353567
09-23-2016,4.72,4.89,4.67,4.82,676146
09-26-2016,4.66,4.79,4.65,4.72,610494
09-27-2016,4.74,4.74,4.6,4.66,523296
09-28-2016,4.73,4.81,4.64,4.77,636336
09-29-2016,4.58,4.74,4.57,4.74,726049
09-30-2016,4.67,4.71,4.55,4.6,469146
10-03-2016,4.66,4.69,4.59,4.62,683731
10-04-2016,4.55,4.68,4.53,4.64,769583
10-05-2016,4.62,4.71,4.52,4.55,507136
10-06-2016,4.54,4.645,4.4931,4.59,564383
10-07-2016,4.59,4.64,4.53,4.53,371294
10-10-2016,4.7,4.73,4.64,4.64,388750
10-11-2016,4.52,4.71,4.5,4.67,457024
10-12-2016,4.32,4.56,4.3,4.51,619869
10-13-2016,4.24,4.38,4.22,4.3,676786
10-14-2016,3.95,4.29,3.94,4.29,989284
10-17-2016,3.99,4.08,3.92,3.95,873350
10-18-2016,4.02,4.11,3.99,4.06,579498
10-19-2016,3.95,4.05,3.9,4.02,719188
10-20-2016,3.98,4.005,3.93,3.93,494729
10-21-2016,3.94,4,3.92,3.95,363144
10-24-2016,3.83,3.98,3.81,3.96,506861
10-25-2016,3.66,3.87,3.66,3.84,675489
10-26-2016,3.75,3.76,3.61,3.65,678470
10-27-2016,3.77,3.865,3.725,3.77,533510
10-28-2016,3.67,3.8,3.55,3.76,564976
10-31-2016,3.54,3.7,3.5,3.67,696674
11-01-2016,3.58,3.6,3.425,3.55,1306851
11-02-2016,3.49,3.63,3.48,3.55,460958
11-03-2016,3.22,3.52,3.21,3.51,1124627
11-04-2016,3.52,3.605,3.335,3.35,2015627
11-07-2016,3.63,3.665,3.52,3.6,1025859
11-08-2016,3.61,3.67,3.46,3.6,537287
11-09-2016,4.18,4.18,3.73,3.73,1593002
11-10-2016,4.21,4.32,4.13,4.29,1008456
11-11-2016,4.5,4.53,4.14,4.25,1248988
11-14-2016,4.79,4.8,4.4,4.68,1238377
11-15-2016,4.4,4.78,4.37,4.78,1093750
11-16-2016,4.27,4.43,4.26,4.4,681716
11-17-2016,4.27,4.41,4.25,4.36,513580
11-18-2016,4.27,4.33,4.19,4.25,611120
11-21-2016,4.52,4.53,4.22,4.27,543199
11-22-2016,4.3,4.63,4.29,4.53,712663
11-23-2016,4.38,4.38,4.11,4.24,551828
11-25-2016,4.33,4.37,4.28,4.37,217796
11-28-2016,4.1,4.32,4.07,4.32,670642
11-29-2016,3.99,4.155,3.975,4.1,542723
11-30-2016,3.91,4.08,3.85,4,754555
12-01-2016,4.1,4.14,3.86,3.9,2098554
12-02-2016,4,4.11,3.91,4.08,477461
12-05-2016,4.03,4.2,3.94,4,824304
12-06-2016,4.23,4.28,3.93,3.97,800490
12-07-2016,4.14,4.285,3.885,4.14,1579811
12-08-2016,4.16,4.18,3.95,4.05,1002846
12-09-2016,4.44,4.56,4.17,4.23,971469
12-12-2016,4.44,4.46,4.23,4.42,755717
12-13-2016,4.42,4.56,4.34,4.45,797048
12-14-2016,4.31,4.4761,4.21,4.4,649636
12-15-2016,4.57,4.595,4.25,4.34,675402
12-16-2016,4.63,4.69,4.5,4.61,2630352
12-19-2016,4.68,4.865,4.65,4.65,867617
12-20-2016,4.62,4.75,4.51,4.7,695139
12-21-2016,4.34,4.6416,4.34,4.6,398150
12-22-2016,4.32,4.39,4.21,4.38,497884
12-23-2016,4.62,4.62,4.31,4.32,324718
12-27-2016,4.55,4.73,4.52,4.66,464922
12-28-2016,4.495,4.59,4.42,4.58,430265
12-29-2016,4.45,4.58,4.355,4.5,304849
12-30-2016,4.43,4.53,4.38,4.46,350019
01-03-2017,4.46,4.58,4.28,4.47,506797
01-04-2017,4.74,4.75,4.37,4.48,526871
01-05-2017,4.8,4.88,4.64,4.75,460540
01-06-2017,4.81,4.83,4.72,4.8,489954
01-09-2017,4.69,4.87,4.67,4.84,452043
01-10-2017,4.64,4.8,4.59,4.72,489752
01-11-2017,4.55,4.69,4.46,4.64,833155
01-12-2017,4.56,4.62,4.42,4.54,438560
01-13-2017,4.65,4.66,4.53,4.56,521490
01-17-2017,4.55,4.62,4.4601,4.62,467360
01-18-2017,4.61,4.62,4.48,4.55,282513
01-19-2017,4.6,4.62,4.51,4.61,331954
01-20-2017,4.595,4.6431,4.53,4.6,419042
01-23-2017,4.57,4.59,4.48,4.58,318296
01-24-2017,4.645,4.65,4.4,4.57,452590
01-25-2017,4.63,4.75,4.58,4.7,245559
01-26-2017,4.58,4.69,4.55,4.65,267297
01-27-2017,4.57,4.61,4.5,4.58,351352
01-30-2017,4.49,4.54,4.41,4.53,463937
01-31-2017,4.66,4.685,4.31,4.45,568862
02-01-2017,4.74,4.915,4.67,4.68,850751
02-02-2017,5.09,5.11,4.66,4.73,980910
02-03-2017,5.05,5.15,4.995,5.14,599527
02-06-2017,5.11,5.1816,5.02,5.04,513261
02-07-2017,4.96,5.1,4.9,5.1,535210
02-08-2017,4.985,5.025,4.86,4.93,461817
02-09-2017,5.12,5.24,5,5,501343
02-10-2017,5.48,5.72,5.14,5.25,1027868
02-13-2017,5.44,5.75,5.425,5.51,690654
02-14-2017,5.73,5.84,5.45,5.45,680867
02-15-2017,5.94,5.945,5.69,5.72,674210
02-16-2017,6.02,6.04,5.83,5.97,787616
02-17-2017,5.91,6.03,5.68,6.03,902291
02-21-2017,5.84,6.03,5.81,5.96,719020
02-22-2017,5.75,5.95,5.74,5.84,524669
02-23-2017,5.89,5.92,5.731,5.78,603462
02-24-2017,5.8,5.93,5.77,5.86,473171
02-27-2017,6.265,6.29,5.81,5.83,1017412
02-28-2017,6.4,6.43,6.17,6.3,1098486
03-01-2017,6.73,6.8,6.5,6.55,1621890
03-02-2017,6.46,6.92,6.43,6.73,1411377
03-03-2017,6.41,6.6,6.3242,6.43,970572
03-06-2017,6.42,6.56,6.28,6.41,933149
03-07-2017,6.31,6.48,6.22,6.38,768778
03-08-2017,6.28,6.47,6.25,6.32,1024537
03-09-2017,6.06,6.39,5.65,6,1257276
03-10-2017,6.37,6.37,6.14,6.14,787993
03-13-2017,6.53,6.67,6.3,6.37,942076
03-14-2017,6.21,6.63,6.205,6.49,919358
03-15-2017,6.41,6.53,6.21,6.21,1006195
03-16-2017,6.62,6.67,6.375,6.42,1226499
03-17-2017,6.57,6.66,6.45,6.51,2827279
03-20-2017,6.51,6.59,6.38,6.56,765993
03-21-2017,6.42,6.59,6.27,6.53,1056041
03-22-2017,6.42,6.49,6.34,6.42,593009
03-23-2017,6.545,6.74,6.2589,6.38,1063470
03-24-2017,6.61,6.675,6.54,6.55,521322
