03-28-2016,14.12,14.63,13.93,14.56,522295
03-29-2016,15.47,15.505,13.92,14.02,1163742
03-30-2016,15.03,15.71,14.82,15.7,637379
03-31-2016,15.25,15.51,15,15.11,897002
04-01-2016,16.21,16.33,14.93,15.2,848436
04-04-2016,16.22,16.6,15.97,16.26,688033
04-05-2016,16.18,16.2,15.87,16.11,492577
04-06-2016,16.69,16.8,16.19,16.2,549251
04-07-2016,16.72,17.12,16.49,16.67,797060
04-08-2016,16.72,17.15,16.51,16.93,475802
04-11-2016,16.55,16.9311,16.19,16.88,546104
04-12-2016,16.58,16.87,16.34,16.56,438689
04-13-2016,16.54,16.74,16.29,16.7,698064
04-14-2016,16.37,16.63,16.19,16.55,282904
04-15-2016,16.32,16.51,15.92,16.32,402315
04-18-2016,16.77,16.9,16.12,16.18,1074493
04-19-2016,16.3,17.1,15.99,17.03,485627
04-20-2016,16.58,16.785,16.24,16.41,449048
04-21-2016,17.16,17.17,16.4133,16.5,709993
04-22-2016,17.81,17.82,17.22,17.22,615596
04-25-2016,17.55,17.905,17.31,17.82,533250
04-26-2016,17.21,17.565,16.88,17.56,480208
04-27-2016,17.08,17.385,16.87,17.17,355707
04-28-2016,17.17,17.49,16.82,17.07,523512
04-29-2016,17.16,17.2,16.8,17.02,479119
05-02-2016,16.87,17.16,16.34,17.16,563772
05-03-2016,16.54,16.93,16.43,16.77,380976
05-04-2016,15.9,16.05,15.28,15.84,803116
05-05-2016,15.63,16.24,15.49,16.07,525821
05-06-2016,15.12,16,14.135,15.62,1216191
05-09-2016,15.92,16.1,15.2,15.48,475136
05-10-2016,16.25,16.6,15.781,16.17,447297
05-11-2016,16.18,16.79,16.13,16.13,476669
05-12-2016,16.27,16.55,15.93,16.34,577168
05-13-2016,17.28,17.47,15.99,16.15,1025923
05-16-2016,17.67,17.76,16.61,17.25,891042
05-17-2016,17.75,18.02,17.51,17.8,724933
05-18-2016,17.41,17.85,17.29,17.61,426490
05-19-2016,17.57,17.66,17,17.21,265719
05-20-2016,17.97,18.08,17.39,17.56,386476
05-23-2016,18.41,18.54,17.978,18.09,456816
05-24-2016,18.85,18.93,18.41,18.44,431239
05-25-2016,18.97,19.095,18.55,18.9,531431
05-26-2016,18.78,19.27,18.57,19.05,479278
05-27-2016,19.15,19.4375,18.81,18.85,472746
05-31-2016,19.51,19.68,18.98,19.16,486446
06-01-2016,19.62,19.7,19.09,19.44,366386
06-02-2016,19.74,19.97,19.48,19.72,398868
06-03-2016,19.53,19.8599,19.32,19.74,412732
06-06-2016,19.65,19.85,19.27,19.5,429846
06-07-2016,19.6,19.74,19.2,19.54,502024
06-08-2016,19.61,19.83,19.31,19.6,359501
06-09-2016,19.61,19.82,19.11,19.11,391125
06-10-2016,19.39,19.67,19,19.35,452001
06-13-2016,18.7,19.64,18.58,19.37,644683
06-14-2016,18.55,18.9713,18.27,18.74,529118
06-15-2016,18.57,18.93,18.28,18.69,274531
06-16-2016,18.52,18.61,18.22,18.45,317159
06-17-2016,17.82,18.96,17.76,18.44,977371
06-20-2016,18.31,18.622,17.51,17.93,820344
06-21-2016,18.34,18.4,17.868,18.34,440936
06-22-2016,18.88,19.21,18.28,18.28,451841
06-23-2016,19.12,19.16,18.61,19.1,497829
06-24-2016,18.44,18.86,17.93,18.35,2080044
06-27-2016,18.05,18.65,17.86,18.4,609538
06-28-2016,19.06,19.14,18.2501,18.35,425492
06-29-2016,19.85,19.94,19.1199,19.29,572373
06-30-2016,20.37,20.38,19.4,19.96,973240
07-01-2016,20.64,20.69,20.19,20.45,323577
07-05-2016,20.55,20.7992,20.28,20.68,360596
07-06-2016,21.58,21.64,20.51,20.62,594952
07-07-2016,20.6,21.96,20.525,21.81,936495
07-08-2016,21.11,21.2,20.51,20.81,517378
07-11-2016,21.64,21.67,21.2201,21.23,321289
07-12-2016,21.6,21.9399,21.43,21.86,479785
07-13-2016,21.65,21.89,21.52,21.59,342992
07-14-2016,21.85,22,21.296,21.7,352217
07-15-2016,21.84,22.13,21,22.02,328791
07-18-2016,20.77,21.17,20.26,20.27,978785
07-19-2016,20.95,21.22,20.501,20.86,405416
07-20-2016,20.65,21.1,20.34,21.1,444883
07-21-2016,21,21.1,20.66,20.73,464970
07-22-2016,21.03,21.21,20.8414,20.96,211178
07-25-2016,21.5,21.6,20.78,21.03,447944
07-26-2016,21.37,21.65,21.09,21.39,240289
07-27-2016,22.07,22.22,21.07,21.47,371150
07-28-2016,22.53,22.7,21.721,22.05,500310
07-29-2016,22.22,22.69,21.875,22.49,743985
08-01-2016,22.22,22.58,21.81,22.18,669437
08-02-2016,22.26,22.59,21.94,22.22,577808
08-03-2016,22.92,24,22.13,23.98,1126558
08-04-2016,22.32,23.5,22.29,23.44,656014
08-05-2016,23.11,23.22,22.26,22.51,420233
08-08-2016,23.2,23.4,22.91,23.07,456934
08-09-2016,23.18,23.42,22.75,22.96,335736
08-10-2016,22.73,23.33,22.57,23.29,287220
08-11-2016,23.35,23.48,22.53,22.78,488233
08-12-2016,22.68,23.31,22.58,23.28,547815
08-15-2016,22.7,23.03,22.58,22.69,301894
08-16-2016,22.3,22.8057,22.26,22.6,361295
08-17-2016,22.11,22.9369,22.03,22.46,308013
08-18-2016,22.09,22.18,21.68,22.05,689395
08-19-2016,22.13,22.68,21.88,22.09,689084
08-22-2016,22.24,22.466,22.09,22.28,593285
08-23-2016,22.75,22.84,22.18,22.28,338088
08-24-2016,21.86,23.18,21.73,22.81,472192
08-25-2016,21.35,22.248,20.915,21.86,663764
08-26-2016,22.07,22.11,21.37,21.46,521545
08-29-2016,21.83,22.09,21.47,22.09,287597
08-30-2016,21.87,22.14,21.64,21.78,334536
08-31-2016,21.38,21.97,21.17,21.9,365293
09-01-2016,22.03,22.12,21.37,21.47,490556
09-02-2016,21.97,22.09,21.7,22.09,315149
09-06-2016,22.19,22.6,21.8,22.11,493132
09-07-2016,22.51,22.63,22.02,22.19,409903
09-08-2016,22.65,22.78,22.38,22.59,567032
09-09-2016,21.7,22.59,21.7,22.49,643887
09-12-2016,22.55,22.58,20.8,21.51,606976
09-13-2016,22.18,22.745,21.84,22.59,521844
09-14-2016,22.57,22.68,22.23,22.34,559269
09-15-2016,24.2,24.21,22.55,22.65,1121535
09-16-2016,25.09,25.48,24.12,24.4,3535758
09-19-2016,24.91,26.3,24.83,25.47,1281386
09-20-2016,25.34,26.08,25,25.14,652205
09-21-2016,26.11,26.14,25.34,25.34,694508
09-22-2016,26.02,26.36,25.674,26.18,736758
09-23-2016,26.17,26.225,25.64,26.02,511207
09-26-2016,25.86,26.3,25.7,26.17,486616
09-27-2016,26.58,26.64,25.76,25.88,627877
09-28-2016,26.68,26.84,26,26.58,561712
09-29-2016,24.63,26.68,24.32,26.56,757313
09-30-2016,24.73,25.0779,24.5,24.73,436737
10-03-2016,23.75,24.43,22.6911,24.43,1051031
10-04-2016,23.52,24.01,23.35,23.64,493989
10-05-2016,24.18,24.36,23.52,23.52,497201
10-06-2016,23.84,24.21,23.43,24.12,601323
10-07-2016,23.78,23.99,23.38,23.87,503994
10-10-2016,24.69,24.86,24.02,24.04,425407
10-11-2016,23,26.19,22.51,26.16,2454360
10-12-2016,21.54,23.24,21.44,22.76,1356951
10-13-2016,21.96,22.28,21,21.08,1025889
10-14-2016,20.81,22.17,20.62,22.02,1031813
10-17-2016,20.69,21.24,20.64,20.72,583669
10-18-2016,20.62,21.108,20.46,20.86,563168
10-19-2016,20.71,20.99,20.56,20.71,463575
10-20-2016,20.88,21.07,20.46,20.6,341592
10-21-2016,20.83,21.12,20.45,20.8,265231
10-24-2016,20.65,21.2,20.625,21.05,308627
10-25-2016,21.05,21.29,20.53,20.65,282696
10-26-2016,20.65,21.25,20.4,21.05,306009
10-27-2016,20.35,21.05,20.25,20.75,341880
10-28-2016,20.6,20.7,19.905,20.2,405333
10-31-2016,19.8,20.795,19.7,20.45,612944
11-01-2016,20.2,20.4,19.8,19.9,404450
11-02-2016,19.75,20.5,19.725,20.2,260238
11-03-2016,18.1,20.05,18,19.8,839887
11-04-2016,17.85,18,17.25,17.95,979206
11-07-2016,18.7,18.85,18.25,18.3,705377
11-08-2016,18.95,19.15,18.25,18.4,494586
11-09-2016,20.25,21.5,19.55,19.85,1186264
11-10-2016,20.5,21.2,19.95,20.6,809924
11-11-2016,21.6,22.05,20.3303,20.35,1268470
11-14-2016,23.9,23.95,21.3,21.6,1091881
11-15-2016,24,24.55,23.3,23.85,671020
11-16-2016,23.625,24.1,23.3,23.95,459053
11-17-2016,24.7,24.75,23.5,23.5,417044
11-18-2016,22.25,24.7,22.1,24.7,1203862
11-21-2016,22.25,22.3,21.2,22.1,523648
11-22-2016,21.3,22.05,20.7,22,505606
11-23-2016,22.25,22.25,20.6,20.9,364856
11-25-2016,22.7,22.79,21.75,22.5,210934
11-28-2016,21.65,22.8,21.4,22.55,508456
11-29-2016,22.25,22.575,21.2,21.7,568550
11-30-2016,21.55,22.45,21.0415,22.25,411128
12-01-2016,21.15,21.6,20.55,21.6,515531
12-02-2016,21.8,21.8,20.7,21.25,276628
12-05-2016,22.2,22.3,21.5,21.65,312261
12-06-2016,22.95,22.95,21.8,22.45,416909
12-07-2016,22.45,22.85,21.85,22.5,610729
12-08-2016,22.3,22.4,21.6,22.3,392012
12-09-2016,23,23.2,22.45,22.5,649843
12-12-2016,23.2,23.5,22.85,22.85,461937
12-13-2016,23.15,24.5,23,23.5,477928
12-14-2016,22.8,23.2,22.25,23.2,335991
12-15-2016,23.65,23.75,22.7,22.85,412611
12-16-2016,23.75,24.4,23.7,23.85,1278245
12-19-2016,25.65,27.1,23.95,23.95,1277456
12-20-2016,26.1,27.05,25.65,25.75,735303
12-21-2016,25.45,26.4,25.3,26.25,413015
12-22-2016,24.9,25.6,24.25,25.35,598328
12-23-2016,25.6,25.64,24.8,24.95,267810
12-27-2016,25.7,25.95,25.4,25.65,250079
12-28-2016,25.05,25.9014,25,25.85,235192
12-29-2016,25.35,25.45,25.025,25.05,249319
12-30-2016,25.25,25.875,25.2,25.55,351131
01-03-2017,25.95,26.15,25.25,25.45,398552
01-04-2017,27.3,27.4,25.9,25.9,703975
01-05-2017,27.1,27.5,26.85,27.3,484655
01-06-2017,26.9,27.325,26.8,27.3,292831
01-09-2017,26.6,27.15,26.5,27.15,526451
01-10-2017,26.1,27,26,26.65,719350
01-11-2017,25.2,26.2,24.4,25.95,737007
01-12-2017,24.9,25.4,24.475,25,509798
01-13-2017,25.1,25.44,24.85,24.95,349279
01-17-2017,23.8,24.9,23.1,24.8,568135
01-18-2017,24.1,24.2,23.625,24,272230
01-19-2017,23.5,24.25,23.45,23.85,494100
01-20-2017,23.45,23.8,23.1,23.55,340824
01-23-2017,24.7,25.3,23.4,23.45,625811
01-24-2017,24.875,24.9,23.7,24.6,423252
01-25-2017,25.9,26.1,24.9,25,474577
01-26-2017,26,26.3,25.725,25.9,324620
01-27-2017,26,26.2,25.65,26.1,274030
01-30-2017,25.45,25.9144,25.25,25.75,303198
01-31-2017,27.05,27.2,25.05,25.25,479068
02-01-2017,26.7,27.95,26.6,27.2,546895
02-02-2017,26.05,26.75,25.6,26.55,432524
02-03-2017,26.75,26.775,25.35,26.25,443108
02-06-2017,25,26.575,25,26.55,614746
02-07-2017,24.65,25.3,24.5,25.1,412670
02-08-2017,25.2,25.25,24.05,24.55,371712
02-09-2017,25.75,25.75,25,25.2,376759
02-10-2017,25.8,26,25.55,25.75,347321
02-13-2017,26.2,26.3,25.9,25.9,430667
02-14-2017,26.4,26.65,26,26.3,364181
02-15-2017,26.6,26.75,26.2,26.35,316568
02-16-2017,26.2,26.75,25.6,26.55,363399
02-17-2017,26.1,26.45,25.65,26.15,363623
02-21-2017,25.85,26.8,25.4,26.3,445016
02-22-2017,25.1,26.03,25.025,25.75,302343
02-23-2017,25.35,25.35,24.65,25.1,398299
02-24-2017,25.3,25.55,24.95,24.95,231218
02-27-2017,26.65,26.81,25.15,25.35,478948
02-28-2017,25.7,26.85,25.55,26.6,457365
03-01-2017,26,26.75,24.9216,26.1,647994
03-02-2017,27.4,28,26.05,26.1,1249601
03-03-2017,28.75,29.55,27.5,27.5,1000976
03-06-2017,29.75,30.3651,28.45,29.05,899881
03-07-2017,26.4,29.45,25,29.45,2946700
03-08-2017,27.8,28.5,26.4,26.55,1022626
03-09-2017,27.35,28.079,27.05,27.85,595080
03-10-2017,26.35,27.45,26,27.35,893621
03-13-2017,27.55,28,26.24,26.25,714044
03-14-2017,27.35,27.6,26.85,27.5,317199
03-15-2017,28.5,28.65,27.2,27.4,725347
03-16-2017,27.95,28.65,27.8,28.5,348480
03-17-2017,28.9,29,27.85,27.85,903529
03-20-2017,29.9,29.95,28.725,28.9,631015
03-21-2017,28.45,29.5,28.15,29.45,672834
03-22-2017,28.45,28.75,28.05,28.5,305864
03-23-2017,28.4,28.55,27.8,28.35,512205
03-24-2017,29.95,30.2,28.46,28.65,769978
