03-28-2016,2.25,2.29,2.19,2.23,410179
03-29-2016,2.31,2.32,2.15,2.25,717958
03-30-2016,2.33,2.38,2.275,2.34,639338
03-31-2016,2.36,2.39,2.25,2.31,562791
04-01-2016,2.5,2.54,2.35,2.36,1291439
04-04-2016,2.66,2.69,2.46,2.52,995890
04-05-2016,2.58,2.7,2.53,2.7,738222
04-06-2016,2.62,2.72,2.57,2.61,979624
04-07-2016,2.52,2.69,2.46,2.6,802004
04-08-2016,2.54,2.59,2.46,2.59,685601
04-11-2016,2.34,2.59,2.31,2.57,778812
04-12-2016,2.37,2.45,2,2.3,1500734
04-13-2016,2.46,2.5,2.31,2.31,1131960
04-14-2016,2.61,2.65,2.39,2.46,1001918
04-15-2016,2.73,2.735,2.6,2.63,1631977
04-18-2016,2.59,2.72,2.58,2.67,769447
04-19-2016,2.47,2.6,2.44,2.59,788237
04-20-2016,2.51,2.57,2.4,2.45,554424
04-21-2016,2.39,2.53,2.3,2.53,1273025
04-22-2016,2.42,2.45,2.31,2.37,512950
04-25-2016,2.42,2.46,2.34,2.39,415865
04-26-2016,2.32,2.4,2.25,2.4,638627
04-27-2016,2.19,2.31,2.16,2.31,817806
04-28-2016,2.17,2.32,2.15,2.19,432291
04-29-2016,2.23,2.26,2.16,2.17,345027
05-02-2016,2.22,2.24,2.16,2.21,351118
05-03-2016,2.18,2.25,2.12,2.25,403777
05-04-2016,2,2.2,1.92,2.13,1022923
05-05-2016,1.76,2.03,1.65,1.89,1322936
05-06-2016,2.26,2.3101,1.92,2.12,2403757
05-09-2016,2.28,2.4,2.22,2.3,964627
05-10-2016,2.18,2.3,2.14,2.28,473909
05-11-2016,2.2,2.28,2.15,2.16,686687
05-12-2016,2.12,2.26,2.03,2.26,790257
05-13-2016,2.07,2.13,2.05,2.11,385866
05-16-2016,2.16,2.23,2.12,2.16,575129
05-17-2016,2.18,2.2,2.115,2.12,458484
05-18-2016,2.14,2.19,2.11,2.15,257347
05-19-2016,2.18,2.18,2.11,2.15,379451
05-20-2016,2.24,2.26,2.15,2.17,550845
05-23-2016,2.17,2.38,2.15,2.29,988125
05-24-2016,2.17,2.2,2.12,2.19,465591
05-25-2016,2.15,2.2,2.12,2.14,518511
05-26-2016,2.11,2.18,2.08,2.15,341670
05-27-2016,2.12,2.149,2.07,2.09,327056
05-31-2016,2.19,2.21,2.08,2.09,565876
06-01-2016,2.22,2.24,2.16,2.17,250489
06-02-2016,2.11,2.25,2.11,2.19,555780
06-03-2016,2.09,2.15,2.07,2.11,436613
06-06-2016,2.09,2.12,1.94,2.06,583211
06-07-2016,2,2.11,1.99,2.11,533688
06-08-2016,1.89,2.03,1.85,2.02,1126553
06-09-2016,1.81,1.9297,1.78,1.9,642368
06-10-2016,1.81,1.88,1.7601,1.81,535368
06-13-2016,1.81,1.84,1.73,1.75,855457
06-14-2016,1.7,1.82,1.66,1.81,765319
06-15-2016,1.91,1.93,1.69,1.69,840297
06-16-2016,1.87,1.94,1.81,1.94,325059
06-17-2016,1.78,1.88,1.735,1.85,596501
06-20-2016,1.8,1.86,1.75,1.78,499184
06-21-2016,1.78,1.86,1.72,1.85,557984
06-22-2016,1.85,1.85,1.72,1.77,636859
06-23-2016,1.76,1.855,1.75,1.84,867069
06-24-2016,1.7,1.8,1.65,1.75,7451535
06-27-2016,1.64,1.73,1.62,1.68,932483
06-28-2016,1.76,1.81,1.68,1.71,738543
06-29-2016,1.78,1.81,1.72,1.81,523736
06-30-2016,1.8,1.82,1.76,1.8,318546
07-01-2016,1.81,1.83,1.77,1.8,395729
07-05-2016,1.8,1.83,1.76,1.82,270997
07-06-2016,1.83,1.866,1.77,1.78,472970
07-07-2016,1.85,1.9,1.8,1.86,568664
07-08-2016,1.89,1.8999,1.83,1.85,434039
07-11-2016,1.85,1.8901,1.84,1.88,309393
07-12-2016,1.91,1.93,1.84,1.84,470287
07-13-2016,1.79,1.94,1.77,1.92,698189
07-14-2016,1.72,1.83,1.71,1.83,625179
07-15-2016,1.7,1.75,1.66,1.75,522680
07-18-2016,1.78,1.78,1.7,1.73,376861
07-19-2016,1.65,1.78,1.65,1.78,624190
07-20-2016,1.72,1.74,1.65,1.65,269406
07-21-2016,1.66,1.73,1.63,1.71,488707
07-22-2016,1.7,1.73,1.66,1.67,298441
07-25-2016,1.72,1.74,1.67,1.67,240238
07-26-2016,1.72,1.74,1.68,1.7,358806
07-27-2016,1.79,1.81,1.691,1.73,464342
07-28-2016,1.78,1.815,1.73,1.78,309719
07-29-2016,1.75,1.8,1.73,1.79,398175
08-01-2016,1.69,1.79,1.69,1.74,403637
08-02-2016,1.67,1.7125,1.62,1.68,386564
08-03-2016,1.67,1.75,1.66,1.66,292126
08-04-2016,1.68,1.71,1.65,1.7,395261
08-05-2016,1.69,1.75,1.65,1.75,415521
08-08-2016,1.68,1.71,1.65,1.71,193586
08-09-2016,1.66,1.7,1.63,1.7,388770
08-10-2016,1.62,1.67,1.62,1.63,295581
08-11-2016,1.71,1.71,1.62,1.62,269484
08-12-2016,1.72,1.72,1.68,1.68,303415
08-15-2016,1.72,1.75,1.7,1.7,296738
08-16-2016,1.67,1.72,1.62,1.72,281750
08-17-2016,1.66,1.68,1.62,1.67,276453
08-18-2016,1.69,1.71,1.641,1.68,212678
08-19-2016,1.67,1.7,1.66,1.7,231106
08-22-2016,1.69,1.71,1.67,1.68,275018
08-23-2016,1.69,1.72,1.67,1.7,262321
08-24-2016,1.6,1.71,1.6,1.67,293574
08-25-2016,1.61,1.66,1.6,1.61,230934
08-26-2016,1.61,1.64,1.56,1.59,226818
08-29-2016,1.66,1.66,1.6184,1.62,175730
08-30-2016,1.64,1.7,1.61,1.64,156163
08-31-2016,1.64,1.65,1.6,1.64,144636
09-01-2016,1.59,1.65,1.5796,1.65,181594
09-02-2016,1.58,1.64,1.52,1.59,353311
09-06-2016,1.63,1.67,1.5985,1.6,176626
09-07-2016,1.69,1.7,1.61,1.61,261327
09-08-2016,1.71,1.74,1.66,1.7,338840
09-09-2016,1.63,1.7001,1.58,1.66,547975
09-12-2016,1.65,1.66,1.6,1.62,371964
09-13-2016,1.57,1.66,1.57,1.64,313287
09-14-2016,1.68,1.69,1.59,1.6,519868
09-15-2016,1.68,1.71,1.66,1.66,298276
09-16-2016,1.75,1.76,1.67,1.69,551791
09-19-2016,1.71,1.75,1.69,1.75,208277
09-20-2016,1.7,1.73,1.62,1.7,226290
09-21-2016,1.75,1.75,1.68,1.7,262141
09-22-2016,1.77,1.77,1.73,1.77,345503
09-23-2016,1.75,1.78,1.75,1.78,199126
09-26-2016,1.72,1.77,1.71,1.75,149936
09-27-2016,1.84,1.86,1.7,1.73,778057
09-28-2016,1.82,1.9,1.78,1.86,383170
09-29-2016,1.77,1.86,1.76,1.86,260725
09-30-2016,1.72,1.77,1.71,1.76,485953
10-03-2016,1.66,1.75,1.66,1.73,262010
10-04-2016,1.67,1.7,1.66,1.67,271576
10-05-2016,1.77,1.78,1.67,1.7,391429
10-06-2016,1.7,1.85,1.69,1.8,996330
10-07-2016,1.71,1.72,1.66,1.7,301758
10-10-2016,1.75,1.75,1.69,1.75,272463
10-11-2016,1.67,1.74,1.66,1.74,232572
10-12-2016,1.66,1.74,1.64,1.67,298361
10-13-2016,1.63,1.68,1.63,1.66,270873
10-14-2016,1.58,1.65,1.58,1.65,385723
10-17-2016,1.6,1.62,1.58,1.58,324956
10-18-2016,1.59,1.63,1.53,1.61,282607
10-19-2016,1.54,1.6,1.51,1.58,302558
10-20-2016,1.6,1.6,1.52,1.54,198569
10-21-2016,1.6,1.63,1.55,1.58,191438
10-24-2016,1.57,1.62,1.55,1.62,137235
10-25-2016,1.51,1.6,1.51,1.57,192418
10-26-2016,1.5,1.53,1.5,1.51,322680
10-27-2016,1.39,1.53,1.37,1.52,533161
10-28-2016,1.36,1.41,1.24,1.41,693643
10-31-2016,1.4,1.4,1.32,1.37,153136
11-01-2016,1.31,1.45,1.27,1.45,362415
11-02-2016,1.25,1.36,1.25,1.28,298045
11-03-2016,1.23,1.28,1.23,1.27,304158
11-04-2016,1.17,1.34,1.15,1.15,707871
11-07-2016,1.33,1.33,1.18,1.18,596369
11-08-2016,1.3,1.32,1.26,1.28,295734
11-09-2016,1.49,1.49,1.32,1.33,1036383
11-10-2016,1.49,1.5199,1.3622,1.5,451113
11-11-2016,1.58,1.58,1.42,1.46,895200
11-14-2016,1.43,1.6,1.37,1.6,709526
11-15-2016,0.89,0.96,0.85,0.93,13260145
11-16-2016,0.899,0.931,0.88,0.9,2915527
11-17-2016,0.8639,0.91,0.851,0.91,2046160
11-18-2016,0.8851,0.8899,0.86,0.87,1682562
11-21-2016,0.8799,0.9091,0.87,0.89,1349950
11-22-2016,0.8999,0.95,0.87,0.87,3831154
11-23-2016,0.8698,0.8893,0.82,0.881,2033802
11-25-2016,0.8805,0.89,0.85,0.885,470457
11-28-2016,0.8504,0.89,0.83,0.89,1013786
11-29-2016,0.8425,0.86,0.83,0.8558,833124
11-30-2016,0.7968,0.8506,0.7732,0.8506,2005553
12-01-2016,0.76,0.82,0.76,0.82,908025
12-02-2016,0.793,0.8098,0.7349,0.76,891303
12-05-2016,0.8288,0.8298,0.7715,0.79,811182
12-06-2016,0.83,0.843,0.8112,0.83,434480
12-07-2016,0.8055,0.838,0.8021,0.83,670543
12-08-2016,0.8107,0.83,0.7788,0.8037,819108
12-09-2016,0.8703,0.88,0.81,0.81,1613107
12-12-2016,0.8543,0.88,0.84,0.88,874559
12-13-2016,0.8598,0.8806,0.84,0.8806,1196551
12-14-2016,0.859,0.87,0.8514,0.87,606127
12-15-2016,0.84,0.87,0.84,0.85,736264
12-16-2016,0.8254,0.865,0.8254,0.865,1465307
12-19-2016,0.855,0.8725,0.83,0.869,1018026
12-20-2016,0.9,0.9,0.86,0.87,1094941
12-21-2016,0.8466,0.9169,0.8465,0.915,892251
12-22-2016,0.815,0.8704,0.81,0.86,519019
12-23-2016,0.85,0.87,0.83,0.83,455964
12-27-2016,0.8257,0.85,0.82,0.84,667767
12-28-2016,0.78,0.825,0.78,0.82,1024049
12-29-2016,0.757,0.8054,0.7404,0.79,1373754
12-30-2016,0.7626,0.7838,0.74,0.74,2110171
01-03-2017,0.868,0.8785,0.7901,0.8,1407967
01-04-2017,0.8818,0.885,0.826,0.88,1241598
01-05-2017,0.8948,1.03,0.8845,0.99,4851174
01-06-2017,0.8931,0.92,0.885,0.919,594327
01-09-2017,0.8852,0.935,0.8531,0.895,1141355
01-10-2017,0.8738,0.94,0.85,0.94,841958
01-11-2017,0.87,0.89,0.82,0.89,940591
01-12-2017,0.8411,0.87,0.84,0.84,459656
01-13-2017,0.8683,0.88,0.842,0.88,450571
01-17-2017,0.8289,0.88,0.8221,0.872,590552
01-18-2017,0.82,0.8488,0.81,0.83,648248
01-19-2017,0.8226,0.87,0.8115,0.85,579799
01-20-2017,0.86,0.86,0.81,0.82,555352
01-23-2017,0.8567,0.88,0.84,0.88,562658
01-24-2017,0.8529,0.873,0.84,0.873,233305
01-25-2017,0.8405,0.8549,0.8253,0.84,411943
01-26-2017,0.8303,0.852,0.83,0.85,239130
01-27-2017,0.8317,0.859,0.826,0.85,297535
01-30-2017,0.8269,0.8451,0.815,0.8451,368968
01-31-2017,0.848,0.848,0.815,0.815,519704
02-01-2017,0.8156,0.86,0.815,0.857,613591
02-02-2017,0.837,0.85,0.82,0.85,304720
02-03-2017,0.85,0.85,0.8122,0.84,434800
02-06-2017,0.8511,0.88,0.84,0.857,543452
02-07-2017,0.8543,0.865,0.848,0.85,266572
02-08-2017,0.83,0.85,0.82,0.85,489139
02-09-2017,0.8534,0.8596,0.82,0.8491,340241
02-10-2017,0.8492,0.878,0.842,0.85,383949
02-13-2017,0.85,0.872,0.843,0.852,865242
02-14-2017,0.8223,0.8549,0.82,0.85,678701
02-15-2017,0.8244,0.8276,0.8,0.823,460732
02-16-2017,0.8049,0.8269,0.8022,0.8269,259940
02-17-2017,0.8062,0.84,0.79,0.84,396331
02-21-2017,0.7934,0.8295,0.79,0.82,486207
02-22-2017,0.7726,0.8055,0.7501,0.8,865352
02-23-2017,0.7419,0.78,0.7374,0.78,469519
02-24-2017,0.7506,0.7652,0.732,0.7652,370069
02-27-2017,0.8014,0.806,0.754242,0.765,880525
02-28-2017,0.79,0.801,0.761,0.795,428970
03-01-2017,0.8001,0.8014,0.7683,0.8,349481
03-02-2017,0.7854,0.8033,0.7724,0.8,639967
03-03-2017,0.7649,0.8035,0.7502,0.8025,954855
03-06-2017,0.762,0.8078,0.751,0.7779,690134
03-07-2017,0.75,0.79,0.7245,0.79,662864
03-08-2017,0.7618,0.77,0.7304,0.77,275462
03-09-2017,0.7555,0.77,0.74,0.77,286695
03-10-2017,0.7702,0.801,0.7501,0.765,365921
03-13-2017,0.7699,0.7752,0.7501,0.76,224620
03-14-2017,0.7522,0.7752,0.7451,0.77,388048
03-15-2017,0.7469,0.8015,0.735,0.7752,783568
03-16-2017,0.78,0.7899,0.7477,0.7842,322190
03-17-2017,0.7706,0.78,0.74,0.74,2378085
03-20-2017,0.7482,0.77,0.7371,0.7663,356000
03-21-2017,0.7001,0.75,0.69,0.74,987569
03-22-2017,0.7015,0.721,0.69,0.71,431519
03-23-2017,0.7174,0.7213,0.7012,0.72,192335
03-24-2017,0.7,0.7243,0.69,0.721,351770
