03-28-2016,17.31,17.52,16.76,17.18,131784
03-29-2016,18.11,18.19,16.71,17.16,153705
03-30-2016,18.42,18.7464,18.06,18.2,290187
03-31-2016,18.8,19,18.16,18.47,308485
04-01-2016,19.69,19.75,18.47,18.47,367435
04-04-2016,20.43,20.7,19.29,19.64,585916
04-05-2016,20.31,20.8,20.16,20.43,208081
04-06-2016,20.83,20.89,20.28,20.28,317607
04-07-2016,20.9,21.12,20.5,20.68,209677
04-08-2016,20.98,21.18,20.52,21.18,163024
04-11-2016,21.92,22.2,20.97,21.34,248905
04-12-2016,21.335,22.03,20.57,21.75,280303
04-13-2016,22.04,22.24,20.95,21.52,194979
04-14-2016,22.35,22.49,21.815,22.02,142173
04-15-2016,22.44,22.8,22.19,22.19,144108
04-18-2016,23.19,23.2307,22.23,22.49,178292
04-19-2016,22.84,23.41,22.56,23.32,216802
04-20-2016,23.38,23.6,22.6,23.06,191351
04-21-2016,24.08,24.5699,23.37,23.43,178779
04-22-2016,24.2,24.76,23.74,24.01,151340
04-25-2016,24.12,24.4666,23.5,24.31,131672
04-26-2016,23.8,24.07,23.24,24.07,170705
04-27-2016,23.57,24.22,22.77,23.72,108771
04-28-2016,21.16,22.95,21.05,22.95,384453
04-29-2016,20.75,22.33,20.21,22.33,2293491
05-02-2016,21.2,21.3,20.0601,20.78,506663
05-03-2016,19.7,21.07,19.67,21.02,408135
05-04-2016,19.32,20.03,19.18,19.71,333031
05-05-2016,18.31,19.22,18.09,18.75,484537
05-06-2016,17.95,18.86,17.77,18.2,561502
05-09-2016,18.63,18.8199,17.5,17.97,309726
05-10-2016,18.86,19.42,15,17.25,869218
05-11-2016,18.1,18.99,18.01,18.76,315220
05-12-2016,17.45,18.65,17.25,18.45,290516
05-13-2016,17.56,18.17,17.23,17.39,303656
05-16-2016,18.14,18.74,17.71,17.71,219476
05-17-2016,17.84,18.68,17.76,18.14,224454
05-18-2016,18.995,19,17.61,17.67,318273
05-19-2016,19.4,19.5,18.365,18.79,394136
05-20-2016,20.55,20.72,18.91,19.4,479070
05-23-2016,20.83,21.695,20.23,20.47,361865
05-24-2016,21.47,21.61,20.95,21.08,238014
05-25-2016,22.17,22.24,21.26,21.51,340463
05-26-2016,22.3,22.5,21.8625,22.04,354578
05-27-2016,22.75,22.98,21.89,22.26,239779
05-31-2016,23,23.05,22.46,22.81,1085776
06-01-2016,22.96,23.4,22.66,22.8,232853
06-02-2016,23.67,23.94,23.02,23.02,210307
06-03-2016,23.29,23.935,23.03,23.7,141857
06-06-2016,23.83,23.99,22.7,23.42,195561
06-07-2016,23.29,23.945,23.13,23.65,129604
06-08-2016,23.54,23.7,22.82,23.47,132367
06-09-2016,23.36,23.85,23.155,23.41,229643
06-10-2016,22.68,23.18,22.04,23,185904
06-13-2016,22.35,23.28,22.3,22.57,165887
06-14-2016,22.37,22.49,21.33,22.35,257888
06-15-2016,22.8,23.42,22.44,22.65,488590
06-16-2016,22.51,22.61,21.92,22.61,124881
06-17-2016,21.82,22.66,21.51,22.59,500637
06-20-2016,22.88,23.03,22.26,22.46,305096
06-21-2016,23.15,23.355,21.79,23.11,489407
06-22-2016,22.89,23.72,22.32,23.12,380568
06-23-2016,23.06,23.53,22.76,23.53,293190
06-24-2016,22.58,22.87,22.1,22.11,1366843
06-27-2016,21.71,22.54,21.3,22.43,216947
06-28-2016,22.85,22.98,21.79,21.96,217259
06-29-2016,22.88,23.12,22.74,23.12,135953
06-30-2016,22.69,22.97,21.375,22.88,312337
07-01-2016,22.98,23.15,22.58,22.58,441800
07-05-2016,22.77,23.2799,22.46,22.88,132776
07-06-2016,22.95,23.02,22.34,22.59,221582
07-07-2016,23,23.04,22.76,23.04,451890
07-08-2016,23.46,23.63,22.8,23.17,716660
07-11-2016,23.66,23.99,23.45,23.65,181213
07-12-2016,23.92,24.16,23.45,23.89,185462
07-13-2016,23.33,24.21,23.19,24.05,132229
07-14-2016,23.3,23.58,22.8,23.58,119367
07-15-2016,23.55,23.84,22.9609,23.47,163357
07-18-2016,23.32,23.6,22.99,23.6,127453
07-19-2016,22.26,23.55,22.17,23.32,158963
07-20-2016,22.67,22.91,21.97,22.41,127734
07-21-2016,22.26,23.06,22,22.75,157284
07-22-2016,22.92,22.96,22.13,22.27,231821
07-25-2016,22.59,23.245,22.55,22.91,118328
07-26-2016,22.84,22.92,22.4,22.56,144012
07-27-2016,24.09,24.15,22.91,22.91,193792
07-28-2016,24.37,24.5,23.82,24.07,134815
07-29-2016,25.51,25.59,24.18,24.23,286783
08-01-2016,26.4,26.485,24.965,25.56,330715
08-02-2016,27.26,27.5899,26.4,26.46,305891
08-03-2016,24.62,26.79,24.26,26.3,603073
08-04-2016,24.14,25.22,24.09,24.71,256207
08-05-2016,25.38,25.5,23.86,24.34,197346
08-08-2016,25.44,25.55,25.13,25.55,146956
08-09-2016,26.15,26.35,24.72,25.44,199644
08-10-2016,25.44,26.43,23.801,26.17,126091
08-11-2016,25.96,26.01,24.9334,25.52,254133
08-12-2016,26.96,27,25.83,25.97,361252
08-15-2016,27.95,28.06,26.73,26.98,326468
08-16-2016,27.51,28.41,27.44,27.99,125654
08-17-2016,27.99,28.06,27.03,27.59,114864
08-18-2016,28.5,28.74,27.8678,27.95,128047
08-19-2016,27.89,28.4,27.78,28.38,100066
08-22-2016,27.05,28.06,26.68,27.89,264426
08-23-2016,27.98,28.1,27.05,27.17,159448
08-24-2016,27.63,28.7,26.9,27.78,334834
08-25-2016,28.17,28.34,27.37,27.55,213295
08-26-2016,28.18,28.75,27.76,28.1,159664
08-29-2016,28.82,28.99,28.19,28.67,198194
08-30-2016,28.37,29,28.29,28.88,116139
08-31-2016,28.36,28.66,27.6201,28.32,228625
09-01-2016,28.86,29.15,28.26,28.26,221527
09-02-2016,28.85,29.205,28.44,29.05,138339
09-06-2016,29.67,30,28.84,28.85,151558
09-07-2016,29.35,29.81,29.08,29.49,136688
09-08-2016,31.16,31.24,29.22,29.22,187728
09-09-2016,30.35,31.23,30.3,30.85,233504
09-12-2016,31.1,31.15,29.99,30.28,226331
09-13-2016,30.11,31.125,29.51,30.76,153140
09-14-2016,31.69,31.96,30.12,30.12,199012
09-15-2016,32.22,32.24,31.45,31.58,158788
09-16-2016,33,33.32,32.05,32.38,432451
09-19-2016,33.67,33.69,32.85,33.37,143689
09-20-2016,35.02,35.22,33.565,33.75,223781
09-21-2016,35.54,35.5999,34.35,35.39,202294
09-22-2016,36.58,36.67,35.2,35.7,248423
09-23-2016,35.79,36.58,35.51,36.36,144295
09-26-2016,35.78,36.1,35.1124,35.73,155540
09-27-2016,36.97,36.98,35.45,35.74,146931
09-28-2016,36.91,37.1407,36,37,239377
09-29-2016,35.18,36.78,35.04,36.65,592639
09-30-2016,36.24,36.48,34.57,35.22,431267
10-03-2016,36.89,36.93,35.15,36.2,344209
10-04-2016,36.3,36.88,35.83,36.88,179524
10-05-2016,37.38,37.46,36.07,36.61,158024
10-06-2016,36.35,37.2,35.82,37.2,189017
10-07-2016,36.73,36.94,35.61,36.29,220361
10-10-2016,38.58,38.9197,36.92,36.92,303733
10-11-2016,37.44,38.53,36.6,38.25,184348
10-12-2016,31.51,36.2,31.5,36.2,1083200
10-13-2016,31.86,32.39,30.41,31.02,582263
10-14-2016,29.03,32.87,29.02,31.97,685248
10-17-2016,29.76,30.679,28.39,29.13,340378
10-18-2016,30.56,31.27,29.86,30.04,383997
10-19-2016,32.01,32.24,30.14,30.55,257689
10-20-2016,32.8,33.31,31.37,31.78,381122
10-21-2016,33.54,34.16,32.63,32.9,327057
10-24-2016,32.82,33.93,32.14,33.93,162609
10-25-2016,33.01,33.09,32.624,32.75,132314
10-26-2016,32.98,33.45,32.47,33.08,194568
10-27-2016,26.55,29.82,26.465,29.82,3050205
10-28-2016,25.42,25.8,24.76,25.63,3866409
10-31-2016,25.13,25.63,25,25.24,593398
11-01-2016,25.38,25.5,25.02,25.35,504852
11-02-2016,25.1,25.55,25.06,25.33,400174
11-03-2016,24.57,26.05,24.54,25.87,390190
11-04-2016,24.95,25.38,24.54,24.57,637316
11-07-2016,25.82,25.89,25.12,25.5,697384
11-08-2016,26.15,26.18,25.2,25.2,647826
11-09-2016,30.37,31.41,26.87,27.24,1650869
11-10-2016,31.25,31.99,30.175,31,996285
11-11-2016,34.11,34.6699,30.79,30.94,724998
11-14-2016,35.57,35.75,33.97,34.48,537105
11-15-2016,35.73,36.74,35.27,35.33,441505
11-16-2016,33.58,35.9,33.26,35.43,424969
11-17-2016,32.89,34.49,32.77,33.89,379075
11-18-2016,31.96,33.03,31,33.03,528053
11-21-2016,30.53,32.2,30.3,31.98,313300
11-22-2016,28.91,30.7,28.11,30.39,811702
11-23-2016,29.27,29.4579,27.73,28.57,190044
11-25-2016,29.69,29.74,28.475,29.27,180121
11-28-2016,28.42,29.46,28.12,29.46,318258
11-29-2016,27.6,28.69,27.2,28.22,444855
11-30-2016,27.84,28.43,27,28.02,311885
12-01-2016,27.42,27.935,26.41,27.82,908972
12-02-2016,28.62,28.84,26.8,27.45,235463
12-05-2016,29.04,29.41,28.51,28.55,287356
12-06-2016,30.51,30.66,28.79,29.41,331580
12-07-2016,29.13,30.86,28.61,30.05,376550
12-08-2016,30.36,30.41,28.415,29.03,267524
12-09-2016,30.84,32.36,29.836,30.61,342663
12-12-2016,31.13,31.275,29.74,30.7,437384
12-13-2016,31.71,31.88,31.02,31.42,374548
12-14-2016,30.95,31.89,29.37,31.64,743345
12-15-2016,31.45,31.84,30.78,31.1,338887
12-16-2016,31.84,32.22,31.33,31.5,820021
12-19-2016,31.23,32.825,30.91,31.93,224029
12-20-2016,31.55,32.03,31.3,31.5,141382
12-21-2016,31.39,32.33,31.34,32.33,121425
12-22-2016,30.84,31.73,30.617,31.4,104700
12-23-2016,32.41,32.56,30.97,30.97,117128
12-27-2016,32.35,32.9799,32.26,32.63,115042
12-28-2016,31.61,32.49,31.34,32.44,125221
12-29-2016,31.61,31.91,31.19,31.63,162832
12-30-2016,31.88,32.14,31.62,31.9,172735
01-03-2017,32.5,32.8,31.5,32.31,236204
01-04-2017,33.36,33.625,32.435,32.61,306217
01-05-2017,32.83,33.71,32.36,33.4,581284
01-06-2017,32.95,33.61,32.725,33.19,230136
01-09-2017,33.43,33.84,32.38,33.34,471306
01-10-2017,34.38,34.55,33.28,33.59,201229
01-11-2017,33.03,34.53,31.51,34.47,309983
01-12-2017,33.04,33.28,32.085,32.71,232084
01-13-2017,32.98,34.3,32.79,33.52,296912
01-17-2017,31.65,32.795,31.37,32.79,226254
01-18-2017,31.98,32.13,31.09,31.59,305082
01-19-2017,31.19,32.05,31.07,32.03,121298
01-20-2017,31.01,31.58,30.44,31.24,231864
01-23-2017,30.01,31.29,29.95,30.96,176269
01-24-2017,29.01,30.48,28.4,30.07,398926
01-25-2017,29.44,29.58,28.48,29.39,202674
01-26-2017,28.9,29.5055,28.59,29.4,137413
01-27-2017,29.06,29.12,28.01,28.05,149100
01-30-2017,28.28,28.95,27.9,28.89,184096
01-31-2017,29.96,30.19,27.8,28.05,457688
02-01-2017,29.91,30.095,28.79,30.05,284467
02-02-2017,30.3,30.7,29.555,29.73,151670
02-03-2017,31.33,31.48,29.875,30.53,177329
02-06-2017,31.24,31.65,30.8,31.28,145501
02-07-2017,30.63,31.3,30.12,31.3,158117
02-08-2017,30.6,31.12,30.23,30.42,124765
02-09-2017,31.86,32.02,30.63,30.63,166873
02-10-2017,32.02,32.42,31.94,32.09,95550
02-13-2017,32.29,32.54,31.66,32.27,175855
02-14-2017,32.26,32.48,32.01,32.15,133267
02-15-2017,32.97,33.05,31.79,32.18,211532
02-16-2017,32.4,33.36,31.89,33.1,167540
02-17-2017,33.78,33.91,32.35,33.8199,272735
02-21-2017,31.55,33.78,30.95,33.78,421245
02-22-2017,30.81,32.02,30.39,31.38,221054
02-23-2017,30.23,30.99,29.49,30.89,221017
02-24-2017,30.33,30.64,29.88,29.88,178869
02-27-2017,31.99,32.17,30.32,30.32,280722
02-28-2017,30.62,31,29.03,29.78,512643
03-01-2017,32.18,32.28,30.63,31.15,334474
03-02-2017,31.45,32.52,30.86,31.91,322212
03-03-2017,32.12,32.33,31.28,31.28,258700
03-06-2017,31.33,32.01,31.24,31.87,248037
03-07-2017,30.46,31.36,30.34,30.94,161137
03-08-2017,30.77,31.79,30.17,30.45,148027
03-09-2017,30.85,31.25,30.03,30.71,199222
03-10-2017,31.28,31.72,30.69,31.13,245686
03-13-2017,31.06,31.7,30.87,31.19,156004
03-14-2017,30.19,30.87,29.88,30.77,119236
03-15-2017,31.49,31.61,30.16,30.3,151238
03-16-2017,31.65,31.8,31.075,31.41,167457
03-17-2017,32.79,32.89,30.54,31.27,495580
03-20-2017,33.73,33.76,32.51,32.74,183951
03-21-2017,31.86,34.1643,31.82,33.89,298570
03-22-2017,32.76,33.02,31.49,32.01,225269
03-23-2017,33.35,33.57,32.35,32.81,221253
03-24-2017,33.76,33.96,33.33,33.45,129600
