03-28-2016,2.09,2.1,2.04,2.09,25631
03-29-2016,2.03,2.1,2.03,2.1,18394
03-30-2016,2.06,2.1,2.03,2.0301,8759
03-31-2016,2.05,2.1,2.05,2.06,11721
04-01-2016,2.02,2.04,2,2.03,22908
04-04-2016,2.1,2.12,2.02,2.02,14835
04-05-2016,2.23,2.29,2.1,2.1,45003
04-06-2016,2.3,2.3499,2.22,2.22,18988
04-07-2016,2.29,2.31,2.29,2.3,11067
04-08-2016,2.32,2.36,2.27,2.36,29273
04-11-2016,2.5199,2.55,2.29,2.3,60529
04-12-2016,2.5959,2.61,2.505,2.53,25455
04-13-2016,2.77,2.8,2.645,2.67,46459
04-14-2016,2.7403,2.94,2.73,2.78,54406
04-15-2016,2.71,2.78,2.68,2.78,13797
04-18-2016,2.79,2.86,2.6901,2.7613,33627
04-19-2016,2.8,2.91,2.725,2.83,30973
04-20-2016,2.78,2.85,2.75,2.78,22912
04-21-2016,2.84,2.84,2.7301,2.7617,37698
04-22-2016,2.8,2.88,2.8,2.84,18383
04-25-2016,2.8273,2.84,2.81,2.84,8263
04-26-2016,2.79,2.835,2.78,2.8201,13812
04-27-2016,2.78,2.81,2.75,2.81,9931
04-28-2016,2.74,2.8199,2.74,2.78,18925
04-29-2016,2.72,2.7899,2.7,2.71,25705
05-02-2016,2.77,2.84,2.66,2.7,45063
05-03-2016,2.78,2.79,2.75,2.75,5114
05-04-2016,2.758,2.79,2.75,2.79,7729
05-05-2016,2.5,2.74,2.47,2.74,61286
05-06-2016,2.52,2.55,2.503,2.503,4213
05-09-2016,2.56,2.56,2.5,2.55,4695
05-10-2016,2.67,2.72,2.59,2.72,3343
05-11-2016,2.71,2.75,2.66,2.67,26773
05-12-2016,2.65,2.74,2.65,2.73,23360
05-13-2016,2.67,2.7,2.65,2.69,8968
05-16-2016,2.69,2.7,2.6301,2.64,5882
05-17-2016,2.62,2.7,2.62,2.69,9826
05-18-2016,2.68,2.69,2.615,2.6687,2264
05-19-2016,2.69,2.73,2.69,2.69,4863
05-20-2016,2.69,2.75,2.67,2.72,11033
05-23-2016,2.62,2.75,2.62,2.7082,14239
05-24-2016,2.61,2.65,2.6,2.62,9859
05-25-2016,2.55,2.7099,2.53,2.63,47790
05-26-2016,2.4901,2.55,2.46,2.55,30674
05-27-2016,2.52,2.62,2.5,2.5,22389
05-31-2016,2.52,2.59,2.49,2.53,22204
06-01-2016,2.59,2.59,2.51,2.51,7309
06-02-2016,2.57,2.6,2.489,2.489,9253
06-03-2016,2.6,2.74,2.53,2.53,19617
06-06-2016,2.52,2.72,2.52,2.55,15201
06-07-2016,2.62,2.7,2.4792,2.6999,7483
06-08-2016,2.67,2.67,2.5,2.62,11586
06-09-2016,2.6,2.6799,2.569,2.62,18300
06-10-2016,2.58,2.61,2.56,2.56,3430
06-13-2016,2.58,2.62,2.5301,2.5444,4875
06-14-2016,2.61,2.68,2.5401,2.5401,3200
06-15-2016,2.61,2.69,2.6,2.63,13765
06-16-2016,2.67,2.68,2.64,2.6699,4461
06-17-2016,2.68,2.7,2.615,2.67,61018
06-20-2016,2.71,2.78,2.6999,2.6999,8009
06-21-2016,2.71,2.725,2.7,2.71,9739
06-22-2016,2.65,2.71,2.56,2.7,15688
06-23-2016,2.56,2.7,2.45,2.64,18683
06-24-2016,2.55,2.58,2.4745,2.55,10251
06-27-2016,2.47,2.48,2.3,2.47,11412
06-28-2016,2.41,2.58,2.36,2.44,30296
06-29-2016,2.62,2.69,2.5,2.69,15850
06-30-2016,2.56,2.72,2.56,2.7,119973
07-01-2016,2.71,2.71,2.5101,2.5101,7066
07-05-2016,2.6999,2.7197,2.65,2.7,156095
07-06-2016,2.68,2.73,2.65,2.7,28883
07-07-2016,2.71,2.74,2.65,2.7001,22304
07-08-2016,2.7,2.74,2.68,2.72,70548
07-11-2016,2.72,2.76,2.67,2.6987,12527
07-12-2016,2.73,2.7499,2.6601,2.68,35555
07-13-2016,2.67,2.77,2.67,2.73,38739
07-14-2016,2.65,2.76,2.65,2.68,20800
07-15-2016,2.62,2.719,2.62,2.719,3152
07-18-2016,2.64,2.7,2.61,2.61,3630
07-19-2016,2.6,2.67,2.6,2.6,23795
07-20-2016,2.56,2.63,2.55,2.6,16216
07-21-2016,2.6,2.6092,2.55,2.55,10579
07-22-2016,2.58,2.62,2.5,2.55,19615
07-25-2016,2.55,2.59,2.5,2.55,9256
07-26-2016,2.455,2.56,2.4,2.5262,15346
07-27-2016,2.52,2.66,2.45,2.54,39218
07-28-2016,2.41,2.58,2.39,2.53,26198
07-29-2016,2.46,2.55,2.337,2.45,37628
08-01-2016,2.48,2.558,2.413,2.42,23007
08-02-2016,2.64,2.65,2.5101,2.62,24221
08-03-2016,2.6,2.64,2.58,2.64,13180
08-04-2016,2.59,2.62,2.58,2.62,3896
08-05-2016,2.61,2.6399,2.56,2.6399,10717
08-08-2016,2.4901,2.56,2.4499,2.45,75290
08-09-2016,2.479,2.51,2.47,2.501,22886
08-10-2016,2.48,2.51,2.45,2.46,10508
08-11-2016,2.4675,2.5,2.45,2.45,5435
08-12-2016,2.38,2.54,2.351,2.54,21695
08-15-2016,2.34,2.65,2.34,2.37,103866
08-16-2016,2.4,2.42,2.34,2.36,23952
08-17-2016,2.41,2.41,2.35,2.4,25648
08-18-2016,2.41,2.42,2.38,2.399,11971
08-19-2016,2.48,2.5,2.446,2.5,27302
08-22-2016,2.43,2.49,2.43,2.48,18996
08-23-2016,2.4,2.44,2.35,2.43,39982
08-24-2016,2.45,2.49,2.351,2.36,2298
08-25-2016,2.3899,2.46,2.35,2.44,6670
08-26-2016,2.35,2.41,2.34,2.37,36490
08-29-2016,2.37,2.4,2.34,2.34,26920
08-30-2016,2.34,2.4,2.31,2.4,11788
08-31-2016,2.33,2.3355,2.31,2.32,9084
09-01-2016,2.35,2.5,2.3399,2.3399,59909
09-02-2016,2.33,2.412,2.33,2.412,29801
09-06-2016,2.32,2.39,2.31,2.31,29566
09-07-2016,2.31,2.39,2.31,2.32,33740
09-08-2016,2.3403,2.36,2.31,2.33,4573
09-09-2016,2.19,2.34,2.16,2.34,54838
09-12-2016,2.2499,2.35,2.2055,2.24,39865
09-13-2016,2.24,2.29,2.22,2.22,7095
09-14-2016,2.25,2.3,2.25,2.29,33946
09-15-2016,2.42,2.46,2.27,2.28,165388
09-16-2016,2.44,2.49,2.3701,2.3701,27638
09-19-2016,2.46,2.54,2.43,2.45,29089
09-20-2016,2.4445,2.4999,2.44,2.4999,25276
09-21-2016,2.36,2.51,2.36,2.47,57707
09-22-2016,2.37,2.4,2.32,2.36,54066
09-23-2016,2.39,2.4,2.33,2.37,28186
09-26-2016,2.3781,2.39,2.3,2.36,146957
09-27-2016,2.39,2.39,2.35,2.35,24755
09-28-2016,2.33,2.4,2.29,2.35,44554
09-29-2016,2.3174,2.355,2.3,2.3,6883
09-30-2016,2.315,2.37,2.26,2.33,30196
10-03-2016,2.3,2.33,2.29,2.33,12766
10-04-2016,2.39,2.4,2.29,2.29,110304
10-05-2016,2.11,2.4285,2.04,2.39,1220166
10-06-2016,2.15,2.18,2.05,2.05,211495
10-07-2016,2.18,2.209,2.1,2.15,101199
10-10-2016,2,2.1602,2,2.1602,118365
10-11-2016,2.09,2.1,2.0135,2.02,51772
10-12-2016,2.06,2.09,2.02,2.07,47036
10-13-2016,1.94,2.05,1.92,2.03,85108
10-14-2016,1.99,2,1.95,1.95,20531
10-17-2016,1.97,1.98,1.93,1.98,25805
10-18-2016,1.88,2,1.85,1.99,85715
10-19-2016,1.83,1.91,1.75,1.91,147852
10-20-2016,1.89,1.91,1.77,1.81,75306
10-21-2016,1.87,1.94,1.85,1.87,45909
10-24-2016,1.89,1.92,1.8128,1.9,20896
10-25-2016,1.84,1.88,1.81,1.88,37662
10-26-2016,1.8114,1.85,1.81,1.8214,31295
10-27-2016,1.73,1.85,1.72,1.8,57759
10-28-2016,1.6038,1.77,1.58,1.72,172804
10-31-2016,1.59,1.63,1.54,1.6,80111
11-01-2016,1.5586,1.642,1.5,1.6,110410
11-02-2016,1.51,1.58,1.51,1.56,51993
11-03-2016,1.41,1.55,1.4,1.55,170810
11-04-2016,1.42,1.49,1.42,1.42,134513
11-07-2016,1.37,1.45,1.37,1.42,58451
11-08-2016,1.38,1.4,1.3406,1.38,41972
11-09-2016,1.49,1.51,1.39,1.39,109270
11-10-2016,1.57,1.58,1.46,1.48,54137
11-11-2016,1.56,1.66,1.5,1.57,162458
11-14-2016,1.4322,1.55,1.41,1.55,106119
11-15-2016,1.32,1.46,1.27,1.45,424002
11-16-2016,1.38,1.49,1.21,1.34,135934
11-17-2016,1.44,1.49,1.34,1.36,169323
11-18-2016,1.55,1.65,1.44,1.48,394737
11-21-2016,1.5,1.5867,1.365,1.4,176907
11-22-2016,1.68,1.7,1.5,1.5,86416
11-23-2016,1.75,1.81,1.7,1.7,130609
11-25-2016,1.74,1.76,1.66,1.75,56417
11-28-2016,1.77,1.82,1.72,1.72,82334
11-29-2016,1.88,1.89,1.76,1.78,146941
11-30-2016,1.93,2.08,1.71,1.89,366031
12-01-2016,1.94,2.0513,1.89,1.99,335018
12-02-2016,1.92,1.99,1.87,1.9001,102244
12-05-2016,1.96,1.9799,1.89,1.91,77281
12-06-2016,1.92,1.95,1.9,1.95,55165
12-07-2016,1.95,1.95,1.88,1.94,103420
12-08-2016,1.98,1.99,1.93,1.93,86599
12-09-2016,1.96,2,1.95,1.98,85446
12-12-2016,1.97,2,1.94,1.95,138272
12-13-2016,1.99,2.1,1.95,1.96,195261
12-14-2016,1.99,2.045,1.97,1.99,136976
12-15-2016,2.07,2.1,1.981,1.99,241817
12-16-2016,2.06,2.1,2.02,2.07,87378
12-19-2016,2.03,2.07,2.03,2.06,161803
12-20-2016,2.05,2.09,1.98,2.03,139281
12-21-2016,2.05,2.11,2.02,2.05,91588
12-22-2016,2.02,2.07,1.95,2.07,155205
12-23-2016,2.03,2.07,1.9809,1.9809,149503
12-27-2016,2.03,2.0392,2,2,116591
12-28-2016,1.93,2.05,1.89,2.02,575710
12-29-2016,1.97,2.02,1.93,1.96,162247
12-30-2016,1.95,2.05,1.93,2,226901
01-03-2017,2.31,2.31,1.9845,2,781082
01-04-2017,2.32,2.43,2.2,2.3,690662
01-05-2017,2.28,2.3872,2.22,2.3,169826
01-06-2017,2.28,2.35,2.25,2.26,199972
01-09-2017,2.35,2.44,2.32,2.33,484452
01-10-2017,2.18,2.47,2.0816,2.37,654423
01-11-2017,2.09,2.25,2.08,2.23,411510
01-12-2017,2.03,2.13,1.98,2.07,704241
01-13-2017,2.07,2.15,2.03,2.06,615232
01-17-2017,2.29,2.56,2.15,2.15,3232734
01-18-2017,2.48,2.49,2.34,2.35,651368
01-19-2017,2.38,2.65,2.25,2.49,1298674
01-20-2017,2.5,2.54,2.3,2.37,293677
01-23-2017,2.3,2.5462,2.28,2.51,719389
01-24-2017,2.16,2.38,2.07,2.32,928556
01-25-2017,2.09,2.17,2.07,2.16,865302
01-26-2017,1.81,2.1688,1.36,2.11,2842791
01-27-2017,2.16,2.22,1.75,1.81,1840450
01-30-2017,1.95,2.282,1.9101,2.25,1864119
01-31-2017,0.46,0.56,0.415,0.42,14175911
02-01-2017,0.5695,0.6,0.48,0.51,6272585
02-02-2017,0.8,0.9399,0.6003,0.61,14997708
02-03-2017,0.7094,0.9225,0.6989,0.91,7660319
02-06-2017,0.7186,0.77,0.65,0.75,3363849
02-07-2017,0.6903,0.715,0.6608,0.7,1541713
02-08-2017,0.67,0.6802,0.64,0.68,1280711
02-09-2017,0.6753,0.6999,0.65,0.66,1326470
02-10-2017,0.669,0.6799,0.645,0.6788,915809
02-13-2017,0.684,0.686,0.6512,0.6677,904021
02-14-2017,0.68,0.69,0.6716,0.69,528630
02-15-2017,0.7386,0.81,0.68,0.7,2239900
02-16-2017,0.767,0.7875,0.7,0.7386,1357233
02-17-2017,0.7538,0.7899,0.74,0.772,526826
02-21-2017,0.7866,0.8408,0.75,0.755,2848597
02-22-2017,0.7736,0.8241,0.76,0.8155,1089855
02-23-2017,0.7384,0.7803,0.7,0.7803,951698
02-24-2017,0.7385,0.75,0.7153,0.75,274538
02-27-2017,0.736,0.755,0.7,0.755,424983
02-28-2017,0.7275,0.7429,0.71,0.7358,503718
03-01-2017,0.7249,0.735,0.72,0.721,313947
03-02-2017,0.725,0.74,0.711,0.72,483391
03-03-2017,0.7148,0.7291,0.7069,0.726,376719
03-06-2017,0.69,0.72,0.6824,0.72,568643
03-07-2017,0.661,0.7,0.661,0.68,543632
03-08-2017,0.6594,0.6795,0.653,0.679,741005
03-09-2017,0.7,0.709,0.6531,0.678,792757
03-10-2017,0.7465,0.794,0.702,0.72,3390653
03-13-2017,0.7155,0.77,0.6641,0.77,1284216
03-14-2017,0.7098,0.73,0.699,0.7292,459970
03-15-2017,0.6837,0.7,0.6715,0.69,616839
03-16-2017,0.6737,0.69,0.661,0.68,573268
03-17-2017,0.6539,0.7097,0.63,0.661,1855783
03-20-2017,0.5576,0.65,0.55,0.61,1971050
03-21-2017,0.5674,0.65,0.5401,0.64,1679739
03-22-2017,0.4991,0.5785,0.4715,0.57,1155466
03-23-2017,0.515,0.5292,0.4785,0.525,309983
03-24-2017,0.4935,0.515,0.48,0.503,520606
