03-28-2016,8.25,8.43,8.14,8.37,138487
03-29-2016,8.66,8.75,8,8.2,288902
03-30-2016,8.79,9.1,8.57,8.73,460951
03-31-2016,8.52,9.03,8.47,8.82,627319
04-01-2016,8.96,9.06,8.3,8.3,352451
04-04-2016,9.13,9.35,8.88,9,298859
04-05-2016,8.94,9.29,8.9,9.04,232865
04-06-2016,9.41,9.4576,8.91,8.96,305286
04-07-2016,9.47,9.67,9.27,9.27,420442
04-08-2016,9,9.63,8.58,9.63,390998
04-11-2016,8.68,9.39,8.6,9.11,293944
04-12-2016,9.08,9.17,8.75,8.75,350341
04-13-2016,9.52,9.53,8.945,9.15,325917
04-14-2016,9.96,10.2,9.46,9.46,348962
04-15-2016,10.23,10.43,9.9,9.9,315384
04-18-2016,10.18,10.5,9.97,10.22,306985
04-19-2016,10.06,10.35,9.9,10.2,160542
04-20-2016,9.81,10.27,9.72,10.1,185295
04-21-2016,10.135,10.41,9.7618,9.8,306289
04-22-2016,10.12,10.345,10.01,10.2,218738
04-25-2016,10.1,10.145,10,10.05,198258
04-26-2016,9.64,10.29,9.56,10.2,325384
04-27-2016,9.58,9.92,9.45,9.61,316028
04-28-2016,9.42,9.869,9.3,9.5,322405
04-29-2016,9.11,9.691,9.06,9.44,275157
05-02-2016,9.28,9.29,8.75,9.15,178423
05-03-2016,8.87,9.43,8.77,9.12,245516
05-04-2016,8.57,8.9,8.4,8.75,262374
05-05-2016,8.14,8.69,8.13,8.69,345977
05-06-2016,7.98,8.43,7.83,8.05,258197
05-09-2016,8.02,8.19,7.82,7.91,287061
05-10-2016,7.84,8.17,7.62,8.16,344693
05-11-2016,7.91,8.99,7.8002,7.99,549876
05-12-2016,7.37,8.11,7.24,8,455232
05-13-2016,7.51,7.65,7.25,7.27,277865
05-16-2016,7.71,7.78,7.42,7.59,229284
05-17-2016,7.55,7.84,7.41,7.64,416371
05-18-2016,7.45,7.68,7.17,7.51,426875
05-19-2016,7.07,7.3858,6.95,7.33,826897
05-20-2016,7.68,7.71,7.12,7.12,532146
05-23-2016,7.76,7.8985,7.6,7.73,398947
05-24-2016,7.81,7.87,7.525,7.84,393598
05-25-2016,7.78,7.94,7.7,7.84,426193
05-26-2016,7.22,7.79,7.15,7.79,913112
05-27-2016,7.73,7.86,7.41,7.85,843347
05-31-2016,7.52,7.79,7.4,7.79,1117821
06-01-2016,7.72,7.78,7.35,7.49,486373
06-02-2016,8.45,8.46,7.63,7.72,712573
06-03-2016,7.91,8.58,7.89,8.4,435979
06-06-2016,8.18,8.2,7.4,7.75,537253
06-07-2016,8.08,8.4,7.86,8.3,360991
06-08-2016,7.68,8.15,7.48,8.09,529986
06-09-2016,7.39,7.83,7.36,7.62,378265
06-10-2016,7.16,7.46,7.08,7.33,421266
06-13-2016,7.02,7.29,6.99,7.17,414123
06-14-2016,7,7.19,6.8,7,845041
06-15-2016,7.01,7.22,6.82,7.07,536656
06-16-2016,7.39,7.53,6.72,7,1243329
06-17-2016,6.88,7.44,6.82,7.41,1291527
06-20-2016,7.02,7.16,6.9,6.98,304989
06-21-2016,6.69,7.05,6.67,7.03,619042
06-22-2016,6.5,6.83,6.37,6.68,567084
06-23-2016,6.72,6.78,6.43,6.57,412336
06-24-2016,6.05,6.41,6,6.2,625258
06-27-2016,6.07,6.19,5.85,6.04,510596
06-28-2016,5.97,6.32,5.96,6.16,410169
06-29-2016,6.01,6.09,5.9,6.09,540170
06-30-2016,6.06,6.08,5.8,6.01,483318
07-01-2016,6.37,6.4,6.03,6.03,361253
07-05-2016,6,6.403,5.82,6.3,501179
07-06-2016,6.02,6.215,5.94,5.97,259676
07-07-2016,6.11,6.16,5.95,6.02,304683
07-08-2016,6.16,6.255,6.06,6.14,224376
07-11-2016,6.19,6.3,6.11,6.22,243381
07-12-2016,6.2,6.37,6.15,6.24,248023
07-13-2016,6.05,6.3,5.99,6.26,204224
07-14-2016,5.97,6.1,5.92,6.1,257876
07-15-2016,5.86,6.06,5.84,5.98,337463
07-18-2016,5.94,5.98,5.61,5.85,322295
07-19-2016,5.63,5.95,5.63,5.91,186715
07-20-2016,5.93,5.96,5.61,5.65,304568
07-21-2016,6.04,6.15,5.96,5.97,266343
07-22-2016,5.83,6.07,5.77,6.04,250336
07-25-2016,5.79,5.98,5.75,5.84,135214
07-26-2016,5.85,5.99,5.68,5.79,310850
07-27-2016,6.39,6.51,5.89,5.89,534820
07-28-2016,6.31,6.5,6.13,6.34,248845
07-29-2016,5.91,6.453,5.89,6.27,420026
08-01-2016,5.79,6.055,5.67,5.98,345187
08-02-2016,5.72,5.83,5.65,5.77,448713
08-03-2016,6.07,6.07,5.65,5.69,397102
08-04-2016,5.87,6.14,5.85,6.06,148083
08-05-2016,6.02,6.07,5.85,6.01,154344
08-08-2016,5.55,5.72,5.41,5.72,635814
08-09-2016,5.56,5.6,5.49,5.5,533520
08-10-2016,5.49,5.76,5.42,5.76,379254
08-11-2016,5.73,5.75,5.46,5.51,261751
08-12-2016,6.01,6.15,5.6,5.69,380116
08-15-2016,6.01,6.11,5.8181,5.98,251790
08-16-2016,6.01,6.09,5.96,6.01,291424
08-17-2016,6.08,6.24,5.98,6.01,215391
08-18-2016,6.05,6.15,6.02,6.07,146674
08-19-2016,6.05,6.095,5.91,6.04,235270
08-22-2016,6.15,6.185,6.0401,6.06,124968
08-23-2016,6.22,6.28,6.11,6.18,145095
08-24-2016,6.79,7.35,6.4,6.4,1552266
08-25-2016,6.22,6.93,6.015,6.79,608994
08-26-2016,6.34,6.6,6.11,6.18,509931
08-29-2016,6.18,6.405,5.96,6.34,327596
08-30-2016,6.38,6.6,6.08,6.15,371110
08-31-2016,6.35,6.5,6.22,6.34,337726
09-01-2016,6.51,6.53,6.3,6.35,217118
09-02-2016,6.53,6.6,6.44,6.58,179226
09-06-2016,6.66,6.83,6.58,6.58,253927
09-07-2016,6.82,6.87,6.55,6.59,185506
09-08-2016,7.06,7.08,6.625,6.7,358847
09-09-2016,6.64,7.1,6.64,6.96,364017
09-12-2016,6.9,6.91,6.5,6.51,186730
09-13-2016,6.85,6.92,6.62,6.86,198090
09-14-2016,7,7.06,6.85,6.87,224470
09-15-2016,7.28,7.41,6.92,7.02,470596
09-16-2016,7.29,7.49,7.1401,7.49,466643
09-19-2016,7.65,7.71,7.23,7.32,432388
09-20-2016,7.44,7.74,7.41,7.74,441522
09-21-2016,7.72,7.76,7.4001,7.5,319463
09-22-2016,7.66,7.9,7.57,7.79,241050
09-23-2016,7.66,7.89,7.56,7.68,244999
09-26-2016,7.7,7.76,7.58,7.61,214484
09-27-2016,7.98,8.06,7.565,7.68,238323
09-28-2016,7.9,8.19,7.77,7.98,284087
09-29-2016,7.47,7.92,7.445,7.92,229999
09-30-2016,7.74,7.87,7.3401,7.52,245229
10-03-2016,7.8,7.82,7.63,7.65,171659
10-04-2016,7.91,8.03,7.83,7.84,106007
10-05-2016,8.38,8.55,7.76,7.76,416375
10-06-2016,8.42,8.62,8.04,8.51,281167
10-07-2016,8.64,8.97,8.37,8.47,398197
10-10-2016,9.33,9.57,8.66,8.66,683103
10-11-2016,8.89,9.399,8.76,9.23,513275
10-12-2016,8.25,8.91,8.23,8.89,338837
10-13-2016,6.85,7.3289,6.7,7.23,4847848
10-14-2016,6.59,7.31,6.54,7.01,1109795
10-17-2016,6.01,6.583,5.93,6.56,687382
10-18-2016,6.23,6.48,6.06,6.13,580916
10-19-2016,5.9,6.27,5.89,6.23,615174
10-20-2016,6.06,6.14,5.77,5.87,516931
10-21-2016,6.41,6.52,6,6.08,694111
10-24-2016,6.23,6.462,6.18,6.43,369880
10-25-2016,6.1,6.3,5.99,6.26,486053
10-26-2016,5.82,6.1,5.77,6.09,352128
10-27-2016,5.73,5.96,5.68,5.85,441938
10-28-2016,5.66,5.78,5.47,5.75,515126
10-31-2016,5.35,5.65,5.3,5.65,304485
11-01-2016,5.6,5.6,5.25,5.35,423246
11-02-2016,5.35,5.65,5.25,5.65,287708
11-03-2016,5,5.45,4.9,5.25,514735
11-04-2016,5.25,5.4,4.95,4.95,298160
11-07-2016,5.1,5.4,4.95,4.95,462748
11-08-2016,5.3,5.35,4.95,5.2,328321
11-09-2016,5.5,5.75,5.3,5.45,815081
11-10-2016,5.6,5.8,5.45,5.65,549445
11-11-2016,5.6,5.7,5.4,5.6,755826
11-14-2016,5.7,6,5.55,5.8,635872
11-15-2016,5.6,5.75,5.45,5.65,472708
11-16-2016,5.65,5.85,5.5,5.6,474524
11-17-2016,5.8,5.875,5.55,5.7,692436
11-18-2016,5.9,6,5.725,5.85,570804
11-21-2016,6.05,6.1,5.875,5.95,440719
11-22-2016,5.9,6.25,5.8,6.2,504536
11-23-2016,5.8,5.85,5.6,5.85,268851
11-25-2016,5.8,5.85,5.65,5.85,131217
11-28-2016,5.75,5.9,5.65,5.7,185936
11-29-2016,5.6,6,5.5,5.8,614646
11-30-2016,5.75,5.85,5.65,5.65,245301
12-01-2016,5.45,5.85,5.2,5.85,572540
12-02-2016,5.5,5.8,5.3,5.4,341000
12-05-2016,5.7,5.75,5.5,5.65,516117
12-06-2016,5.6,5.75,5.4,5.6,276464
12-07-2016,5.15,5.61,5.05,5.6,445411
12-08-2016,5.2,5.35,5.05,5.25,316053
12-09-2016,5.2,5.475,5.125,5.25,330357
12-12-2016,5.05,5.2,4.95,5.15,424901
12-13-2016,4.95,5.25,4.95,5.1,370462
12-14-2016,4.95,5.15,4.8,5,592579
12-15-2016,5,5.05,4.9,5,379322
12-16-2016,5,5.1,4.95,4.95,640323
12-19-2016,4.75,5.1,4.7,4.95,622555
12-20-2016,4.65,4.85,4.5,4.8,1168555
12-21-2016,4.7,4.9,4.6,4.65,791743
12-22-2016,4.7,4.8,4.6,4.65,318316
12-23-2016,4.9,4.95,4.633,4.65,483458
12-27-2016,4.75,5.2,4.7,4.9,603682
12-28-2016,4.7,4.9,4.6,4.75,452540
12-29-2016,4.75,4.95,4.66,4.7,351054
12-30-2016,4.65,4.8,4.55,4.75,572345
01-03-2017,4.45,4.85,4.35,4.8,578348
01-04-2017,4.85,4.9,4.25,4.45,620646
01-05-2017,5,5.25,4.7,4.8,737631
01-06-2017,4.95,5.1,4.85,4.95,283438
01-09-2017,5,5.1,4.925,5,275797
01-10-2017,5,5.1,4.95,5.05,189356
01-11-2017,4.95,5.5,4.84,5.4,826470
01-12-2017,4.75,4.95,4.75,4.9,278439
01-13-2017,4.95,5.1,4.8,4.8,458396
01-17-2017,4.6,5,4.6,4.95,448294
01-18-2017,4.55,4.75,4.5,4.65,286463
01-19-2017,4.3,4.55,4.3,4.55,192607
01-20-2017,4.2,4.4,4.15,4.3,291658
01-23-2017,4.25,4.35,4.1,4.25,313334
01-24-2017,4.65,4.7,4.1,4.45,548699
01-25-2017,4.95,4.95,4.55,4.6,500326
01-26-2017,4.6,4.95,4.6,4.9,251467
01-27-2017,4.75,4.9,4.5,4.6,284770
01-30-2017,4.7,4.75,4.5,4.75,177928
01-31-2017,4.8,4.95,4.55,4.7,174888
02-01-2017,4.75,4.9,4.7,4.85,167344
02-02-2017,4.6,4.8,4.6,4.75,243690
02-03-2017,4.95,4.95,4.6,4.65,233688
02-06-2017,4.9,5.05,4.9,4.95,110253
02-07-2017,4.85,5,4.75,4.9,163319
02-08-2017,4.75,4.85,4.7,4.85,128351
02-09-2017,5,5,4.75,4.8,94630
02-10-2017,5,5,4.9,4.95,129266
02-13-2017,5,5.2,4.85,5.05,324442
02-14-2017,5,5.2,4.875,4.95,431377
02-15-2017,4.9,5,4.75,4.9,329912
02-16-2017,4.7,4.9,4.7,4.85,143003
02-17-2017,4.65,4.75,4.5,4.7,415780
02-21-2017,4.7,4.75,4.55,4.65,289478
02-22-2017,5.15,5.5,4.85,5.05,1113168
02-23-2017,5.6,5.85,5.15,5.25,1267912
02-24-2017,5.9,6,5.5,5.6,658143
02-27-2017,5.85,6.2,5.505,6,647018
02-28-2017,5.7,6,5.6,5.9,408810
03-01-2017,5.75,5.9,5.6,5.7,351128
03-02-2017,5.6,5.9,5.55,5.8,330577
03-03-2017,5.35,5.775,5.35,5.6,493264
03-06-2017,10.2,11.6,9.1,10.25,33774385
03-07-2017,10.9,11.6,9.85,10.5,11196686
03-08-2017,10.15,11.19,9.85,10.9,4419418
03-09-2017,11.8,12,10.25,10.55,11696315
03-10-2017,11.4,12.6,11.2,11.9,6755553
03-13-2017,12.2,12.295,11.3,11.95,3310090
03-14-2017,13.15,13.85,11.55,12.2,4887176
03-15-2017,14.45,14.45,13.15,13.25,6349098
03-16-2017,13.9,15.05,13.1,14.6,5160310
03-17-2017,13.55,14,13.1,13.75,1845602
03-20-2017,13.25,13.45,12.55,13.4,2667029
03-21-2017,11.75,13.25,11.6,13.2,2962554
03-22-2017,11.1,11.7,11.05,11.5,2002751
03-23-2017,10.9,11.225,10.4,11.1,3239870
03-24-2017,11.4,11.55,10.95,10.95,1745486
