03-28-2016,24.2,25,23.7,24.7,8236
03-29-2016,24.1,24.4,22,24,16312
03-30-2016,24.2,25,23.5,24.4,8121
03-31-2016,24.1,24.8,24,24.1,10680
04-01-2016,25,26.9,23.3,24,29555
04-04-2016,27,29.2,25.1,25.1,26722
04-05-2016,25.4,28,24.6,28,15231
04-06-2016,27,27.1,23.2,25.2,15268
04-07-2016,25.3,27.2,24.5,27,14910
04-08-2016,25.7,26.9,25.1,25.7,9574
04-11-2016,25.3,26.6,25,25.7,6947
04-12-2016,24.7,25.8,24.1,25.4,11413
04-13-2016,25.2,25.6,24.5,24.9,7025
04-14-2016,27.2,28.1,24.9,25.2,15416
04-15-2016,28.1,28.5,26.7,27.2,16121
04-18-2016,28.5,28.81,27.6,27.7,11376
04-19-2016,28.5,29.2,27.6,28.9,11888
04-20-2016,27.85,29,27.7,28.5,7753
04-21-2016,28.3,28.7,27.9,28.1,6572
04-22-2016,28.3,28.8,28,28.2,3868
04-25-2016,28.6,29.099,27.8,28.8,7986
04-26-2016,27.6,29,26.6,29,13532
04-27-2016,26.4,28.3,26.4,27.5,8440
04-28-2016,27,27.6,25.2,26.5,7245
04-29-2016,25.2,26.889,24.5,26.8,7445
05-02-2016,25.3,26.823,24.3,26.6,7854
05-03-2016,25.4,26.4,25.1,25.3,3687
05-04-2016,23.85,25.1,23.4,25,8430
05-05-2016,23.1,24.8,22.8,23.8,12877
05-06-2016,19.4,23.531,18.5,23.1,31147
05-09-2016,21.7,22.3,19.5,19.5,18866
05-10-2016,21.9,23.199,21.5,21.8,12584
05-11-2016,22.7,22.7,21.7,22.2,11762
05-12-2016,23.3,23.668,22.7,23.1,15072
05-13-2016,26.3,26.8,23.3,23.5,21997
05-16-2016,27.4,27.5,25.5,26.5,18320
05-17-2016,28.6,29.1,26.6,27.8,20523
05-18-2016,29,31.3,28.6,28.6,20496
05-19-2016,24.7,37.7,24,36.3,533093
05-20-2016,23.3,27.5,22.5,27,116822
05-23-2016,23.7,25.48,23.4,23.4,36206
05-24-2016,22.6,24,22.1,24,48032
05-25-2016,22.5,23.5,22.2,22.9,46840
05-26-2016,23.5,24,22.2,23.4,39508
05-27-2016,22.9,23.799,22.5,23.5,29910
05-31-2016,24.4,24.8,22.9,23.4,64317
06-01-2016,24.4,24.9,23.4,24.3,23996
06-02-2016,25.5,26.9,24.8,26,80295
06-03-2016,25.4,26.1,24,25.3,26754
06-06-2016,28.3,28.5,25.4,26.1,41479
06-07-2016,28.4,29.499,27,29.2,23296
06-08-2016,27.6,27.9,26.501,27.398,13531
06-09-2016,25.6,28.189,24.4,27.5,39057
06-10-2016,24,25.5,23.55,25.3,31636
06-13-2016,24.9,25.9,24.05,24.3,24806
06-14-2016,25.3,25.9,23.8,24.9,18309
06-15-2016,24.6,26.5,24.2,25.5,25819
06-16-2016,19.7,20.6,19.4,20,227858
06-17-2016,19.7,20,19.3,20,48616
06-20-2016,19.4,20.3,18.4,19.7,49738
06-21-2016,20.5,21.8,18.685,19.6,154092
06-22-2016,20.65,21.5,19.6,20.6,79997
06-23-2016,21.5,22.4,20.2,21.2,91324
06-24-2016,20.5,21.6,19.7,20.8,49386
06-27-2016,19.6,20.6,19,20.6,42362
06-28-2016,20.9,21.3,19.9,19.9,30250
06-29-2016,21.1,21.7,20.2,21.2,28548
06-30-2016,19.9,21.4,19.6,21.3,71638
07-01-2016,20.2,20.8,19.9,20.1,66814
07-05-2016,20.4,21.5,20.3,20.7,66060
07-06-2016,20.6,21,20.399,20.5,13594
07-07-2016,21.3,21.4,20.7,20.7,16001
07-08-2016,21.6,22,21.179,21.5,34614
07-11-2016,21.2,21.9,21.2,21.9,18946
07-12-2016,21.2,21.742,19.5,21.4,23832
07-13-2016,20.4,21.5,20,21.2,37731
07-14-2016,20.1,20.9,20,20.5,24341
07-15-2016,20.4,21,19.8,20.2,17236
07-18-2016,20.8,21,20.1,20.5,15561
07-19-2016,19.8,21,19.6,20.9,20920
07-20-2016,20.1,20.8,19.6,20,12874
07-21-2016,19.6,20.7,19.6,20.3,24602
07-22-2016,20,20.1,19.2,19.6,14965
07-25-2016,19.5,20.2,19.2,19.7,13789
07-26-2016,19.5,20.1,19.2,20,20488
07-27-2016,20.6,21,19.7,19.8,21370
07-28-2016,20.4,21,20.2,20.5,10608
07-29-2016,20.7,20.9,20,20.2,17189
08-01-2016,20.5,21,20.2,21,16185
08-02-2016,20.3,20.8,19.5,20.7,23348
08-03-2016,20.7,21.3,19.9,20.2,23559
08-04-2016,20.3,21,19.832,21,25125
08-05-2016,20.7,20.9,20.11,20.2,20935
08-08-2016,22.8,23,20.814,21,123147
08-09-2016,22.7,22.9,21.701,22.4,37110
08-10-2016,22.6,23,21.8,22.7,38665
08-11-2016,22.5,22.6,21.7,22.5,17303
08-12-2016,25.6,25.799,22,22.3,93218
08-15-2016,25,27.5,24.1,26.5,63225
08-16-2016,25.1,25.4,24.1,25.2,29860
08-17-2016,25.7,25.8,24.6,25.1,24300
08-18-2016,25,26.41,24.3,25.9,35243
08-19-2016,24.7,25,24.5,24.6,16611
08-22-2016,27.2,27.5,24.4,24.9,99117
08-23-2016,26.9,28,26.3,27.1,45818
08-24-2016,25.1,27.5,24.5,27.4,50245
08-25-2016,24.5,26,23.5,25.1,48038
08-26-2016,24.4,25.1,23.5,24.5,28678
08-29-2016,24.9,27.5,24.5,27.5,145523
08-30-2016,24.7,25.6,23.8,25.1,32656
08-31-2016,22.8,24.8,22.3,24.5,58763
09-01-2016,23.6,24.9,22.504,23,98910
09-02-2016,21.8,23.8,20.6,23.8,108989
09-06-2016,9.223,10.8,9,10.2,955605
09-07-2016,8.7,9.6,8.52,9.4,356606
09-08-2016,7.933,8.8,7.929,8.715,228899
09-09-2016,7.8,8.2,7.603,8.2,118650
09-12-2016,7.8,7.948,7.5,7.948,82201
09-13-2016,7.726,8.628,7.528,8,460205
09-14-2016,7.88,8.1,7.61,8,131777
09-15-2016,7.53,8.14,7.5,8.08,152270
09-16-2016,7.351,7.7,7.311,7.5,125918
09-19-2016,7.149,7.476,7,7.476,180769
09-20-2016,7.026,7.4,6.901,7.278,183079
09-21-2016,7.2,7.349,7.051,7.1,108746
09-22-2016,7.05,7.4,6.908,7.3,131503
09-23-2016,7.023,7.199,6.975,7.1,95525
09-26-2016,7,7.19,6.936,7,71106
09-27-2016,7,7.188,6.93,7.1,78300
09-28-2016,6.967,7.15,6.942,7,77985
09-29-2016,7,7.098,6.955,6.955,50544
09-30-2016,6.975,7.072,6.955,6.97,52661
10-03-2016,6.976,7.059,6.901,7,46583
10-04-2016,7.678,8.496,6.971,7.02,381948
10-05-2016,7.49,7.699,7.11,7.59,73218
10-06-2016,6.9,7.52,6.9,7.52,170601
10-07-2016,6.598,6.999,6.502,6.94,124430
10-10-2016,6.153,6.598,6,6.522,154457
10-11-2016,6.39,6.496,6,6.14,56293
10-12-2016,6.283,6.5,6.216,6.44,44774
10-13-2016,6.403,6.85,6.101,6.135,103064
10-14-2016,6.465,6.58,6.2,6.476,33389
10-17-2016,6.291,6.497,6.101,6.497,44525
10-18-2016,6.384,6.599,6.147,6.147,45210
10-19-2016,6.402,6.591,6.384,6.4,24067
10-20-2016,6.884,7.1,6.402,6.402,132888
10-21-2016,6.73,7,6.427,7,51102
10-24-2016,6.5,6.87,6.5,6.523,32282
10-25-2016,6.201,6.798,6.199,6.798,121546
10-26-2016,4.648,5.198,4.6,5,425566
10-27-2016,4.518,4.9,4.518,4.6,91113
10-28-2016,4.47,4.7,4.2,4.7,111193
10-31-2016,4.47,4.599,4.3,4.5,29514
11-01-2016,4.28,4.5,4.278,4.36,49841
11-02-2016,4.329,4.4,4.003,4.313,71577
11-03-2016,4.3,4.5,4.02,4.35,65742
11-04-2016,4.4,5,4.2,4.2,135667
11-07-2016,4.54,4.699,4.401,4.41,33396
11-08-2016,4.4,4.875,4.3,4.5,91223
11-09-2016,4.351,4.5,4.1,4.3,34632
11-10-2016,4.637,4.64,4.4,4.59,75128
11-11-2016,4.407,4.8,4.359,4.685,52514
11-14-2016,4.389,4.699,4.297,4.297,32189
11-15-2016,4.179,4.495,4.13,4.4,45686
11-16-2016,4.248,4.3,4.01,4.185,35172
11-17-2016,4.091,4.299,4.058,4.2,32967
11-18-2016,4.19,4.398,4.05,4.1,92119
11-21-2016,4.014,4.4,4.001,4.2,69593
11-22-2016,3.8,4.2,3.7,4.05,77444
11-23-2016,3.803,4.198,3.72,4.1,109583
11-25-2016,3.96,4.06,3.75,4,57248
11-28-2016,4.25,4.322,3.52,3.98,394797
11-29-2016,4,4.8,3.722,4.402,283649
11-30-2016,3.812,3.98,3.75,3.9,100695
12-01-2016,3.65,3.985,3.65,3.985,65541
12-02-2016,3.654,3.9,3.6,3.8,59258
12-05-2016,3.921,4,3.75,4,71022
12-06-2016,3.9,4,3.71,4,87074
12-07-2016,4.136,4.198,3.803,4,122909
12-08-2016,4.6,5.6,4.235,4.8,795807
12-09-2016,4.14,4.4,4.033,4.3,204625
12-12-2016,4.113,4.49,4.048,4.49,89207
12-13-2016,4.54,4.748,4.2,4.3,202674
12-14-2016,4.05,4.45,4.05,4.45,84192
12-15-2016,4.235,4.69,4.046,4.1,279142
12-16-2016,4.6,4.67,4.112,4.29,171725
12-19-2016,5.334,6.8,5.21,6.5,2223448
12-20-2016,5.036,5.449,4.69,5.38,409080
12-21-2016,5.11,5.175,4.73,5.07,113326
12-22-2016,4.96,5.25,4.752,5.25,115722
12-23-2016,4.8,4.96,4.7,4.96,91467
12-27-2016,4.905,5.2,4.7,4.75,128595
12-28-2016,5.289,5.7,5,5.187,365022
12-29-2016,4.734,5.3,4.701,5.197,311567
12-30-2016,4.701,4.899,4.511,4.7,177582
01-03-2017,5.1,5.3,4.8,4.89,255487
01-04-2017,5.9,5.99,5,5.1,462249
01-05-2017,5.6,6.2,5.503,5.8,250217
01-06-2017,5.707,5.961,5.5,5.62,132662
01-09-2017,6.321,6.34,5.616,5.9,260512
01-10-2017,5.765,6.6,5.6,6.4,321442
01-11-2017,5.29,5.69,5.22,5.69,180111
01-12-2017,5.15,5.269,4.821,5.269,169933
01-13-2017,5.3,5.5,5.18,5.2,79277
01-17-2017,5.289,5.47,5.1,5.4,88954
01-18-2017,5.6,5.8,5.211,5.334,163683
01-19-2017,5.354,5.85,5.301,5.8,90767
01-20-2017,5.292,5.401,5.001,5.4,124966
01-23-2017,5.276,5.42,5.056,5.42,44812
01-24-2017,5.39,5.5,5.225,5.45,77914
01-25-2017,5.997,5.997,5.4,5.5,216308
01-26-2017,5.55,6,5.5,6,90619
01-27-2017,5.68,5.85,5.475,5.627,107133
01-30-2017,5.67,5.8,5.41,5.8,101816
01-31-2017,5.39,5.848,5.201,5.5,207934
02-01-2017,5.04,5.324,5,5.28,205766
02-02-2017,5.3,5.39,5,5,96940
02-03-2017,5.41,5.487,5.201,5.29,62337
02-06-2017,5.293,5.41,5.201,5.41,64952
02-07-2017,5.46,5.59,5.237,5.3,93651
02-08-2017,5.56,5.6,5.251,5.494,95421
02-09-2017,5.75,5.948,5.4,5.8,141684
02-10-2017,5.74,5.8,5.45,5.75,58243
02-13-2017,5.86,6.25,5.614,5.7,267697
02-14-2017,5.8,5.878,5.601,5.8,42544
02-15-2017,5.7,5.878,5.5,5.8,92798
02-16-2017,5.44,5.7,5.322,5.6,80592
02-17-2017,5.48,5.5,5.256,5.5,51969
02-21-2017,5.45,5.6,5.3,5.519,43196
02-22-2017,5.2,5.4,5.125,5.4,79678
02-23-2017,5.2,5.3,5.1,5.2,79230
02-24-2017,5.1,5.25,5.08,5.216,82950
02-27-2017,5.17,5.27,5.01,5.01,47590
02-28-2017,5,5.387,4.901,5.12,75457
03-01-2017,5.07,5.25,5.033,5.25,28415
03-02-2017,5.09,5.747,5,5.69,325620
03-03-2017,5.1,5.199,5.003,5.077,65347
03-06-2017,5.08,5.4,5.003,5.4,59651
03-07-2017,4.909,5.16,4.85,5,116856
03-08-2017,4.9,4.953,4.65,4.953,144888
03-09-2017,4.9,5.095,4.7,4.7,77104
03-10-2017,4.9,5,4.851,4.855,39419
03-13-2017,5.095,5.316,4.898,4.9,127801
03-14-2017,4.948,5.4,4.93,5.4,167000
03-15-2017,4.9,5.091,4.825,5.091,70973
03-16-2017,3.798,5.052,3.301,4.945,691984
03-17-2017,4.12,4.39,3.8,4,343503
03-20-2017,3.96,4.1,3.7001,4.1,190947
03-21-2017,3.71,4,3.7,3.9,95087
03-22-2017,3.49,3.68,3.4335,3.65,217634
03-23-2017,3.69,3.8623,3.45,3.49,110591
03-24-2017,3.99,3.99,3.63,3.63,97101
