03-28-2016,7.57,7.72,7.27,7.41,375316
03-29-2016,8.39,8.51,7.665,7.7,607722
03-30-2016,8.18,8.76,8.01,8.58,388354
03-31-2016,8.27,8.37,8.05,8.15,443260
04-01-2016,8.48,8.64,8.1,8.23,501341
04-04-2016,8.68,8.9078,8.46,8.51,568123
04-05-2016,8.61,8.8,8.5,8.57,240166
04-06-2016,9.12,9.36,8.62,8.62,416643
04-07-2016,9,9.29,8.82,9.06,269908
04-08-2016,8.89,9.29,8.65,9.17,318919
04-11-2016,8.87,9.1214,8.69,8.97,434220
04-12-2016,9.13,9.2,8.75,8.88,226025
04-13-2016,9.34,9.49,9.02,9.19,281476
04-14-2016,9.13,9.45,9.07,9.33,439616
04-15-2016,9.08,9.413,8.95,9.18,574579
04-18-2016,9.15,9.275,8.94,9.05,481384
04-19-2016,9,9.24,8.93,9.15,541341
04-20-2016,8.27,9.1916,8.1601,9.02,857887
04-21-2016,8.27,8.46,7.97,8.3,590470
04-22-2016,8.33,8.36,8.01,8.24,301957
04-25-2016,8.31,8.38,8.09,8.33,332488
04-26-2016,8.07,8.35,7.82,8.33,697254
04-27-2016,7.83,8.07,7.7,8.01,453225
04-28-2016,7.96,8.23,7.67,7.73,388058
04-29-2016,7.79,8.18,7.66,8.1,376862
05-02-2016,7.63,7.84,7.0501,7.82,1039500
05-03-2016,7.8,8.09,7.33,7.88,596051
05-04-2016,7.5,7.73,7.355,7.68,645394
05-05-2016,7.53,7.72,7.105,7.29,646980
05-06-2016,7.75,7.79,7.33,7.35,413735
05-09-2016,8.03,8.22,7.56,7.7,642795
05-10-2016,7.97,8.285,7.77,8.12,397265
05-11-2016,7.495,8.05,7.47,7.93,442338
05-12-2016,7,7.72,6.82,7.58,744319
05-13-2016,6.82,7.19,6.73,7,681960
05-16-2016,6.32,6.69,5.58,5.6,3697240
05-17-2016,6.56,6.68,6.245,6.31,975147
05-18-2016,6.98,7.05,6.4701,6.51,790626
05-19-2016,6.51,7.0441,6.39,6.84,458402
05-20-2016,6.86,6.91,6.55,6.59,489074
05-23-2016,6.84,7.07,6.73,6.82,401937
05-24-2016,6.97,7.005,6.83,6.94,430497
05-25-2016,7.02,7.19,6.95,7.03,358632
05-26-2016,7.1,7.225,6.91,7.02,408853
05-27-2016,7.06,7.22,6.98,7.09,480255
05-31-2016,7.32,7.41,7.1,7.12,1163319
06-01-2016,7.965,8.03,7.58,7.7,947017
06-02-2016,7.79,7.96,7.695,7.9,451636
06-03-2016,7.54,7.8599,7.4,7.79,346450
06-06-2016,7.7,7.81,7.35,7.48,375408
06-07-2016,7.46,7.66,7.4,7.66,295966
06-08-2016,7.44,7.64,7.28,7.46,210794
06-09-2016,7.22,7.51,7.16,7.35,287711
06-10-2016,6.84,7.18,6.82,7.12,364101
06-13-2016,6.67,6.97,6.65,6.83,331255
06-14-2016,6.44,6.645,6.32,6.62,593372
06-15-2016,6.68,6.74,6.37,6.49,691010
06-16-2016,6.82,6.85,6.43,6.63,379685
06-17-2016,6.29,6.84,6.25,6.84,685699
06-20-2016,6.23,6.57,6.21,6.44,363547
06-21-2016,6.09,6.32,5.93,6.25,346672
06-22-2016,5.95,6.335,5.94,6.09,417353
06-23-2016,6.21,6.26,5.97,6.05,254064
06-24-2016,6.39,6.79,6.21,6.79,2680761
06-27-2016,5.87,6.69,5.8,6.61,877908
06-28-2016,6.14,6.205,5.9,5.93,523930
06-29-2016,6.3,6.45,6.15,6.45,411498
06-30-2016,6.3,6.36,6.2,6.36,315995
07-01-2016,6.47,6.49,6.26,6.3,346904
07-05-2016,6.56,6.61,6.455,6.5,386552
07-06-2016,6.86,6.9,6.52,6.55,432744
07-07-2016,6.94,6.95,6.75,6.9,495128
07-08-2016,7.13,7.17,6.85,6.99,556376
07-11-2016,7.06,7.21,7.01,7.19,344991
07-12-2016,7.11,7.24,7,7.1,331765
07-13-2016,6.75,7.2399,6.74,7.14,390513
07-14-2016,6.59,6.9726,6.49,6.8,426569
07-15-2016,6.71,6.7925,6.57,6.61,343661
07-18-2016,6.68,6.87,6.62,6.72,171500
07-19-2016,6.4,6.7,6.31,6.67,235193
07-20-2016,6.59,6.653,6.36,6.4,180026
07-21-2016,6.66,6.84,6.55,6.62,211756
07-22-2016,6.68,6.7557,6.61,6.65,166233
07-25-2016,6.51,6.685,6.31,6.68,407927
07-26-2016,6.49,6.69,6.3933,6.5,262536
07-27-2016,6.44,6.58,6.31,6.53,338693
07-28-2016,6.28,6.53,6.22,6.45,296484
07-29-2016,6.27,6.42,6.13,6.28,441501
08-01-2016,6.39,6.55,6.265,6.28,368550
08-02-2016,6.54,6.62,6.27,6.37,316206
08-03-2016,6.76,6.795,6.46,6.5,369761
08-04-2016,6.74,6.89,6.61,6.77,478707
08-05-2016,6.77,6.85,6.6,6.73,319010
08-08-2016,6.685,7.03,6.65,6.96,307504
08-09-2016,6.93,7,6.6,6.68,297653
08-10-2016,6.98,7.075,6.845,6.9,374038
08-11-2016,6.9,7.09,6.85,7,431161
08-12-2016,6.97,7.07,6.91,6.92,411797
08-15-2016,7.31,7.3101,6.92,7.02,324915
08-16-2016,7.28,7.4,7.22,7.31,322256
08-17-2016,7.18,7.28,7.04,7.28,192150
08-18-2016,7.22,7.27,7.13,7.2,152280
08-19-2016,7.2,7.3,7.14,7.2,184944
08-22-2016,7.42,7.46,7.125,7.24,253023
08-23-2016,7.42,7.45,7.31,7.45,179232
08-24-2016,7.08,7.63,7.03,7.42,353473
08-25-2016,6.93,7.585,6.685,7.1,643823
08-26-2016,7.04,7.272,6.94,6.94,291637
08-29-2016,6.97,7.1,6.9,7.09,135522
08-30-2016,6.95,7.09,6.93,7,108503
08-31-2016,6.78,6.97,6.72,6.97,185391
09-01-2016,6.77,6.88,6.66,6.77,126349
09-02-2016,6.75,6.9679,6.74,6.82,166445
09-06-2016,6.85,7.065,6.78,6.78,231939
09-07-2016,6.8,6.95,6.71,6.89,162612
09-08-2016,6.86,6.905,6.69,6.8,201869
09-09-2016,6.89,7.15,6.87,6.95,519988
09-12-2016,6.95,6.98,6.8,6.85,228065
09-13-2016,6.81,6.92,6.57,6.92,280454
09-14-2016,6.86,7.09,6.76,6.79,285059
09-15-2016,6.97,7.0499,6.79,6.89,189624
09-16-2016,7.06,7.1399,6.92,7.02,521504
09-19-2016,7.04,7.13,6.9,7.07,309180
09-20-2016,7.01,7.2,6.97,7.12,303616
09-21-2016,7.04,7.1,6.77,7.02,227674
09-22-2016,7.03,7.14,6.86,7.14,314598
09-23-2016,7,7.1,6.93,7.03,197607
09-26-2016,7,7.07,6.92,6.99,247276
09-27-2016,7.05,7.06,6.91,7,299993
09-28-2016,7.01,7.06,6.9,7.05,224424
09-29-2016,6.64,7.07,6.615,7.02,336873
09-30-2016,6.75,6.82,6.58,6.68,213976
10-03-2016,6.75,6.82,6.62,6.73,243621
10-04-2016,6.64,6.9,6.64,6.75,187961
10-05-2016,6.73,6.8599,6.6,6.67,187537
10-06-2016,6.44,6.69,6.41,6.69,285581
10-07-2016,6.43,6.5,6.38,6.49,172276
10-10-2016,6.55,6.636,6.45,6.49,244418
10-11-2016,6.37,6.52,6.31,6.5,173041
10-12-2016,6.21,6.5,6.2,6.36,245434
10-13-2016,6.19,6.36,6.14,6.16,230313
10-14-2016,6.1,6.36,6.06,6.25,256953
10-17-2016,5.92,6.13,5.85,6.13,382141
10-18-2016,6.03,6.38,5.99,5.99,185739
10-19-2016,5.81,6.03,5.8,6.03,207537
10-20-2016,5.9,5.96,5.77,5.82,129081
10-21-2016,5.89,6.01,5.81,5.9,166398
10-24-2016,5.75,5.99,5.74,5.96,387210
10-25-2016,5.73,5.84,5.68,5.78,132669
10-26-2016,5.53,5.8582,5.53,5.74,183143
10-27-2016,5.27,5.6704,5.27,5.57,252772
10-28-2016,5.03,5.2507,4.95,5.2,539589
10-31-2016,4.88,5.06,4.86,5.06,264379
11-01-2016,4.78,4.97,4.665,4.91,466446
11-02-2016,4.44,4.8,4.42,4.8,375347
11-03-2016,3.81,4.63,3.8,4.45,817934
11-04-2016,4.07,4.26,3.76,3.78,714509
11-07-2016,4.01,4.255,3.99,4.12,532146
11-08-2016,4.05,4.1,3.945,3.99,392935
11-09-2016,4.52,4.58,4.12,4.22,705319
11-10-2016,5.5,5.55,4.72,4.89,1065118
11-11-2016,6.09,6.1924,5.52,5.54,1080101
11-14-2016,6.39,6.41,5.911,6.16,931185
11-15-2016,6.52,6.68,6.07,6.41,733999
11-16-2016,6.36,6.78,6.3,6.4,615655
11-17-2016,6.32,6.47,6.21,6.25,357413
11-18-2016,6.09,6.35,6,6.35,1685745
11-21-2016,6.48,6.49,5.98,6.41,3209319
11-22-2016,6.15,6.5904,6.01,6.5,594233
11-23-2016,6.08,6.15,5.79,5.85,380904
11-25-2016,6.14,6.19,6.03,6.1,119647
11-28-2016,5.61,6.18,5.58,6.18,511506
11-29-2016,5.55,5.76,5.43,5.61,317227
11-30-2016,5.48,5.66,5.36,5.6,288535
12-01-2016,5.32,5.55,5.221,5.48,448690
12-02-2016,5.29,5.49,5.26,5.31,475947
12-05-2016,5.39,5.57,5.26,5.34,626465
12-06-2016,5.62,5.65,5.2873,5.39,310631
12-07-2016,5.49,5.55,5.27,5.53,471435
12-08-2016,5.78,5.8,5.3,5.48,386048
12-09-2016,5.76,6.08,5.7,5.79,367920
12-12-2016,5.65,5.76,5.535,5.73,309632
12-13-2016,5.73,5.97,5.6601,5.69,699478
12-14-2016,5.58,5.79,5.5,5.7,289162
12-15-2016,5.77,5.83,5.49,5.58,332590
12-16-2016,5.92,6.07,5.81,5.81,538955
12-19-2016,5.9,6.22,5.84,5.93,543618
12-20-2016,5.82,6.06,5.815,5.93,307908
12-21-2016,5.59,5.88,5.56,5.84,325638
12-22-2016,5.79,5.84,5.5339,5.64,246263
12-23-2016,5.97,5.985,5.77,5.77,361033
12-27-2016,5.89,6.155,5.89,6.05,425443
12-28-2016,5.79,5.8833,5.63,5.88,358043
12-29-2016,5.86,5.93,5.79,5.8,197735
12-30-2016,5.88,5.9,5.675,5.86,205937
01-03-2017,6.15,6.1999,5.88,5.95,456566
01-04-2017,6.29,6.38,6.02,6.02,621876
01-05-2017,6.7,6.94,6.51,6.54,873603
01-06-2017,6.61,6.8289,6.48,6.8,603743
01-09-2017,6.51,6.875,6.42,6.84,521638
01-10-2017,6.49,6.67,6.2,6.54,439314
01-11-2017,6.49,6.6,6.34,6.46,345912
01-12-2017,6.42,6.59,6.28,6.47,290015
01-13-2017,6.38,6.67,6.34,6.42,358797
01-17-2017,6.21,6.34,6.08,6.34,354372
01-18-2017,6.19,6.29,6.04,6.26,234741
01-19-2017,6.17,6.25,6.11,6.2,235725
01-20-2017,6.19,6.25,6.121,6.18,305192
01-23-2017,6.57,6.65,6.1601,6.29,392935
01-24-2017,6.7,6.78,6.35,6.59,329407
01-25-2017,6.59,6.92,6.5,6.85,399061
01-26-2017,6.56,6.639,6.46,6.59,278881
01-27-2017,6.59,6.68,6.54,6.55,241726
01-30-2017,6.55,6.62,6.26,6.57,477300
01-31-2017,6.98,7,6.4283,6.55,842167
02-01-2017,7.1,7.33,6.92,7,730535
02-02-2017,7.51,7.657,7.2,7.3,967401
02-03-2017,7.72,7.8,7.4007,7.63,697581
02-06-2017,7.94,7.95,7.7,7.78,621072
02-07-2017,7.85,7.99,7.5801,7.96,493297
02-08-2017,7.77,7.84,7.4,7.78,508423
02-09-2017,7.88,7.96,7.6,7.78,413571
02-10-2017,7.86,8,7.8088,7.89,396607
02-13-2017,7.73,7.99,7.68,7.92,351268
02-14-2017,7.45,7.71,7.41,7.7,616470
02-15-2017,7.09,7.4,6.84,7.4,1452443
02-16-2017,7.03,7.269,6.83,7.1,801432
02-17-2017,7.13,7.16,6.79,7.02,550316
02-21-2017,4.27,5.16,4.25,4.9,10502345
02-22-2017,3.95,4.53,3.87,4.51,5414163
02-23-2017,3.85,4.136,3.7,4.1,3862749
02-24-2017,3.99,4.0665,3.75,3.83,2905298
02-27-2017,4.11,4.24,3.96,4.04,2729514
02-28-2017,4.06,4.2269,3.93,4.15,1895819
03-01-2017,4.02,4.18,3.93,4.12,1227368
03-02-2017,4.13,4.21,3.98,4,1950858
03-03-2017,4.17,4.24,4.08,4.13,1346717
03-06-2017,4.04,4.16,3.96,4.16,961639
03-07-2017,3.99,4.0999,3.96,4.03,961415
03-08-2017,3.53,4.0561,3.5,3.93,2999478
03-09-2017,3.66,3.89,3.56,3.6,1663918
03-10-2017,3.67,3.742,3.58,3.69,870414
03-13-2017,3.85,3.87,3.6699,3.67,929034
03-14-2017,3.62,3.89,3.59,3.86,925226
03-15-2017,3.85,3.885,3.61,3.66,959696
03-16-2017,3.75,3.865,3.7,3.84,754885
03-17-2017,3.68,3.785,3.65,3.73,830333
03-20-2017,3.59,3.6808,3.55,3.65,785149
03-21-2017,3.39,3.64,3.35,3.56,1204426
03-22-2017,3.33,3.43,3.26,3.4,851439
03-23-2017,3.59,3.6011,3.3,3.3,998508
03-24-2017,3.55,3.61,3.47,3.59,592739
