03-28-2016,45.96,48.42,45.755,48.19,457071
03-29-2016,45.73,45.83,43.52,45.62,648948
03-30-2016,43.03,46.45,42.76,45.88,858606
03-31-2016,44.03,44.725,42.62,43.47,1184672
04-01-2016,44.72,45.02,43.34,43.55,992807
04-04-2016,43.94,45.93,43.7,44.93,778793
04-05-2016,42.8,44.1,42.72,43.51,637521
04-06-2016,47.59,48.24,44.53,45.07,1749662
04-07-2016,48.4,49.63,46.25,47.41,614781
04-08-2016,45.2,48.88,45,48.88,606003
04-11-2016,44.56,46.285,43.58,45.47,571223
04-12-2016,46.34,46.49,44.2,44.42,419287
04-13-2016,44.65,48.21,44.2,47.33,600508
04-14-2016,43.27,45.11,43.12,44.38,527935
04-15-2016,43.71,44.27,42.79,43.29,738423
04-18-2016,44.84,44.91,43.07,43.69,251892
04-19-2016,44.09,44.939,43.45,44.86,302037
04-20-2016,45.04,45.16,42.9,44.38,518074
04-21-2016,46.77,46.85,43.835,44.77,690063
04-22-2016,46.09,47.62,45.29,47,509020
04-25-2016,45.16,46.91,44.82,45.84,460555
04-26-2016,43.36,45.17,43.245,45.17,335936
04-27-2016,42.08,44.39,42.01,43.15,361377
04-28-2016,41.73,43.41,41.08,42.02,364768
04-29-2016,41.44,42.17,40.61,41.78,359291
05-02-2016,41.92,42.01,40.61,41.65,483757
05-03-2016,40.89,42.22,40.87,41.6,604125
05-04-2016,40.06,40.91,39.57,40.62,628675
05-05-2016,37.38,41.36,37.23,40.07,949112
05-06-2016,39.65,40.27,36.68,36.68,754176
05-09-2016,43.14,43.8,39.53,39.53,581655
05-10-2016,42.88,43.9889,42.35,43.69,377775
05-11-2016,41.94,44.47,41.88,43.05,385215
05-12-2016,41.09,42.26,40.47,42.26,386815
05-13-2016,42.74,43.24,41.27,41.27,364635
05-16-2016,44.3,44.9,42.62,43.15,582670
05-17-2016,43.09,44.43,42.35,43.96,531640
05-18-2016,43.74,44.67,42.17,42.68,310379
05-19-2016,43,44.78,42.09,43.5,231343
05-20-2016,43.11,44.265,42.6,43.19,729742
05-23-2016,45.88,45.98,43,43.25,554148
05-24-2016,45.57,46.4,45.02,46.32,433858
05-25-2016,45.35,46.48,44.92,46,293324
05-26-2016,43.33,45.52,43.315,45.29,593666
05-27-2016,43.81,45.13,43.24,43.45,457892
05-31-2016,46.3,47.48,44.25,44.25,800438
06-01-2016,47.27,47.61,45.73,46.16,470800
06-02-2016,47.95,48.15,47.15,47.19,421126
06-03-2016,45.85,47.75,45.59,47.7,360045
06-06-2016,45.99,46.53,45.09,46.02,754211
06-07-2016,45.3,45.93,44.81,45.65,337946
06-08-2016,44.08,45.81,44.04,45.4,608766
06-09-2016,41.82,44,41.79,43.68,665502
06-10-2016,40.34,41.95,40.02,41.03,799628
06-13-2016,40.25,41.7,39.87,39.87,527941
06-14-2016,41.29,41.34,39.52,40.19,461812
06-15-2016,41.66,42.65,41.095,41.67,334675
06-16-2016,42.07,42.09,40.58,41.42,388109
06-17-2016,41.29,43.03,40.97,42.34,968583
06-20-2016,42.44,42.98,41.425,42.02,497464
06-21-2016,40.94,42.45,40.76,42.4,570586
06-22-2016,42.47,43.15,40.7,41,945793
06-23-2016,45.17,45.23,42.69,43.17,631134
06-24-2016,43.22,44.845,42.19,42.86,728985
06-27-2016,40.61,43.14,40.36,42.79,746785
06-28-2016,37.21,41.8899,36.71,41.08,1301426
06-29-2016,77.4,80.69,68.5,68.78,19094609
06-30-2016,84.05,84.91,72.89,74,6262510
07-01-2016,81.06,83.4,80.35,83.24,5079203
07-05-2016,84.4,84.9,81.03,81.79,2222255
07-06-2016,90.26,90.49,82.29,82.29,3034262
07-07-2016,91.96,92.48,90.01,90.42,1438647
07-08-2016,88.7,93.33,87.7,91.9,1811923
07-11-2016,88.2,90.28,87.43,88.62,822799
07-12-2016,86.26,89.99,85.74,88.7,777998
07-13-2016,84.69,87.34,84.09,86.88,874337
07-14-2016,86.32,86.54,83.41,85.75,767030
07-15-2016,88.05,88.74,85.7,86.31,613850
07-18-2016,89.34,89.52,86.62,87.99,595709
07-19-2016,89.29,90.811,88.11,90.09,686079
07-20-2016,92.33,92.48,89.395,89.56,677657
07-21-2016,92.04,94.01,90.78,92.5,770351
07-22-2016,91.99,93.8,91.5,92.09,630667
07-25-2016,91.02,93,89.35,92.27,471884
07-26-2016,90.05,90.65,88.17,90.65,748142
07-27-2016,93.38,93.62,89.79,90.97,1104393
07-28-2016,93.62,94.48,90.54,93.01,832301
07-29-2016,93.24,93.829,91.18,93,1357118
08-01-2016,95.15,96.035,92.67,93.59,805330
08-02-2016,95.6,96.71,94.25,95.3,748613
08-03-2016,95.17,96.28,93.674,95.45,542425
08-04-2016,89.45,95.2,89.2,95.04,1771725
08-05-2016,93.37,95.91,91.46,92.99,1278909
08-08-2016,93.1,94.34,91.95,93.29,841610
08-09-2016,95.64,97.38,91.9502,93.55,1338526
08-10-2016,90.18,93.3,90.02,92.53,946118
08-11-2016,93.4,94.19,90.03,90.28,731467
08-12-2016,96.36,96.76,92.725,94,1551832
08-15-2016,96.49,97.9,95.79,96.11,373193
08-16-2016,94.65,96.39,94.58,95.83,567408
08-17-2016,94.99,95.95,93.78,94.53,540710
08-18-2016,94.95,96.08,94.59,95.07,485839
08-19-2016,95.03,95.47,93.9,94.81,521579
08-22-2016,99.09,99.28,96.83,98.25,1653481
08-23-2016,92.76,98.8,91.83,98.8,1789399
08-24-2016,87.11,93.49,86.74,92.55,1815115
08-25-2016,85.23,89.83,83.65,87.6,1121310
08-26-2016,86.46,87.87,84.71,85.35,1045664
08-29-2016,85.88,87.32,84.25,86.82,724364
08-30-2016,86.09,87.379,85.47,85.99,716394
08-31-2016,84.69,86.265,83.4,85.76,786628
09-01-2016,84.35,85.5599,83.26,85.14,463213
09-02-2016,84.87,85.23,83.35,84.7,558923
09-06-2016,86.76,87.3,85.08,85.61,659512
09-07-2016,88.18,88.425,86.52,87.03,546038
09-08-2016,94.77,96.35,87.3825,87.93,2573957
09-09-2016,91.595,94.38,91.47,93.04,808486
09-12-2016,93.19,93.8545,90.56,93.04,875641
09-13-2016,93.94,95.7499,91.757,91.99,952507
09-14-2016,97.05,97.11,93.93,94.92,1232285
09-15-2016,98.79,99.5,95.65,97.33,1181274
09-16-2016,104.11,104.48,97.9,97.96,2519051
09-19-2016,103.26,108.27,102.52,103.88,1380291
09-20-2016,104.79,106.96,103.04,104.08,871931
09-21-2016,107.56,107.85,100.6958,106.56,1308233
09-22-2016,108.43,110,105.9,108.12,1484671
09-23-2016,108.59,110.48,107.34,108.3,852463
09-26-2016,107.82,109.25,106.39,107.95,708019
09-27-2016,108.04,109.62,106.635,107.84,642300
09-28-2016,104.42,109,104.02,108,1065877
09-29-2016,100.58,105.98,98.76,105.16,1948270
09-30-2016,100.24,101.34,96.56,101.34,1293548
10-03-2016,100.54,101.2,98.16,99.3,792920
10-04-2016,98.87,100.67,96.53,100.67,1138988
10-05-2016,102.34,103.23,98.86,98.99,1125008
10-06-2016,99.89,101.55,99,100.89,1064031
10-07-2016,99.26,101.6,96.52,100.21,1364709
10-10-2016,117.91,122.8891,114.15,114.84,5866627
10-11-2016,115.33,118.35,114.695,117.61,1696762
10-12-2016,114.77,117.1,114.01,115.27,1159702
10-13-2016,116.15,117.33,112.02,113.33,1078342
10-14-2016,115.05,117.5,114.25,116.45,728969
10-17-2016,110.97,115.44,110.23,114.78,1103559
10-18-2016,113.17,113.81,110.52,111.93,716461
10-19-2016,112.22,112.97,111.09,112.86,385578
10-20-2016,115.12,115.25,111.17,111.75,736429
10-21-2016,116,116.48,113.8,114.53,670531
10-24-2016,117.8,119.93,114.715,116.58,1210345
10-25-2016,122.15,122.98,116.58,117.6,1123694
10-26-2016,119.06,121.59,117,118.67,1543165
10-27-2016,118.15,121,117.29,120.62,611575
10-28-2016,121.32,123.41,115.135,116.99,829896
10-31-2016,120.88,122.71,119.72,121.08,631246
11-01-2016,121.14,123.45,117.44,121.44,870759
11-02-2016,123.35,124.32,119,121.29,1075028
11-03-2016,120.28,123.581,120.02,123.58,1178654
11-04-2016,120.16,122.41,111,114.5,2139896
11-07-2016,123.55,124,120.25,122.41,988196
11-08-2016,123.96,129.44,120.28,121.51,1261720
11-09-2016,135.63,138.495,130.5,131.56,1719239
11-10-2016,138.4,142.3498,133.62,137.15,1249490
11-11-2016,144.25,144.62,135.9,138.03,1209127
11-14-2016,148.5,148.74,140.56,143.2,1309142
11-15-2016,131.04,134.75,128,133.22,4502172
11-16-2016,126.65,131.3658,125.56,131.34,1821666
11-17-2016,134.65,135.01,126.35,126.8,1310055
11-18-2016,132.5,135.5,129.125,135.27,915314
11-21-2016,134.46,134.71,132.02,132.73,685987
11-22-2016,131.27,136,129.58,134.39,769877
11-23-2016,137.73,137.96,128.2,129.5,814829
11-25-2016,140.19,140.55,135.28,138.39,339141
11-28-2016,137.11,141.23,136.79,140.38,833954
11-29-2016,137.72,141.21,135.6701,137.1,596867
11-30-2016,135.69,139.195,135.4,137.82,626927
12-01-2016,130.76,138.55,127.91,136.68,765767
12-02-2016,133.36,134.17,128.33,130.77,657374
12-05-2016,139.56,139.92,133.1,135,1354464
12-06-2016,139.87,143,136.94,139.41,657523
12-07-2016,134.85,138,130.76,138,831582
12-08-2016,131.54,135.3811,129.03,134.12,949663
12-09-2016,129.97,134.8579,128.6836,132.64,666399
12-12-2016,131.82,132.93,127,129.27,601012
12-13-2016,127.75,133.4799,127.63,132.47,578299
12-14-2016,129.39,130.1,125.5,127.5,635783
12-15-2016,127.5,129.7499,126.605,129.65,574221
12-16-2016,131.43,133.5,127.06,127.5,2098065
12-19-2016,127.24,131.83,125.6,131.12,1377371
12-20-2016,136.47,136.8,128.37,129,1031268
12-21-2016,136.805,139.66,135.22,136.66,627397
12-22-2016,132.59,137.5,131.62,136.54,433163
12-23-2016,139.86,140.449,132.74,132.99,545386
12-27-2016,136.66,140.99,135.445,140.12,450762
12-28-2016,134.86,138.8405,134.2401,137.11,467495
12-29-2016,135.06,137.1269,133.62,134.93,320975
12-30-2016,134.48,135.84,132.23,135.84,378710
01-03-2017,133.25,136.99,131.6,136.26,534169
01-04-2017,138.32,139,133.02,134.19,644529
01-05-2017,138.59,139.79,135.99,139.18,459642
01-06-2017,143.58,144.74,138.28,138.28,846864
01-09-2017,148.85,149.739,144.245,145.93,960847
01-10-2017,147.24,149.89,145.2212,149.08,810943
01-11-2017,145.9,153.65,139.181,146.88,1437463
01-12-2017,146.98,149,140.27,140.29,995451
01-13-2017,156.41,157.77,148,148.03,1066380
01-17-2017,151.25,156.49,150.72,156,1233313
01-18-2017,149.26,154.7473,147.73,152.3,726464
01-19-2017,149.91,153.64,148.38,150.01,661312
01-20-2017,147,150.19,146.06,149.85,943211
01-23-2017,146.09,150.71,144.53,148.62,855950
01-24-2017,142.57,148.53,141.58,146.47,714575
01-25-2017,140,144.67,139.03,142.74,894293
01-26-2017,153.36,157.04,137.2201,141,3158812
01-27-2017,153.85,159.69,149.511,154.69,1157979
01-30-2017,153.44,156.48,149.93,153,1037629
01-31-2017,162.84,163.78,150.41,152.92,1143787
02-01-2017,161.07,164.99,157.01,164.99,806082
02-02-2017,158.83,161.955,158.06,160.86,754681
02-03-2017,164.18,164.45,157.7,161.02,788766
02-06-2017,161.71,164.5,157.01,161.3,605072
02-07-2017,162.95,164.27,160.97,162.65,464337
02-08-2017,182.68,190,160.56,161.48,2847553
02-09-2017,186.91,192,183.3476,183.6,1597430
02-10-2017,182.02,185.99,181.23,185.92,1065394
02-13-2017,182.35,185.26,181.0397,182.92,529676
02-14-2017,182.26,185.08,181.15,182.1,480295
02-15-2017,184.61,184.975,181.22,182.62,588391
02-16-2017,182.56,183.99,179.29,182.8,711487
02-17-2017,190.36,192.43,181.01,184.47,1131524
02-21-2017,190.27,192.94,185.07,189.8,705420
02-22-2017,189.94,192.7829,188.25,189.39,558839
02-23-2017,185.94,190.74,181.54,190.59,892202
02-24-2017,186.9,190.4,183.22,184.18,656242
02-27-2017,187.42,188.63,182.91,182.91,551673
02-28-2017,188.37,189.2,183.16,187.35,883816
03-01-2017,178.95,189.97,177.42,186.62,1398240
03-02-2017,174.04,180.925,172.56,177.61,1272903
03-03-2017,180.84,182.41,173.1001,173.5,581569
03-06-2017,178.2,179.9799,175.55,178.06,508198
03-07-2017,177.14,179.2,174.01,176.68,470681
03-08-2017,177.72,184,175.1201,177.39,616560
03-09-2017,173.06,179.77,171.01,178.08,803865
03-10-2017,173.3,176.04,168.68,174.61,738621
03-13-2017,171.84,175.96,168.58,173.19,781535
03-14-2017,153.65,171.8,141.47,171.75,5036899
03-15-2017,152.75,155.89,145.0001,148.88,2974442
03-16-2017,153.25,154.95,150.18,152.75,1514961
03-17-2017,149.99,153.12,149.7,152.66,1631804
03-20-2017,152.05,153.065,148.87,150.2,513460
03-21-2017,149.67,153.45,149.04,152.01,888044
03-22-2017,155.78,156.04,146.27,149.64,733036
03-23-2017,153.62,158.94,153.15,155.95,844857
03-24-2017,160,161.72,154.21,156.32,997141
