03-28-2016,3.8,4.1,3.61,4.1,23695
03-29-2016,3.62,3.795,3.599,3.795,36540
03-30-2016,3.95,4.37,3.9,4.3,144214
03-31-2016,3.91,4.099,3.904,4.09,32010
04-01-2016,3.82,4.01,3.73,3.9,27859
04-04-2016,3.998,4,3.811,3.93,14271
04-05-2016,3.8,3.998,3.66,3.82,19094
04-06-2016,3.84,3.998,3.799,3.8,6504
04-07-2016,3.799,3.948,3.79,3.82,34249
04-08-2016,3.86,3.9,3.698,3.9,15843
04-11-2016,3.758,3.9,3.675,3.9,15994
04-12-2016,3.7,3.9,3.699,3.73,16674
04-13-2016,3.703,3.9,3.675,3.7,7409
04-14-2016,3.948,3.949,3.75,3.75,17627
04-15-2016,3.85,3.99,3.85,3.94,15563
04-18-2016,4.005,4.05,3.9,3.9,42713
04-19-2016,4.12,4.12,4.05,4.05,20188
04-20-2016,4.099,4.12,4.001,4.01,7146
04-21-2016,4.1,4.106,4.013,4.05,18638
04-22-2016,4.1,4.2,4.1,4.1,8948
04-25-2016,3.931,4.2,3.875,4.2,34217
04-26-2016,4,4.185,3.91,4,18494
04-27-2016,4.034,4.04,3.9,3.92,7012
04-28-2016,3.95,4.04,3.9,4.03,11818
04-29-2016,3.99,3.99,3.75,3.9,90837
05-02-2016,3.802,4.091,3.8,3.9,16362
05-03-2016,3.8,3.9,3.75,3.8,41451
05-04-2016,3.732,4,3.72,3.8,4855
05-05-2016,3.799,3.9,3.7,3.72,14844
05-06-2016,3.675,3.997,3.675,3.8,22626
05-09-2016,3.84,3.993,3.801,3.9,125744
05-10-2016,3.9,4.19,3.756,3.96,235328
05-11-2016,4.068,4.107,3.825,3.9,157304
05-12-2016,4,4.15,3.9,4.1,32017
05-13-2016,3.988,4.1,3.901,4.07,13631
05-16-2016,3.985,4.099,3.91,4,21914
05-17-2016,3.845,3.999,3.606,3.9,55441
05-18-2016,3.89,3.92,3.71,3.75,15157
05-19-2016,3.7,3.97,3.575,3.8,57897
05-20-2016,3.61,3.749,3.61,3.63,30146
05-23-2016,3.9,4,3.61,3.61,100533
05-24-2016,3.901,3.998,3.9,3.9,41893
05-25-2016,3.925,4.08,3.9,3.9,44659
05-26-2016,3.8,4.078,3.799,3.999,39074
05-27-2016,4.02,4.07,3.75,3.75,133965
05-31-2016,4.17,4.24,3.95,4.03,83871
06-01-2016,4.33,4.4686,4.13,4.23,144885
06-02-2016,4.38,4.42,4.26,4.31,72709
06-03-2016,4.393,4.43,4.29,4.34,52440
06-06-2016,4.42,4.43,4.34,4.4,57122
06-07-2016,4.36,4.43,4.35,4.42,60825
06-08-2016,4.68,4.75,4.3,4.37,530263
06-09-2016,4.55,4.79,4.55,4.64,297911
06-10-2016,4.2,4.52,4.1,4.52,136938
06-13-2016,4.32,4.35,4.22,4.31,40336
06-14-2016,4.43,4.4799,4.32,4.32,27013
06-15-2016,4.72,4.78,4.45,4.46,260585
06-16-2016,4.5,4.77,4.4,4.75,108030
06-17-2016,4.52,4.6699,4.5,4.6699,43843
06-20-2016,4.33,4.8,4.32,4.55,270356
06-21-2016,4.33,4.38,4.2,4.3,90374
06-22-2016,4.36,4.42,4.3,4.35,58411
06-23-2016,4.6,4.61,4.3801,4.41,59176
06-24-2016,4.47,4.5,4.3558,4.38,68703
06-27-2016,4.22,4.44,4.16,4.44,25891
06-28-2016,4.39,4.39,4.18,4.3199,43482
06-29-2016,4.53,4.55,4.39,4.49,32312
06-30-2016,4.53,4.59,4.46,4.5,80010
07-01-2016,4.54,4.56,4.49,4.5038,42939
07-05-2016,4.51,4.57,4.2352,4.2352,10937
07-06-2016,4.42,4.56,4.41,4.48,22028
07-07-2016,4.41,4.55,4.41,4.48,16195
07-08-2016,4.49,4.5,4.35,4.46,19139
07-11-2016,4.51,4.55,4.335,4.46,8905
07-12-2016,4.51,4.53,4.4109,4.51,15416
07-13-2016,4.42,4.484,4.32,4.47,45802
07-14-2016,4.39,4.44,4.3672,4.3975,7708
07-15-2016,4.39,4.45,4.3,4.45,10747
07-18-2016,4.36,4.47,4.3376,4.37,8734
07-19-2016,4.37,4.5016,4.351,4.5,30702
07-20-2016,4.47,4.48,4.32,4.42,45762
07-21-2016,4.38,4.48,4.358,4.48,46527
07-22-2016,4.03,4.38,3.8,4.36,78031
07-25-2016,4.24,4.25,3.98,3.98,48965
07-26-2016,4.19,4.21,4.129,4.2,36777
07-27-2016,4.2,4.26,4.06,4.13,35697
07-28-2016,4.2,4.249,4.17,4.2,20426
07-29-2016,4.15,4.19,4.14,4.16,13908
08-01-2016,4.25,4.46,4.12,4.14,80046
08-02-2016,4.28,4.34,4.22,4.34,34597
08-03-2016,4.3,4.48,4.21,4.28,55623
08-04-2016,4.24,4.33,4.2,4.33,23328
08-05-2016,4.24,4.2607,4.19,4.257,18262
08-08-2016,4.27,4.45,4.25,4.29,19307
08-09-2016,4.37,4.47,4.28,4.44,66775
08-10-2016,4.35,4.37,4.26,4.35,18232
08-11-2016,4.34,4.39,4.28,4.35,12182
08-12-2016,4.36,4.39,4.32,4.36,19656
08-15-2016,4.4,4.5,4.31,4.34,97318
08-16-2016,4.35,4.45,4.29,4.36,31250
08-17-2016,4.32,4.42,4.3,4.34,9751
08-18-2016,4.2701,4.4,4.25,4.3395,12523
08-19-2016,4.22,4.36,4.22,4.27,12547
08-22-2016,4.16,4.33,4.11,4.21,20401
08-23-2016,4.1,4.2,4.08,4.16,27534
08-24-2016,3.97,4.25,3.94,4.1,52001
08-25-2016,3.85,4.215,3.85,4.215,38522
08-26-2016,3.99,4,3.85,3.9,26050
08-29-2016,3.9,3.99,3.89,3.96,6732
08-30-2016,3.85,3.97,3.85,3.8685,11533
08-31-2016,3.8,3.98,3.78,3.882,27392
09-01-2016,3.82,3.83,3.73,3.77,35656
09-02-2016,3.86,3.97,3.78,3.78,3463
09-06-2016,3.8,3.9839,3.785,3.88,33013
09-07-2016,3.74,3.94,3.74,3.83,37281
09-08-2016,3.83,3.84,3.7,3.76,24342
09-09-2016,3.75,3.84,3.71,3.8,14351
09-12-2016,3.72,3.82,3.7,3.7092,19409
09-13-2016,3.81,3.83,3.75,3.75,14625
09-14-2016,3.85,3.9,3.784,3.81,23996
09-15-2016,3.75,3.9,3.72,3.76,48518
09-16-2016,3.86,3.89,3.72,3.75,24651
09-19-2016,3,3.1,2.84,3.1,294342
09-20-2016,3.06,3.19,2.98,3.01,109061
09-21-2016,3.1499,3.18,3.07,3.1,34394
09-22-2016,3.19,3.2,3.1,3.12,30585
09-23-2016,3.25,3.25,3.16,3.17,18874
09-26-2016,3.19,3.27,3.19,3.26,8936
09-27-2016,3.11,3.22,3.11,3.1836,27172
09-28-2016,3.12,3.239,3.1112,3.14,23288
09-29-2016,3.07,3.15,3.07,3.15,26807
09-30-2016,3.04,3.1229,3,3.1229,39057
10-03-2016,3.06,3.12,3.01,3.01,9960
10-04-2016,3.03,3.15,3,3.05,17818
10-05-2016,3.054,3.14,3.0301,3.031,8023
10-06-2016,3,3.06,3,3.02,27947
10-07-2016,3.07,3.09,3,3,21505
10-10-2016,3.03,3.1,3.01,3.04,30524
10-11-2016,3.01,3.07,3,3.05,16989
10-12-2016,3.04,3.04,3,3.04,14278
10-13-2016,3.01,3.06,3,3,18534
10-14-2016,3.03,3.04,2.95,2.9928,29015
10-17-2016,2.92,2.99,2.91,2.95,31570
10-18-2016,2.91,2.98,2.91,2.92,12121
10-19-2016,2.95,2.97,2.91,2.91,20749
10-20-2016,2.91,3.02,2.91,2.95,61164
10-21-2016,2.91,2.94,2.87,2.92,17644
10-24-2016,2.86,2.93,2.86,2.9,32242
10-25-2016,2.75,2.91,2.71,2.9,44094
10-26-2016,2.69,2.8,2.6,2.72,52377
10-27-2016,2.4701,2.72,2.47,2.72,81047
10-28-2016,2.48,2.55,2.4,2.48,41634
10-31-2016,2.57,2.58,2.42,2.53,45083
11-01-2016,2.4801,2.55,2.42,2.55,56965
11-02-2016,2.38,2.54,2.32,2.52,74281
11-03-2016,2.35,2.4,2.27,2.4,96430
11-04-2016,2.39,2.43,2.3,2.38,141730
11-07-2016,2.45,2.46,2.4,2.4,34551
11-08-2016,2.43,2.5,2.42,2.5,20560
11-09-2016,2.54,2.56,2.46,2.56,26768
11-10-2016,2.55,2.6,2.47,2.55,29170
11-11-2016,2.47,2.62,2.4501,2.53,28852
11-14-2016,2.53,2.57,2.49,2.5,47978
11-15-2016,2.58,2.59,2.51,2.51,8874
11-16-2016,2.54,2.59,2.52,2.55,10569
11-17-2016,2.54,2.5799,2.51,2.54,17042
11-18-2016,2.55,2.55,2.46,2.51,68659
11-21-2016,2.74,2.75,2.52,2.5833,147414
11-22-2016,2.63,2.85,2.605,2.7,135522
11-23-2016,2.64,2.64,2.53,2.614,47921
11-25-2016,2.63,2.68,2.59,2.62,16488
11-28-2016,2.55,2.62,2.495,2.6,53381
11-29-2016,2.48,2.6,2.45,2.57,43517
11-30-2016,2.31,2.49,2.3,2.46,95472
12-01-2016,2.31,2.37,2.26,2.3,50548
12-02-2016,2.31,2.33,2.29,2.29,47767
12-05-2016,2.3,2.39,2.27,2.34,84866
12-06-2016,2.32,2.4,2.28,2.28,20947
12-07-2016,2.34,2.36,2.28,2.35,57924
12-08-2016,2.46,2.48,2.32,2.34,65689
12-09-2016,2.5,2.56,2.42,2.49,48922
12-12-2016,2.38,2.505,2.37,2.5,55714
12-13-2016,2.41,2.43,2.38,2.41,25656
12-14-2016,2.38,2.449,2.31,2.4,47924
12-15-2016,2.23,2.39,2.23,2.36,96198
12-16-2016,2.24,2.34,2.21,2.21,77575
12-19-2016,2.24,2.27,2.21,2.21,103073
12-20-2016,2.23,2.28,2.22,2.22,58442
12-21-2016,2.2901,2.32,2.21,2.22,39160
12-22-2016,2.27,2.34,2.23,2.26,46233
12-23-2016,2.42,2.43,2.25,2.25,62027
12-27-2016,2.43,2.47,2.3359,2.39,39312
12-28-2016,2.25,2.4,2.25,2.4,47756
12-29-2016,2.29,2.31,2.22,2.22,39347
12-30-2016,2.3,2.33,2.21,2.3,107127
01-03-2017,2.37,2.41,2.3,2.35,17577
01-04-2017,2.33,2.45,2.31,2.37,35101
01-05-2017,2.39,2.41,2.3,2.3,25704
01-06-2017,2.35,2.4,2.33,2.36,36911
01-09-2017,2.44,2.4799,2.35,2.37,131616
01-10-2017,2.45,2.72,2.37,2.48,390390
01-11-2017,2.34,2.49,2.2978,2.48,79774
01-12-2017,2.31,2.32,2.26,2.32,66035
01-13-2017,2.3214,2.38,2.281,2.31,20072
01-17-2017,2.33,2.36,2.27,2.36,61168
01-18-2017,2.27,2.31,2.25,2.2825,40589
01-19-2017,2.21,2.3,2.2,2.25,67210
01-20-2017,2.25,2.29,2.21,2.21,12264
01-23-2017,2.2201,2.32,2.21,2.22,55702
01-24-2017,2.24,2.27,2.2,2.2043,37471
01-25-2017,2.2723,2.32,2.21,2.2144,56311
01-26-2017,2.24,2.32,2.24,2.285,28647
01-27-2017,2.1411,2.25,2.05,2.21,136266
01-30-2017,2.18,2.19,2.1,2.16,33868
01-31-2017,2.18,2.19,2.11,2.16,57514
02-01-2017,2.12,2.2,2.11,2.1733,40130
02-02-2017,2.14,2.25,2.1,2.15,155339
02-03-2017,2.141,2.16,2.0719,2.0719,37591
02-06-2017,2.13,2.16,2.126,2.16,18804
02-07-2017,2.1307,2.17,2.1,2.14,76513
02-08-2017,2.25,2.32,2.07,2.12,624365
02-09-2017,2.35,2.39,2.26,2.33,604280
02-10-2017,2.32,2.38,2.18,2.38,337093
02-13-2017,2.32,2.34,2.27,2.31,186243
02-14-2017,2.258,2.31,2.25,2.31,121002
02-15-2017,2.32,2.34,2.241,2.26,99391
02-16-2017,2.27,2.33,2.27,2.3065,42419
02-17-2017,2.26,2.3,2.25,2.27,31051
02-21-2017,2.16,2.3,2.1201,2.3,85125
02-22-2017,2.19,2.21,2.15,2.15,32501
02-23-2017,2.15,2.17,2.15,2.17,35503
02-24-2017,2.1668,2.1901,2.13,2.161,53556
02-27-2017,2.19,2.24,2.17,2.18,12568
02-28-2017,2.13,2.2,2.13,2.19,103795
03-01-2017,2.21,2.26,2.1242,2.1242,98967
03-02-2017,2.2186,2.24,2.1675,2.2,31684
03-03-2017,2.15,2.21,2.15,2.18,26216
03-06-2017,2.14,2.19,2.12,2.15,51946
03-07-2017,2.14,2.18,2.12,2.13,40943
03-08-2017,2.14,2.19,2.08,2.17,39718
03-09-2017,2.1953,2.2,2.14,2.14,52651
03-10-2017,2.28,2.32,2.17,2.2,257981
03-13-2017,2.45,2.4701,2.25,2.28,815361
03-14-2017,2.33,2.4501,2.2692,2.45,194715
03-15-2017,2.23,2.35,2.21,2.31,135495
03-16-2017,2.23,2.269,2.161,2.2328,118583
03-17-2017,2.19,2.23,2.15,2.23,64543
03-20-2017,2.2,2.22,2.17,2.2,60036
03-21-2017,2.16,2.25,2.16,2.2,53675
03-22-2017,2.18,2.19,2.1421,2.16,34842
03-23-2017,2.13,2.19,2.1,2.15,62366
03-24-2017,2.15,2.17,2.1,2.12,10931
