03-28-2016,6,6,5.7,5.98,798506
03-29-2016,6.28,6.29,5.818,6.08,1039852
03-30-2016,6.47,6.67,6.3,6.34,680221
03-31-2016,6.63,6.7,6.33,6.44,630221
04-01-2016,6.7,6.87,6.43,6.55,562970
04-04-2016,6.89,7.07,6.6476,6.76,453412
04-05-2016,6.82,7.12,6.74,6.87,551785
04-06-2016,7.45,7.47,6.66,6.87,573274
04-07-2016,7.61,7.65,7.23,7.42,445509
04-08-2016,7.29,7.69,7.06,7.69,360100
04-11-2016,7.24,7.75,7.16,7.34,455209
04-12-2016,7.28,7.49,7.16,7.46,339434
04-13-2016,7.62,7.65,7.28,7.34,570432
04-14-2016,7.5,7.75,7.374,7.61,315903
04-15-2016,7.69,7.7,7.37,7.51,358258
04-18-2016,7.72,7.765,7.48,7.63,222663
04-19-2016,7.54,7.738,7.34,7.72,504338
04-20-2016,7.44,7.69,7.38,7.58,200311
04-21-2016,7.82,7.9119,7.44,7.44,322440
04-22-2016,8.08,8.115,7.67,7.85,261699
04-25-2016,8.1,8.245,7.8,8.05,318763
04-26-2016,7.79,8.1,7.53,8.1,411363
04-27-2016,7.64,7.8699,7.44,7.8,263052
04-28-2016,7.8,8.046,7.51,7.64,270643
04-29-2016,7.19,7.87,7.19,7.82,678264
05-02-2016,7.37,7.4,7.08,7.24,260861
05-03-2016,7.12,7.4,7.1,7.32,241932
05-04-2016,6.39,7.12,6.38,7.03,306924
05-05-2016,6.18,6.42,6.01,6.42,258865
05-06-2016,6.27,6.3425,6.02,6.1,242568
05-09-2016,6.64,6.792,6.23,6.28,290648
05-10-2016,6.8,6.87,6.28,6.71,200808
05-11-2016,6.54,6.89,6.46,6.55,320741
05-12-2016,6.32,6.56,6.15,6.56,258404
05-13-2016,6.39,6.79,6.02,6.3,230099
05-16-2016,7.48,7.525,6.4,6.4,405692
05-17-2016,7.4,7.66,7.33,7.41,267678
05-18-2016,7.69,7.74,7.13,7.34,201734
05-19-2016,7.67,7.75,7.47,7.59,363737
05-20-2016,7.94,7.97,7.585,7.66,319043
05-23-2016,8.7,8.83,7.94,7.94,410996
05-24-2016,8.93,9,8.46,8.84,290413
05-25-2016,9.42,9.655,8.9499,8.98,368601
05-26-2016,9.62,9.68,9.275,9.42,249676
05-27-2016,9.62,9.9699,9.51,9.65,242249
05-31-2016,10.03,10.13,9.44,9.72,301707
06-01-2016,10.66,10.76,9.91,10,437432
06-02-2016,10.58,10.88,10.3,10.65,251211
06-03-2016,9.87,10.54,9.69,10.54,282894
06-06-2016,10.51,10.56,9.73,10.02,211595
06-07-2016,10.28,10.7168,10.24,10.62,178773
06-08-2016,10.31,10.4,9.85,10.28,105229
06-09-2016,10.12,10.41,10.01,10.21,123111
06-10-2016,10.19,10.59,9.77,10.01,242920
06-13-2016,10.39,10.5308,10.05,10.1,232634
06-14-2016,10.1,10.73,10,10.36,443659
06-15-2016,10.32,10.63,10.03,10.11,989837
06-16-2016,10.63,10.66,10.086,10.25,225246
06-17-2016,10.07,10.66,10.05,10.66,396254
06-20-2016,10.65,10.94,10.29,10.36,328650
06-21-2016,10.36,10.73,10.07,10.73,284482
06-22-2016,10.39,10.75,10.2107,10.4,174123
06-23-2016,10.54,10.79,10.3201,10.52,203212
06-24-2016,10.4,10.56,8.95,9.38,1484977
06-27-2016,10.41,10.5,9.96,10.37,332436
06-28-2016,11.04,11.5567,10.57,10.61,550963
06-29-2016,10.99,11.36,10.86,11.19,354089
06-30-2016,10.79,11.15,10.68,11.01,725658
07-01-2016,10.29,10.845,9.93,10.73,419532
07-05-2016,10.4,10.54,10.17,10.21,188407
07-06-2016,10.57,10.87,10.292,10.34,203817
07-07-2016,10.57,10.77,10.37,10.63,148741
07-08-2016,10.73,10.8599,10.5,10.61,158473
07-11-2016,10.61,10.89,10.45,10.88,183869
07-12-2016,10.46,10.76,10.44,10.7,189478
07-13-2016,10.09,10.71,10.03,10.57,140844
07-14-2016,9.89,10.23,9.85,10.18,135427
07-15-2016,10.02,10.17,9.8,9.96,198831
07-18-2016,10.34,10.39,9.94,10.05,100824
07-19-2016,10.03,10.41,9.93,10.3,100704
07-20-2016,10.37,10.57,9.92,10.07,133016
07-21-2016,10.66,10.72,10.45,10.45,182689
07-22-2016,10.76,10.89,10.58,10.72,80871
07-25-2016,10.84,10.95,10.63,10.75,123390
07-26-2016,11.17,11.39,10.6537,10.73,243956
07-27-2016,11.37,11.38,11.16,11.25,173068
07-28-2016,11.05,11.37,10.91,11.37,85984
07-29-2016,10.65,11.1678,10.55,10.99,187647
08-01-2016,10.71,10.92,10.59,10.67,111401
08-02-2016,10.35,10.87,10.27,10.61,151170
08-03-2016,10.29,10.37,9.78,10.3,117211
08-04-2016,8.93,9.53,8.4505,9.25,655715
08-05-2016,8.72,9.03,8.685,8.92,266572
08-08-2016,9.09,9.25,8.71,8.71,207574
08-09-2016,8.99,9.445,8.83,9.13,159690
08-10-2016,8.75,9.045,8.62,9.045,121788
08-11-2016,8.6,8.85,8.58,8.77,158307
08-12-2016,8.63,8.75,8.25,8.53,774461
08-15-2016,8.78,9.06,8.64,8.9,148910
08-16-2016,8.58,8.88,8.58,8.75,175778
08-17-2016,8.18,8.61,8.08,8.57,166468
08-18-2016,8,8.53,7.8,8.14,314042
08-19-2016,7.88,8.1,7.84,7.99,109067
08-22-2016,7.75,7.91,7.73,7.91,108521
08-23-2016,7.65,7.885,7.59,7.78,119305
08-24-2016,7.14,7.85,7.01,7.67,530701
08-25-2016,7.01,7.43,6.96,7.14,255545
08-26-2016,6.97,7.22,6.85,7.22,217980
08-29-2016,6.98,7.11,6.85,7.01,132902
08-30-2016,7.04,7.19,6.92,7.01,136212
08-31-2016,6.91,7.12,6.75,7.04,171544
09-01-2016,6.84,7.035,6.76,6.87,135166
09-02-2016,7.01,7.16,6.79,6.9,183857
09-06-2016,7.62,7.71,7.03,7.03,170612
09-07-2016,7.97,8,7.56,7.64,163424
09-08-2016,8.72,9.14,7.7,7.99,417807
09-09-2016,8.05,8.65,7.78,8.65,209052
09-12-2016,8.21,8.3,7.8101,7.92,158679
09-13-2016,8.1,8.27,7.91,8.23,174239
09-14-2016,20.85,20.97,20.81,20.81,33714014
09-15-2016,20.84,20.88,20.83,20.85,5319714
09-16-2016,20.95,20.95,20.84,20.85,4129196
09-19-2016,20.85,20.95,20.84,20.9,2917978
09-20-2016,20.88,20.91,20.84,20.85,878811
09-21-2016,20.94,20.96,20.87,20.87,903718
09-22-2016,20.85,20.94,20.84,20.9,1938780
09-23-2016,20.94,20.94,20.85,20.86,830753
09-26-2016,20.9,20.94,20.9,20.92,445171
09-27-2016,20.96,20.96,20.9,20.91,460391
09-28-2016,20.93,20.95,20.91,20.93,385021
09-29-2016,20.93,20.96,20.915,20.93,699266
09-30-2016,20.92,20.98,20.92,20.95,873838
10-03-2016,20.96,21.035,20.94,20.94,792427
10-04-2016,20.97,21.01,20.96,20.97,335912
10-05-2016,20.98,21.01,20.96,20.98,371235
10-06-2016,20.96,20.98,20.93,20.97,441627
10-07-2016,20.99,21,20.94,20.97,386351
10-10-2016,20.97,21,20.95,20.99,298606
10-11-2016,20.94,20.98,20.935,20.97,705645
10-12-2016,20.95,20.97,20.95,20.95,302579
10-13-2016,20.97,20.98,20.96,20.96,332350
10-14-2016,20.99,21,20.95,20.98,606551
10-17-2016,20.99,20.99,20.97,20.97,280966
10-18-2016,20.99,20.995,20.96,20.97,861317
10-19-2016,20.98,20.99,20.97,20.97,168787
10-20-2016,20.98,20.99,20.98,20.98,369519
10-21-2016,20.99,20.99,20.98,20.98,182851
10-24-2016,21,21,20.99,20.99,541108
