03-28-2016,8.74,9.194,8.3,8.68,15344
03-29-2016,9,9.04,8.74,8.79,15232
03-30-2016,8.84,9.02,8.82,8.92,5972
03-31-2016,8.73,9.19,8.52,9.19,20378
04-01-2016,9.21,9.57,8.53,8.9,60908
04-04-2016,8.91,9.59,8.77,9.23,13649
04-05-2016,8.77,8.97,8.71,8.94,15008
04-06-2016,9.29,9.3199,8.6001,8.72,22132
04-07-2016,9.27,9.5,9.01,9.33,34149
04-08-2016,9.17,9.49,8.953,9.31,33423
04-11-2016,9.64,9.825,9.1153,9.12,35398
04-12-2016,10.98,10.99,9.55,9.57,402193
04-13-2016,13.49,14.9099,11,11,96509
04-14-2016,12.43,14.75,11.6,13.43,72933
04-15-2016,12.16,12.55,11.77,12.31,22723
04-18-2016,12.39,13.3222,12.04,12.04,44622
04-19-2016,12.47,12.64,12.12,12.37,19469
04-20-2016,11.51,12.74,11.21,12.45,34884
04-21-2016,11.83,11.86,11.3201,11.41,33925
04-22-2016,12.16,12.42,11.56,11.86,27242
04-25-2016,12.97,13.25,12.0161,12.27,19645
04-26-2016,13,13.25,12.0201,12.94,39891
04-27-2016,12.49,13.08,11.815,13.08,27131
04-28-2016,12.67,12.94,12.18,12.5,30505
04-29-2016,11.65,12.877,11.4,12.45,23823
05-02-2016,12.48,12.66,11.35,11.78,40957
05-03-2016,12.07,12.53,11.7183,12.5,24966
05-04-2016,12.03,12.4,11.8,11.99,12363
05-05-2016,11.81,12.24,11.5,12.24,35840
05-06-2016,12.15,12.584,11.66,12.19,33311
05-09-2016,12.22,12.48,11.52,12.44,63907
05-10-2016,13.03,13.19,12.1399,12.23,96549
05-11-2016,12.68,13.93,12.235,12.44,190190
05-12-2016,11.82,13.28,11.61,12.64,198671
05-13-2016,11.86,13.83,11.54,11.78,188037
05-16-2016,11.04,12.355,10.04,11.87,161543
05-17-2016,11.01,11.25,10.81,10.81,79266
05-18-2016,11,11.2811,10.8,11.09,173647
05-19-2016,11.33,11.5,10.773,10.92,58111
05-20-2016,11.83,13.73,11.59,11.8,238815
05-23-2016,12,12.75,11.8,11.8,145236
05-24-2016,12.5,13.21,11.82,12.17,180527
05-25-2016,12.76,13.37,12.53,12.89,148273
05-26-2016,12.78,13.17,12.635,12.79,78498
05-27-2016,13.66,14.08,12.89,12.89,148880
05-31-2016,13.88,14.25,13.755,13.8,94031
06-01-2016,13.71,14.12,13.6,13.84,38026
06-02-2016,13.78,14.28,13.5,13.88,82237
06-03-2016,13.4,13.82,13.22,13.82,47945
06-06-2016,13.99,14.7,13.445,13.88,87579
06-07-2016,13.79,14.44,13.37,14.11,108354
06-08-2016,14.06,14.4,13.02,13.46,242884
06-09-2016,15.19,15.43,13.95,14,113549
06-10-2016,14.89,15.35,14.52,14.83,99011
06-13-2016,14.14,15.13,13.85,14.94,152768
06-14-2016,13.71,14.68,13.29,14.21,106704
06-15-2016,13.7,14.16,13.4,14.08,106004
06-16-2016,14.03,14.24,13.32,14.07,112694
06-17-2016,14.27,14.39,13.5601,14.1,311375
06-20-2016,14.48,14.81,14.0901,14.44,81874
06-21-2016,13.14,14.54,12.78,14.54,90875
06-22-2016,12.24,13.21,11.52,12.97,121781
06-23-2016,12.51,13.2,11.92,12.32,63126
06-24-2016,12.52,12.91,11.43,12.03,730070
06-27-2016,10.7,12.54,10.52,12.54,114941
06-28-2016,10.81,11.13,10.3,10.93,79312
06-29-2016,10.63,11.18,10.29,10.85,110283
06-30-2016,10.99,11.17,10.04,10.6,52758
07-01-2016,11.16,11.63,10.98,11.1,75137
07-05-2016,10.94,11.19,10.53,10.96,69321
07-06-2016,11.32,11.52,10.75,10.94,26649
07-07-2016,11.35,11.92,10.97,11.0001,86026
07-08-2016,11.71,11.9,11.0301,11.49,60151
07-11-2016,12.09,12.17,11.5,11.87,45739
07-12-2016,12.33,12.7,12.04,12.11,57225
07-13-2016,11.81,12.66,11.7501,12.49,44256
07-14-2016,11.93,12.355,11.69,11.94,43930
07-15-2016,12.69,12.9,12.03,12.33,199295
07-18-2016,12.54,12.7799,12.36,12.71,47678
07-19-2016,12.46,12.6999,12.1701,12.56,38490
07-20-2016,12.71,12.71,12.27,12.5,25609
07-21-2016,12.66,13.09,12.35,12.71,34361
07-22-2016,13.86,13.93,12.6901,12.76,87607
07-25-2016,13.79,14.23,13.7,13.91,62971
07-26-2016,14.27,14.49,13.4601,13.65,57541
07-27-2016,14.24,14.55,13.92,14.3,42252
07-28-2016,14.28,14.95,14.03,14.18,25081
07-29-2016,14.74,14.75,13.68,13.76,54948
08-01-2016,14.48,14.89,14.355,14.57,26110
08-02-2016,14.02,14.78,13.77,14.56,49429
08-03-2016,14.27,14.64,14.0319,14.11,52682
08-04-2016,15.11,15.17,12.91,13.1348,52262
08-05-2016,16.13,16.34,14.83,14.97,33905
08-08-2016,16.26,16.42,15.72,16.32,30256
08-09-2016,16.21,16.71,15.99,16.46,31905
08-10-2016,15.52,16.5216,15.42,16.5216,38003
08-11-2016,15.67,15.71,15.23,15.23,22215
08-12-2016,15.98,16.06,15.67,15.67,22277
08-15-2016,16.02,16.19,15.8892,16.03,28721
08-16-2016,15.96,16.03,15.74,16.03,25408
08-17-2016,16.26,16.48,15.84,15.84,65783
08-18-2016,15.97,16.465,15.84,16.18,52252
08-19-2016,15.33,16.29,15.3,15.97,67492
08-22-2016,14.28,15.8975,14.15,15.25,49641
08-23-2016,13.76,14.7499,13.255,14.3,60858
08-24-2016,13.15,14.12,13.07,14.12,30416
08-25-2016,12.83,13.78,12.53,13.615,46016
08-26-2016,12.57,13.56,12.2,12.75,43093
08-29-2016,12.47,12.7999,12.4,12.6,42228
08-30-2016,12.27,13.05,12.154,13.02,24823
08-31-2016,12.17,12.9419,12.1,12.36,48224
09-01-2016,12.23,12.3299,12.07,12.2,25152
09-02-2016,11.69,12.27,11.49,12.25,36453
09-06-2016,11.77,12.22,11.135,11.83,24519
09-07-2016,12.52,12.71,11.41,11.9809,108018
09-08-2016,12.86,13.38,11.77,12.58,88250
09-09-2016,12.68,12.9899,12.2064,12.81,65778
09-12-2016,13.58,14.05,13.05,13.469,78987
09-13-2016,13.44,13.68,12.98,13.46,34302
09-14-2016,13.67,13.9894,12.91,12.91,26980
09-15-2016,14.09,14.09,13.225,13.225,103679
09-16-2016,14.26,14.87,13.99,14.25,134851
09-19-2016,13.75,14.5166,13.45,14.29,47090
09-20-2016,13.71,14,13.45,13.9,30705
09-21-2016,13.86,14.08,13.4,13.85,57938
09-22-2016,13.89,14.41,13.62,13.9,123169
09-23-2016,13.85,14.04,13.5,13.93,28384
09-26-2016,13.74,14.115,13.62,14,30165
09-27-2016,13.9,14.1099,13.6,13.78,23002
09-28-2016,13.48,14,13.24,13.89,21608
09-29-2016,11.86,13.45,11.77,13.28,53353
09-30-2016,12.01,12.38,11.52,11.99,95475
10-03-2016,11.94,12.33,11.505,12,62308
10-04-2016,12.05,12.5258,11.86,11.98,72174
10-05-2016,12.31,12.76,12.08,12.15,93524
10-06-2016,12.1,12.375,12.0401,12.35,99804
10-07-2016,11.84,12.14,10.65,11.85,156406
10-10-2016,12.08,12.27,11.54,11.7,29732
10-11-2016,11.64,12.66,11.58,12.5,43623
10-12-2016,11.27,11.92,11.16,11.92,31207
10-13-2016,11.1,11.23,11,11.19,18928
10-14-2016,11.07,11.25,11.02,11.13,17138
10-17-2016,11.06,11.5,11,11.01,26304
10-18-2016,12.32,12.45,11.16,11.23,72393
10-19-2016,12.11,12.5,11.745,12.04,35019
10-20-2016,12.82,12.94,11.98,12.04,49562
10-21-2016,12.45,12.73,12.36,12.7,18877
10-24-2016,12.75,12.89,11.6438,12.6,15088
10-25-2016,12.76,12.84,12.1783,12.52,34673
10-26-2016,12.45,12.9199,12.012,12.24,18615
10-27-2016,12.05,12.72,11.71,12.53,49124
10-28-2016,12.2,12.41,11.49,11.95,37932
10-31-2016,12,12.3,11.85,12.19,27246
11-01-2016,11.94,12.23,11.74,12.21,33013
11-02-2016,11.59,12.36,11.328,11.95,47096
11-03-2016,11.01,11.96,11,11.68,37103
11-04-2016,11.46,12.03,11,11.11,36794
11-07-2016,11.96,12.57,11.58,11.8,53346
11-08-2016,11.6,12.42,11.43,11.8,56402
11-09-2016,11.89,12.43,10.93,11.92,114870
11-10-2016,12.46,12.7,12.15,12.7,112947
11-11-2016,12.24,12.42,12.02,12.42,129978
11-14-2016,13.24,13.32,12.2801,12.45,124689
11-15-2016,13.95,14.28,12.38,13.09,85944
11-16-2016,13.97,14.1,13.54,13.95,52792
11-17-2016,14.71,14.9,12.221,14,46820
11-18-2016,13.99,14.74,13.89,14.74,30732
11-21-2016,14,14.645,13.35,14.645,25608
11-22-2016,14.07,14.5,13.88,14.15,37814
11-23-2016,14.35,14.43,13.3634,13.94,40831
11-25-2016,13.98,14.39,13.64,14.39,15285
11-28-2016,13.59,14.12,13.54,14.07,29826
11-29-2016,12.93,13.91,12.8,13.91,28740
11-30-2016,12.46,13.6,12.25,13.08,34804
12-01-2016,13.01,13.66,12.42,12.57,98985
12-02-2016,13.51,13.89,12.8,13,89710
12-05-2016,14.03,14.07,13.25,13.55,138322
12-06-2016,14,14.285,13.75,14.2,88854
12-07-2016,13.73,14.34,13.4501,13.91,97132
12-08-2016,15.02,18.25,14.445,17.5,944532
12-09-2016,14.43,15.9356,14.39,15.25,127899
12-12-2016,13.54,14.4458,13.39,14.25,91763
12-13-2016,13.67,13.7863,13.31,13.59,65738
12-14-2016,13.89,14.3,13.4369,13.69,66935
12-15-2016,14.69,14.81,13.8,14.02,93168
12-16-2016,14.26,15.23,14.13,14.77,130073
12-19-2016,13.82,14.7377,13.74,14.25,31413
12-20-2016,13.31,13.78,13.22,13.41,94649
12-21-2016,12.77,13.79,12.41,13.35,128689
12-22-2016,12.64,12.9211,12.513,12.75,81372
12-23-2016,13.15,13.26,12.6,12.6,86915
12-27-2016,13.13,13.37,13.01,13.01,45422
12-28-2016,13.08,13.15,12.87,13.1,42482
12-29-2016,13.02,13.35,12.86,13.09,54665
12-30-2016,12.74,13.43,12.33,13.06,67686
01-03-2017,11.97,12.55,11.27,12.5,302613
01-04-2017,12.88,13.56,11.74,11.79,267501
01-05-2017,12.64,13.39,12.58,12.87,168394
01-06-2017,11.84,12.745,11.64,12.7,102274
01-09-2017,11.99,12.1,11.3681,11.93,56945
01-10-2017,12.19,12.41,11.915,12,36149
01-11-2017,11.85,12.14,11.5,12.13,68751
01-12-2017,11.92,12.165,11.5,11.65,46170
01-13-2017,11.91,12.29,11.75,12.01,36551
01-17-2017,11.57,11.89,11.54,11.8,128079
01-18-2017,11.58,11.72,11.24,11.63,114196
01-19-2017,11.3,11.75,11.11,11.7,88598
01-20-2017,11.05,11.36,10.99,11.32,78425
01-23-2017,11.51,11.6,11,11.01,68489
01-24-2017,11.51,12,11.25,11.61,45894
01-25-2017,11.92,12.04,11.6,11.6,85878
01-26-2017,11.74,11.93,11.56,11.9,13312
01-27-2017,11.76,11.83,11.55,11.55,36279
01-30-2017,11.66,11.78,11.5,11.7,40453
01-31-2017,11.92,12.09,11.5001,11.55,79677
02-01-2017,12.13,12.25,12,12.078,43240
02-02-2017,12.4,12.91,11.89,12,131179
02-03-2017,12.42,12.71,12.24,12.62,189320
02-06-2017,12.02,12.61,11.99,12.35,84625
02-07-2017,11.76,12.18,11.72,12,49580
02-08-2017,11.83,12.1,11.6,11.71,33226
02-09-2017,12.04,12.3536,11.78,11.78,43563
02-10-2017,12.05,12.17,11.8,12.01,33084
02-13-2017,12.23,12.3,12.0962,12.17,32129
02-14-2017,12.68,12.85,12.2448,12.28,91746
02-15-2017,13.1,13.21,12.345,12.62,86383
02-16-2017,12.55,13.4692,12.415,13.15,52381
02-17-2017,12.44,12.91,12.2,12.65,49719
02-21-2017,12.46,13.2799,12.105,12.49,26629
02-22-2017,12.46,12.52,12.12,12.37,68230
02-23-2017,12.46,12.86,12.2325,12.47,125967
02-24-2017,12.29,12.65,11.86,12.65,44998
02-27-2017,12.94,13.11,12.2,12.2,39205
02-28-2017,12.95,13.24,12.75,12.95,57336
03-01-2017,13.74,13.85,12.93,12.93,99134
03-02-2017,14,14.3,13.69,14,180508
03-03-2017,14.02,14.11,13.89,13.93,82492
03-06-2017,13.91,14.3451,13.76,13.88,31918
03-07-2017,13.5,14.44,13.42,13.78,61884
03-08-2017,12.27,13.8,12.21,13.63,79158
03-09-2017,11.77,12.7254,11.74,12.52,81096
03-10-2017,12.23,12.71,11.77,11.86,64042
03-13-2017,11.85,12.5699,11.8,12.3,51370
03-14-2017,11.49,12,11.29,11.85,68747
03-15-2017,11.21,11.615,10.34,11.22,96713
03-16-2017,11.27,11.7216,11.22,11.48,78703
03-17-2017,11.11,11.26,10.71,11.25,198113
03-20-2017,11.45,11.6,11,11.17,73395
03-21-2017,10.91,11.49,10.67,11.49,116950
03-22-2017,10.92,10.97,10.62,10.97,89245
03-23-2017,11.44,11.49,10.9,11,83202
03-24-2017,11.56,11.7,11.24,11.46,72829
