03-28-2016,1.59,1.61,1.51,1.61,61794
03-29-2016,1.61,1.74,1.43,1.54,170235
03-30-2016,1.59,1.69,1.5501,1.6,22707
03-31-2016,1.67,1.68,1.59,1.59,16311
04-01-2016,1.65,1.7,1.65,1.672,6560
04-04-2016,1.7,1.74,1.63,1.63,17827
04-05-2016,1.72,1.765,1.68,1.7,9084
04-06-2016,1.9,1.9,1.7311,1.74,47911
04-07-2016,2.23,2.23,1.83,1.9,134995
04-08-2016,2.5,2.5,2.23,2.27,256501
04-11-2016,3.03,3.34,2.5,2.55,923818
04-12-2016,3.01,3.0996,2.75,3,358605
04-13-2016,3.05,3.0899,2.9,3.03,137953
04-14-2016,3.36,3.46,3.0301,3.08,232988
04-15-2016,3.86,3.928,3.39,3.39,426525
04-18-2016,3.5,3.86,3.5,3.86,291893
04-19-2016,3.61,3.78,3.45,3.53,34097
04-20-2016,3.37,3.7,3.14,3.62,122276
04-21-2016,3.0265,3.44,3,3.44,121124
04-22-2016,3.16,3.35,3.1,3.26,99496
04-25-2016,2.93,3.1813,2.91,3,85706
04-26-2016,2.66,2.9699,2.61,2.91,76800
04-27-2016,2.77,2.8844,2.65,2.7,47541
04-28-2016,2.76,2.9275,2.65,2.77,29133
04-29-2016,2.69,2.88,2.35,2.7741,63406
05-02-2016,2.51,2.66,2.41,2.66,37749
05-03-2016,2.32,2.5233,2.3101,2.51,61901
05-04-2016,2.3,2.48,2.25,2.32,46384
05-05-2016,2.03,2.3799,2.03,2.26,46899
05-06-2016,2.02,2.13,1.92,2.06,37463
05-09-2016,2.2201,2.4499,2.05,2.05,44691
05-10-2016,2.14,2.3012,2.12,2.3,37725
05-11-2016,2.16,2.37,2.12,2.16,17178
05-12-2016,2.04,2.28,2.02,2.1,44088
05-13-2016,2.19,2.24,2,2.08,21536
05-16-2016,2.19,2.19,2.1,2.19,8358
05-17-2016,2.28,2.33,2.0501,2.19,22166
05-18-2016,2.22,2.39,2.08,2.28,16798
05-19-2016,2.22,2.35,2.14,2.21,10511
05-20-2016,2.26,2.3,2.18,2.18,12416
05-23-2016,2.43,2.43,2.3,2.3,16770
05-24-2016,2.44,2.44,2.3,2.42,23366
05-25-2016,2.7,2.77,2.45,2.45,33653
05-26-2016,2.52,2.75,2.49,2.72,14547
05-27-2016,2.51,2.57,2.5,2.52,6192
05-31-2016,2.64,2.7275,2.5778,2.6,15698
06-01-2016,2.59,2.7,2.52,2.68,17160
06-02-2016,2.56,2.7,2.55,2.6,10469
06-03-2016,2.46,2.565,2.31,2.5,28171
06-06-2016,2.43,2.5799,2.39,2.42,20253
06-07-2016,2.43,2.5,2.43,2.48,12305
06-08-2016,2.4599,2.55,2.43,2.4729,10990
06-09-2016,2.3725,2.65,2.31,2.39,64636
06-10-2016,2.14,2.55,2.12,2.48,36357
06-13-2016,2.22,2.27,2.08,2.08,10746
06-14-2016,2.21,2.23,2.09,2.14,9300
06-15-2016,2.11,2.21,2.1,2.11,3902
06-16-2016,2.09,2.21,2.07,2.08,7807
06-17-2016,2.06,2.1899,2.06,2.14,9802
06-20-2016,2.1,2.1,2.02,2.07,32700
06-21-2016,2.02,2.075,2.01,2.06,6674
06-22-2016,2.02,2.11,1.99,2.02,43388
06-23-2016,2,2.1446,2,2.08,39000
06-24-2016,1.9548,2.0687,1.9501,2,12548
06-27-2016,1.84,2.02,1.8,2,33611
06-28-2016,1.91,1.98,1.85,1.93,8929
06-29-2016,1.96,2.09,1.9101,2,6812
06-30-2016,1.93,2.07,1.91,2.07,3077
07-01-2016,2.05,2.09,1.86,1.87,19578
07-05-2016,2.03,2.11,1.99,1.99,7307
07-06-2016,2.07,2.19,1.945,2.11,17477
07-07-2016,2.1004,2.18,2.1004,2.17,1647
07-08-2016,2.14,2.2,1.85,1.85,12132
07-11-2016,2.1451,2.19,2.04,2.1398,12678
07-12-2016,2.07,2.14,2.0022,2.12,12860
07-13-2016,2.03,2.13,1.9265,2.11,26448
07-14-2016,1.97,2.05,1.9,2.01,33254
07-15-2016,2.02,2.089,1.98,1.98,15573
07-18-2016,1.88,2.0431,1.83,2.0201,40849
07-19-2016,1.86,1.995,1.8201,1.93,14974
07-20-2016,1.92,1.97,1.85,1.9499,16764
07-21-2016,1.97,2.14,1.9,1.9699,264337
07-22-2016,1.82,2,1.81,1.9,98760
07-25-2016,1.82,1.9012,1.81,1.81,16316
07-26-2016,1.82,1.93,1.78,1.93,18604
07-27-2016,1.799,1.88,1.79,1.81,15087
07-28-2016,1.77,1.824,1.7,1.8177,12436
07-29-2016,1.76,1.83,1.73,1.73,8063
08-01-2016,1.84,1.84,1.754,1.76,4149
08-02-2016,1.82,1.82,1.7501,1.8184,4328
08-03-2016,1.78,1.81,1.7601,1.7601,3316
08-04-2016,1.84,1.89,1.76,1.76,24710
08-05-2016,1.95,1.9999,1.81,1.873,61478
08-08-2016,2,2,1.92,2,10794
08-09-2016,1.98,2.17,1.97,2,46510
08-10-2016,1.98,2.14,1.96,2.14,9278
08-11-2016,2.04,2.11,1.99,1.99,17246
08-12-2016,2.07,2.08,1.83,2.07,5959
08-15-2016,2.14,2.15,2.0401,2.0401,16072
08-16-2016,2.25,2.348,2.06,2.16,37002
08-17-2016,2.33,2.35,2.24,2.244,17572
08-18-2016,2.65,2.69,2.37,2.37,72848
08-19-2016,2.92,4.42,2.7,2.72,2275929
08-22-2016,2.72,3.04,2.6,2.9,174681
08-23-2016,2.64,2.9195,2.56,2.86,52110
08-24-2016,2.5,2.715,2.5,2.64,55366
08-25-2016,2.4,2.5017,2.371,2.46,62772
08-26-2016,2.3,2.36,2.2028,2.31,63716
08-29-2016,2.2299,2.23,2.08,2.21,42351
08-30-2016,2.2001,2.331,2.1201,2.24,15480
08-31-2016,2.17,2.26,2.1505,2.2,35433
09-01-2016,2.18,2.2,2.1,2.194,13499
09-02-2016,2.13,2.2,2.12,2.15,19413
09-06-2016,2.12,2.4872,2.1,2.13,67351
09-07-2016,1.98,2.23,1.98,2.08,40497
09-08-2016,2.12,2.1525,1.95,2.01,90572
09-09-2016,2.1,2.1999,2.1,2.1999,22051
09-12-2016,2.1,2.2,2.0507,2.1499,18523
09-13-2016,2.09,2.138,2.05,2.07,15421
09-14-2016,2.08,2.0844,2,2.08,9323
09-15-2016,2.22,2.22,1.96,2.04,90395
09-16-2016,2.24,2.31,2.19,2.23,18503
09-19-2016,2.2,2.23,2.15,2.22,26630
09-20-2016,2.71,2.85,2.47,2.68,670237
09-21-2016,2.84,2.91,2.6975,2.77,295079
09-22-2016,2.71,2.85,2.66,2.81,92533
09-23-2016,2.62,2.78,2.5001,2.78,86809
09-26-2016,2.63,2.7,2.62,2.7,59735
09-27-2016,2.58,2.69,2.52,2.69,44418
09-28-2016,2.65,2.68,2.52,2.52,48270
09-29-2016,2.63,2.7299,2.54,2.67,75178
09-30-2016,2.56,2.74,2.56,2.69,49798
10-03-2016,2.63,2.66,2.57,2.61,31088
10-04-2016,2.56,2.6199,2.5001,2.61,20682
10-05-2016,2.76,2.76,2.54,2.61,54315
10-06-2016,2.8799,2.9599,2.65,2.65,58364
10-07-2016,2.82,2.93,2.8101,2.91,54049
10-10-2016,2.91,2.919,2.8,2.8,25701
10-11-2016,2.86,2.93,2.78,2.93,32782
10-12-2016,2.7,2.8499,2.65,2.81,45403
10-13-2016,2.59,2.7394,2.551,2.73,31428
10-14-2016,2.56,2.62,2.5014,2.62,26288
10-17-2016,2.46,2.52,2.35,2.52,33413
10-18-2016,2.45,2.5343,2.31,2.52,25357
10-19-2016,2.43,2.499,2.4,2.41,33246
10-20-2016,2.48,2.5554,2.4,2.5554,18387
10-21-2016,2.85,2.8899,2.47,2.5325,132605
10-24-2016,3.24,3.3,2.8,2.84,380892
10-25-2016,2.42,3.5,2.28,3.5,527771
10-26-2016,2.2,2.429,2.02,2.4,272873
10-27-2016,2.22,2.43,2.08,2.31,453750
10-28-2016,2.05,2.15,2,2.15,184944
10-31-2016,1.82,2.0599,1.76,2.0231,209250
11-01-2016,1.74,1.94,1.71,1.85,117070
11-02-2016,1.7,1.86,1.65,1.85,83869
11-03-2016,1.44,1.69,1.44,1.68,92935
11-04-2016,1.57,1.67,1.49,1.67,98310
11-07-2016,1.62,1.66,1.565,1.57,32698
11-08-2016,1.64,1.73,1.55,1.63,102491
11-09-2016,1.65,1.715,1.57,1.65,136252
11-10-2016,1.66,1.68,1.5796,1.65,173166
11-11-2016,1.85,2,1.6565,1.72,326516
11-14-2016,1.7892,1.8981,1.75,1.8,82361
11-15-2016,1.7099,1.7572,1.61,1.72,187799
11-16-2016,1.67,1.7,1.618,1.65,83878
11-17-2016,1.64,1.68,1.6,1.66,33710
11-18-2016,1.62,1.6555,1.6,1.615,46846
11-21-2016,1.55,1.65,1.5,1.62,93123
11-22-2016,1.5,1.5872,1.47,1.56,63703
11-23-2016,1.49,1.56,1.45,1.49,136543
11-25-2016,1.52,1.54,1.45,1.45,31118
11-28-2016,1.48,1.5782,1.47,1.54,46796
11-29-2016,1.44,1.55,1.43,1.48,84986
11-30-2016,1.45,1.47,1.41,1.47,65500
12-01-2016,1.38,1.48,1.37,1.46,84045
12-02-2016,1.3399,1.4,1.3,1.4,90554
12-05-2016,1.34,1.3947,1.3,1.35,73628
12-06-2016,1.36,1.37,1.3,1.36,48112
12-07-2016,1.33,1.38,1.3,1.32,90000
12-08-2016,1.33,1.37,1.31,1.31,70811
12-09-2016,1.36,1.39,1.27,1.33,149001
12-12-2016,1.4,1.54,1.39,1.5,158012
12-13-2016,1.37,1.44,1.31,1.38,68846
12-14-2016,1.4,1.4,1.31,1.34,76353
12-15-2016,1.32,1.37,1.3,1.37,45118
12-16-2016,1.43,1.51,1.31,1.35,252252
12-19-2016,1.52,1.7399,1.3601,1.39,490357
12-20-2016,1.45,1.55,1.4,1.55,109500
12-21-2016,1.4301,1.51,1.39,1.42,162724
12-22-2016,1.4029,1.49,1.35,1.49,59251
12-23-2016,1.4,1.44,1.35,1.38,49928
12-27-2016,1.36,1.45,1.3524,1.43,33158
12-28-2016,1.31,1.41,1.31,1.36,49926
12-29-2016,1.23,1.339,1.23,1.3,95674
12-30-2016,1.25,1.37,1.1884,1.24,65056
01-03-2017,1.27,1.39,1.24,1.27,34108
01-04-2017,1.33,1.4,1.3,1.3,42202
01-05-2017,1.3,1.387,1.295,1.35,63543
01-06-2017,1.36,1.3859,1.25,1.32,145447
01-09-2017,1.46,1.52,1.43,1.5,219915
01-10-2017,1.45,1.5,1.41,1.47,28414
01-11-2017,1.39,1.5,1.38,1.44,79512
01-12-2017,1.405,1.5,1.4,1.41,60027
01-13-2017,1.3799,1.45,1.36,1.45,18442
01-17-2017,1.38,1.43,1.38,1.4,42639
01-18-2017,1.37,1.4175,1.3,1.38,77868
01-19-2017,1.41,1.46,1.33,1.4,97832
01-20-2017,1.43,1.4393,1.37,1.4122,24498
01-23-2017,1.34,1.4,1.31,1.38,21557
01-24-2017,1.35,1.3799,1.28,1.34,39542
01-25-2017,1.42,1.6,1.328,1.35,250540
01-26-2017,1.36,1.45,1.3521,1.45,16930
01-27-2017,1.36,1.4,1.36,1.4,3555
01-30-2017,1.32,1.38,1.32,1.34,17630
01-31-2017,1.37,1.43,1.25,1.31,71131
02-01-2017,1.33,1.37,1.29,1.37,32237
02-02-2017,1.69,1.8488,1.31,1.31,939555
02-03-2017,1.43,1.69,1.39,1.68,268353
02-06-2017,1.4286,1.46,1.4,1.46,50212
02-07-2017,1.4,1.4679,1.39,1.4,50974
02-08-2017,1.34,1.39,1.34,1.37,75300
02-09-2017,1.38,1.45,1.34,1.367,42449
02-10-2017,1.38,1.4,1.34,1.3624,29927
02-13-2017,1.37,1.4052,1.34,1.4,37750
02-14-2017,1.35,1.41,1.34,1.3592,25055
02-15-2017,1.36,1.38,1.34,1.34,54261
02-16-2017,1.28,1.5399,1.28,1.5,404638
02-17-2017,1.23,1.31,1.22,1.31,178636
02-21-2017,1.29,1.36,1.26,1.26,262363
02-22-2017,1.26,1.31,1.24,1.26,82889
02-23-2017,1.22,1.28,1.22,1.26,63888
02-24-2017,1.22,1.2499,1.1528,1.22,115027
02-27-2017,1.23,1.23,1.1512,1.22,54709
02-28-2017,1.16,1.22,1.16,1.22,49088
03-01-2017,1.23,1.31,1.17,1.2,269098
03-02-2017,1.25,1.2771,1.202,1.26,53151
03-03-2017,1.2352,1.271,1.2,1.2239,61451
03-06-2017,1.19,1.27,1.18,1.27,52972
03-07-2017,1.18,1.21,1.16,1.2,52536
03-08-2017,1.21,1.24,1.19,1.2,51148
03-09-2017,1.21,1.2677,1.21,1.24,33339
03-10-2017,1.26,1.36,1.21,1.21,397337
03-13-2017,1.3,1.34,1.26,1.31,199503
03-14-2017,1.2401,1.31,1.2401,1.29,74513
03-15-2017,1.25,1.31,1.25,1.27,127375
03-16-2017,1.275,1.3059,1.23,1.23,27999
03-17-2017,1.25,1.29,1.24,1.27,76485
03-20-2017,1.24,1.28,1.22,1.28,72803
03-21-2017,1.2,1.3,1.17,1.23,142883
03-22-2017,1.18,1.2374,1.18,1.22,70186
03-23-2017,1.16,1.198,1.16,1.17,73895
03-24-2017,1.15,1.23,1.15,1.16,115521
