03-28-2016,6.67,6.73,6.67,6.73,4848
03-29-2016,6.59,6.72,6.52,6.6,10839
03-30-2016,6.62,7.13,6.61,6.61,4719
03-31-2016,6.99,7.02,6.6,7.02,8912
04-01-2016,6.86,7.14,6.73,7.14,8278
04-04-2016,7.1,7.1,6.76,6.76,6945
04-05-2016,6.96,7.01,6.8,7,4622
04-06-2016,7.17,7.17,6.96,7.01,12567
04-07-2016,7.05,7.15,7.01,7.04,10961
04-08-2016,7.15,7.36,7.08,7.08,8102
04-11-2016,7.15,7.47,7.05,7.47,5957
04-12-2016,7.05,7.07,6.92,7.05,5644
04-13-2016,7.26,7.26,7.05,7.25,8857
04-14-2016,7.33,7.51,7.17,7.51,10248
04-15-2016,7.46,7.46,7.06,7.3306,17523
04-18-2016,7.54,7.55,7.22,7.25,31304
04-19-2016,7,7.5,7,7.5,31145
04-20-2016,7.25,7.48,7.07,7.07,21722
04-21-2016,7.36,7.39,7.26,7.39,12785
04-22-2016,7.615,7.615,7.42,7.5,16094
04-25-2016,7.29,7.72,7.1,7.51,7394
04-26-2016,7.2,7.3,7.05,7.3,22033
04-27-2016,7.16,7.28,7.08,7.28,7003
04-28-2016,7.07,7.25,7.04,7.04,7196
04-29-2016,7.13,7.13,7,7,7416
05-02-2016,7.04,7.1067,7.0001,7.0001,2239
05-03-2016,7.02,7.14,7.01,7.14,5319
05-04-2016,6.84,7.17,6.76,7.14,68999
05-05-2016,6.62,6.9,6.51,6.89,67840
05-06-2016,6.69,6.76,6.5,6.59,11590
05-09-2016,6.69,6.785,6.61,6.67,28418
05-10-2016,6.67,6.79,6.52,6.67,21784
05-11-2016,6.735,6.83,6.68,6.703,8325
05-12-2016,6.67,7.1,6.6,7.06,9633
05-13-2016,6.54,6.73,6.5,6.58,12936
05-16-2016,6.87,6.96,6.65,6.6899,8930
05-17-2016,6.77,6.91,6.56,6.84,7303
05-18-2016,6.62,6.84,6.55,6.75,10183
05-19-2016,6.66,6.67,6.55,6.61,4992
05-20-2016,6.64,6.6999,6.56,6.5601,8525
05-23-2016,6.7,6.7,6.61,6.7,8229
05-24-2016,6.6,6.85,6.55,6.76,6478
05-25-2016,6.65,6.95,6.649,6.95,14181
05-26-2016,6.78,6.8,6.21,6.59,40275
05-27-2016,6.55,6.79,6.095,6.57,10016
05-31-2016,6.93,6.93,6.5,6.61,21662
06-01-2016,7.02,7.24,6.9,6.94,12076
06-02-2016,7.38,7.39,7.05,7.05,13475
06-03-2016,7.46,7.49,7.12,7.35,4379
06-06-2016,7.27,7.4,7.15,7.3,9092
06-07-2016,7.2,7.34,7.2,7.34,4648
06-08-2016,7.21,7.34,7.21,7.21,1572
06-09-2016,7.34,7.34,7.19,7.22,2517
06-10-2016,7.3,7.34,7.14,7.27,26015
06-13-2016,7.21,7.21,7.02,7.21,29972
06-14-2016,6.56,7.28,6.46,7.14,88927
06-15-2016,6.49,6.92,6.42,6.54,15592
06-16-2016,6.4,6.55,6.21,6.41,5842
06-17-2016,6.36,6.62,6.305,6.4859,5028
06-20-2016,6.31,6.46,6.12,6.29,13579
06-21-2016,6.32,6.44,6.31,6.31,4618
06-22-2016,6.235,6.449,6.135,6.35,24364
06-23-2016,6.24,6.34,6.17,6.23,21311
06-24-2016,6.3,6.46,5.6501,6.15,46021
06-27-2016,6,6.3,5.76,6.3,27038
06-28-2016,5.88,6.23,5.86,6,21805
06-29-2016,5.96,6.19,5.88,6,33044
06-30-2016,5.9,6,5.86,6,23213
07-01-2016,6.2099,6.25,5.88,5.88,10721
07-05-2016,6.33,6.51,6,6.18,27108
07-06-2016,6.88,6.95,6.26,6.26,15721
07-07-2016,7,7,6.72,6.72,3951
07-08-2016,7.15,7.31,7,7,17762
07-11-2016,7.32,7.37,7.19,7.19,6703
07-12-2016,8.13,8.271,7.33,7.54,50502
07-13-2016,8.13,8.56,8.0101,8.0101,37123
07-14-2016,7.65,8.12,7.5601,8.12,12827
07-15-2016,7.71,8.07,7.6911,7.6911,13862
07-18-2016,7.74,7.94,7.656,7.708,6823
07-19-2016,7.81,7.9,7.6001,7.7199,4783
07-20-2016,7.54,7.97,7.54,7.8,9391
07-21-2016,7.36,7.8,7.36,7.56,10201
07-22-2016,7.35,7.69,7.35,7.47,14192
07-25-2016,7.1,7.43,7.0601,7.2501,19628
07-26-2016,7.39,7.44,7.19,7.2,8302
07-27-2016,7.36,7.4899,7.25,7.3,5991
07-28-2016,7.46,7.46,7.3,7.3001,4604
07-29-2016,7.64,7.67,7.37,7.37,6780
08-01-2016,7.44,7.72,7.4,7.48,3933
08-02-2016,7.3,7.5,7.13,7.3627,5677
08-03-2016,7.36,7.5,7.3,7.49,2992
08-04-2016,7.41,7.49,7.41,7.49,2259
08-05-2016,7.46,7.56,7.38,7.4,17764
08-08-2016,7.56,7.83,7.07,7.266,10160
08-09-2016,7.7,7.82,7.7,7.701,5483
08-10-2016,7.6,7.64,7.43,7.64,8244
08-11-2016,7.83,7.83,7.6,7.67,14139
08-12-2016,7.99,7.99,7.6,7.64,4228
08-15-2016,8.38,8.5,7.91,7.9402,7582
08-16-2016,8.095,8.37,8.09,8.37,7579
08-17-2016,7.97,8.11,7.81,7.9,2796
08-18-2016,7.6501,7.725,7.65,7.71,17847
08-19-2016,8.04,8.05,7.65,7.67,35946
08-22-2016,7.975,8.15,7.9,7.9,4587
08-23-2016,7.86,8.016,7.86,7.9,5867
08-24-2016,7.92,8.04,7.91,7.92,4010
08-25-2016,7.889,7.89,7.85,7.89,9242
08-26-2016,8.02,8.02,7.88,7.88,9913
08-29-2016,7.92,8.045,7.89,8.045,4402
08-30-2016,7.92,7.96,7.89,7.89,1828
08-31-2016,7.977,7.977,7.87,7.92,1814
09-01-2016,7.9699,7.9999,7.8901,7.9999,2660
09-02-2016,8,8,7.89,8,2223
09-06-2016,8.06,8.12,8,8.04,28435
09-07-2016,8.0101,8.25,8.01,8.06,104316
09-08-2016,7.84,8.09,7.45,7.75,474396
09-09-2016,7.73,7.95,7.55,7.74,32748
09-12-2016,7.9,8.02,7.5,7.5,38639
09-13-2016,8,8,7.57,7.85,25204
09-14-2016,7.97,8.02,7.8,7.97,62888
09-15-2016,7.9,7.95,7.85,7.91,31239
09-16-2016,7.99,8,7.9,7.98,4782
09-19-2016,7.93,7.97,7.86,7.95,4029
09-20-2016,8.03,8.03,7.85,7.85,33086
09-21-2016,8.02,8.02,7.9301,7.9301,6642
09-22-2016,8,8.02,7.95,8.01,31995
09-23-2016,7.83,8.14,7.74,8.02,205750
09-26-2016,8.12,8.21,7.89,8.05,169223
09-27-2016,8.15,8.45,8.11,8.15,122003
09-28-2016,8.33,8.34,8.161,8.22,32850
09-29-2016,7.95,8.33,7.89,8.25,35512
09-30-2016,8.1,8.33,7.78,8.04,131172
10-03-2016,8.0101,8.33,7.96,8.01,61484
10-04-2016,7.62,8.25,7.62,8,51890
10-05-2016,7.77,8,7.62,7.66,54154
10-06-2016,8.25,8.31,7.61,7.8,164564
10-07-2016,8.13,8.43,7.71,8,207984
10-10-2016,8.28,8.46,8.15,8.15,13157
10-11-2016,8.38,8.4,8.24,8.24,4135
10-12-2016,8.3,8.32,8.05,8.31,81316
10-13-2016,8.13,8.38,7.95,8.26,38021
10-14-2016,8.26,8.32,8.15,8.16,22665
10-17-2016,8.3,8.3,8.2,8.2,6835
10-18-2016,8.4,8.6,8.3,8.3,105217
10-19-2016,8.25,8.35,8.05,8.35,124235
10-20-2016,8.35,8.35,8,8,7376
10-21-2016,8.55,8.75,8.4,8.5,202291
10-24-2016,8.5,8.7,8.5,8.7,92342
10-25-2016,8.5,8.55,8.15,8.55,72932
10-26-2016,8.55,8.6,8.4,8.4,125074
10-27-2016,8.35,8.6,8.35,8.5,44728
10-28-2016,8.15,8.35,8,8.35,30008
10-31-2016,7.6,8.25,7.55,8.1,42716
11-01-2016,7.95,8.15,7.55,7.6,82971
11-02-2016,7.85,8.1,7.8,7.9,11839
11-03-2016,7.7,7.95,7.7,7.8,26144
11-04-2016,7.65,8.05,7.55,7.7,22255
11-07-2016,7.5,7.8,7.45,7.45,12951
11-08-2016,7.75,7.95,7.5,7.5,20454
11-09-2016,8.15,8.3,7.75,7.85,91167
11-10-2016,7.8,8.25,7.75,8.2,30452
11-11-2016,7.8,8,7.6,7.85,30178
11-14-2016,8.4,8.5,7.85,7.85,60564
11-15-2016,7.8,8.35,7.8,8.35,54497
11-16-2016,7.75,8.2,7.55,7.8,46455
11-17-2016,7.65,7.8,7.65,7.75,22304
11-18-2016,8.25,8.25,7.35,7.7,56664
11-21-2016,8.1,8.25,8.05,8.1,7872
11-22-2016,7.9,8.2,7.85,8.1,8043
11-23-2016,8.15,8.25,7.9,7.9,8332
11-25-2016,8.2,8.4,8.2,8.25,4635
11-28-2016,7.75,8.15,7.75,8.15,5576
11-29-2016,8.05,8.4,7.65,7.8,31558
11-30-2016,7.8,8,7.8,8,10839
12-01-2016,7.95,8,7.6,7.9,33318
12-02-2016,7.8,8.15,7.8,7.8,58459
12-05-2016,7.9,7.95,7.7,7.85,6474
12-06-2016,7.9,7.95,7.6,7.85,16718
12-07-2016,7.9,7.95,7.85,7.95,5008
12-08-2016,7.8,7.9,7.75,7.85,14023
12-09-2016,8,8.0808,7.8,7.8,19821
12-12-2016,7.8,8,7.75,8,9802
12-13-2016,7.75,7.9,7.7,7.75,11547
12-14-2016,7.85,7.95,7.7,7.75,20338
12-15-2016,8.2,8.25,7.8,7.9,169325
12-16-2016,8.2,8.25,8.15,8.2,1854
12-19-2016,8.2,8.25,8.15,8.2,6594
12-20-2016,8.1,8.3,8.1,8.15,7302
12-21-2016,8.3,8.3,8.1,8.25,52049
12-22-2016,8,8.25,8,8.25,9027
12-23-2016,8.25,8.25,7.9394,8,13334
12-27-2016,8.25,8.25,8.15,8.2,47396
12-28-2016,7.7,8.2,7.6,8.2,74700
12-29-2016,7.8,7.85,7.6,7.7,34840
12-30-2016,7.7,7.85,7.5,7.8284,89250
01-03-2017,7.85,7.9,7.7373,7.75,32828
01-04-2017,7.95,8.25,7.85,7.85,219494
01-05-2017,7.75,8,7.75,8,27636
01-06-2017,8.1,8.3,7.7,7.75,429686
01-09-2017,8.45,8.55,8.2,8.2,86257
01-10-2017,8.45,8.5,8.35,8.3837,23292
01-11-2017,8.3,8.5,8.2,8.4,31290
01-12-2017,8.25,8.3,8.15,8.25,27448
01-13-2017,8.35,8.5,8.2,8.5,20856
01-17-2017,8.2,8.3,8.05,8.3,20888
01-18-2017,8.4,8.4,8.1,8.2,42920
01-19-2017,8.3,8.35,8.25,8.35,43523
01-20-2017,8.2,8.35,8.2,8.35,24776
01-23-2017,8.15,8.25,8,8.15,53193
01-24-2017,8.05,8.15,7.938,8.1,18283
01-25-2017,8.3,8.3,8,8.05,100452
01-26-2017,8.2,8.35,8.15,8.3,13943
01-27-2017,8.15,8.35,8.05,8.15,20390
01-30-2017,8.05,8.1,8,8.1,9447
01-31-2017,8.2,8.2,8,8,27542
02-01-2017,8.1,8.2,7.975,8.15,68735
02-02-2017,8.1,8.2,7.95,8.15,54235
02-03-2017,8.2,8.2,7.95,8.1,50324
02-06-2017,8.3,8.325,8.05,8.25,66643
02-07-2017,8.15,8.25,8.05,8.25,25449
02-08-2017,8.2,8.2,7.85,8.15,29005
02-09-2017,8.025,8.15,8,8.15,58968
02-10-2017,8.1,8.1,7.95,8,51927
02-13-2017,8.2,8.3,8.05,8.05,216552
02-14-2017,8.25,8.3,8.1,8.15,94075
02-15-2017,8.3,8.4,8.2,8.2,93180
02-16-2017,8.15,8.3,8.05,8.3,38847
02-17-2017,8.3,8.3,8.145,8.2,55958
02-21-2017,8.25,8.35,8.25,8.3,120251
02-22-2017,8.2,8.35,8.2,8.25,89889
02-23-2017,7.95,8.25,7.9,8.2,124199
02-24-2017,7.75,7.95,7.7,7.95,33064
02-27-2017,8,8.1,7.8,7.8,54113
02-28-2017,8.05,8.1,8,8.05,27373
03-01-2017,8.1,8.15,7.95,8.05,57024
03-02-2017,8.15,8.25,8.05,8.15,65061
03-03-2017,8.6,8.95,8.1,8.1,247403
03-06-2017,8.2,8.8,8.1,8.6,139993
03-07-2017,8.4,8.55,8.1855,8.2,110625
03-08-2017,8.35,8.55,8.3,8.4,87809
03-09-2017,8.4,8.45,7.8707,8.1,111828
03-10-2017,8.35,8.4,8.2,8.4,78388
03-13-2017,8.4,8.65,8.35,8.4,242777
03-14-2017,8.3,8.5,8.055,8.45,114374
03-15-2017,8.15,8.4,8.15,8.4,53052
03-16-2017,8.2,8.2,8,8.15,46282
03-17-2017,8.1,8.3,8,8.1,56169
03-20-2017,8.25,8.3,8.1,8.1,55981
03-21-2017,8.4,8.45,8.2,8.3,69490
03-22-2017,9.35,9.35,8.3,8.35,449303
03-23-2017,9.85,9.95,9.2,9.25,321845
03-24-2017,4.65,5,4.3,4.9,3269690
