03-28-2016,23.92,24.64,23.1,24.2,283518
03-29-2016,25.76,25.95,23.2,23.89,391280
03-30-2016,25.7,27.69,25.22,26.01,346001
03-31-2016,26.39,27.14,25.69,26.05,368786
04-01-2016,27.34,27.42,25.49,26.15,363228
04-04-2016,29.21,29.67,27.02,27.36,453927
04-05-2016,29.9,30.33,28.6,28.74,422055
04-06-2016,31.92,32,29.76,29.96,486340
04-07-2016,31.45,32.375,30.02,31.36,523368
04-08-2016,31.26,32.5351,30.88,32.19,473218
04-11-2016,30.48,32.45,30.25,31.46,312925
04-12-2016,31.42,31.53,28.97,30.87,319643
04-13-2016,31.72,31.925,30.39,31.89,205339
04-14-2016,31.44,32.35,30.88,31.69,169012
04-15-2016,31.23,31.6,30.15,31.29,167894
04-18-2016,31.47,31.6,30.13,31.12,269965
04-19-2016,29.18,31.48,28.84,31.48,316352
04-20-2016,30.44,31.08,29.25,29.93,611250
04-21-2016,31.68,31.76,30.015,30.28,300863
04-22-2016,32.2,32.48,30.9,31.66,168192
04-25-2016,31.45,33.7,31.14,32.28,456134
04-26-2016,31.03,31.86,30.321,31.35,253485
04-27-2016,30.7,31.66,30.3,31.34,274534
04-28-2016,30.11,31.66,29.76,30.36,215835
04-29-2016,29.95,30.21,29.13,29.93,310050
05-02-2016,30.33,30.46,28.53,30.05,364314
05-03-2016,28.33,30.35,28.23,29.95,387609
05-04-2016,27.5,28.33,26.72,28.12,456846
05-05-2016,30.19,31.94,28.59,28.59,880026
05-06-2016,29.43,30.88,27.01,30.28,916804
05-09-2016,30.8,31.22,29.36,29.36,254651
05-10-2016,31.59,31.67,30.25,30.93,312920
05-11-2016,29.73,31.815,29.68,31.45,237104
05-12-2016,28.57,29.91,28,29.91,261039
05-13-2016,29.37,29.6,28.35,28.57,197192
05-16-2016,32.22,32.4,29.405,29.6,373701
05-17-2016,32.04,32.99,31.81,32.45,347947
05-18-2016,32.89,33.33,31.8,31.8,341825
05-19-2016,32.95,33.3,32.07,32.64,391974
05-20-2016,33.68,33.73,32.74,33.15,303362
05-23-2016,34.06,34.78,33.535,33.73,318490
05-24-2016,34.47,34.83,33.51,34.06,371617
05-25-2016,34.78,34.89,34.01,34.79,419248
05-26-2016,34.35,34.79,34.16,34.72,365380
05-27-2016,33.89,34.435,33.29,34.35,293727
05-31-2016,34.21,34.41,33.5,34.15,464281
06-01-2016,33.9,34.56,33.36,34.09,411967
06-02-2016,37.23,37.28,33.76,33.76,408809
06-03-2016,36.19,36.99,34.89,36.99,356500
06-06-2016,37.05,37.56,35.48,36.24,389040
06-07-2016,35.76,37.67,35.66,36.68,271661
06-08-2016,36.16,36.4,35,35.84,265304
06-09-2016,34.5,36.07,34.15,35.83,309548
06-10-2016,35.44,35.94,33.26,34,507295
06-13-2016,34.91,36.11,33.7,34.95,413319
06-14-2016,35.76,36.24,34.64,34.97,411098
06-15-2016,36.8,37.04,35.54,36.18,340958
06-16-2016,36.3,36.53,35.34,36.38,255393
06-17-2016,34.38,36.42,34.25,36.42,606901
06-20-2016,34.87,35.7,34.19,34.92,222528
06-21-2016,33.73,35.09,33.25,35.09,307377
06-22-2016,33.56,35.02,33.19,33.8,305060
06-23-2016,35.04,35.21,33.5,33.99,372001
06-24-2016,33.46,34.42,32.67,33.19,806889
06-27-2016,31.84,33.38,31.55,33.15,336723
06-28-2016,33.89,34,32.3,32.66,326294
06-29-2016,35,35.22,33.61,34.4,298920
06-30-2016,33.98,35.08,33.56,35.08,442879
07-01-2016,35.27,35.35,33.45,33.87,448612
07-05-2016,32.765,35.3,32.54,34.95,426407
07-06-2016,34.48,34.5,32.53,32.58,363061
07-07-2016,33.91,34.93,33.32,34.58,255929
07-08-2016,34.75,34.78,33.44,33.75,358519
07-11-2016,34.35,35.09,34,34.93,200103
07-12-2016,35.1,35.52,34.48,34.84,226327
07-13-2016,32.87,35.57,32.79,35.34,240225
07-14-2016,32.81,34.18,32.43,33.46,203190
07-15-2016,33.09,33.65,32.85,33.16,207454
07-18-2016,32.46,33.04,32.18,33.04,276277
07-19-2016,32.36,32.93,32,32.49,318058
07-20-2016,33,33.47,32.24,32.56,292996
07-21-2016,33.45,34.131,32.92,33.38,304246
07-22-2016,33.43,33.88,32.95,33.66,213627
07-25-2016,32.98,33.62,32.77,33.53,165262
07-26-2016,32.67,33.255,32.46,32.65,133025
07-27-2016,34.45,34.56,32.701,32.84,169561
07-28-2016,33.93,35.0899,33.6,34.53,170845
07-29-2016,33.92,34.455,33.15,33.73,281096
08-01-2016,34.4,34.99,33.87,34.1,155100
08-02-2016,33.01,35.1,32.5,34.38,329886
08-03-2016,34.06,34.12,32.55,32.93,255538
08-04-2016,33.13,34.28,31.45,31.78,405338
08-05-2016,32.97,33.83,32.661,33.57,245614
08-08-2016,30.37,33.52,30.33,33.02,314762
08-09-2016,30.05,30.52,29.28,30.5,223789
08-10-2016,28.84,30.02,28.82,30.02,177279
08-11-2016,29.48,29.54,28.29,29.07,236579
08-12-2016,29.99,30.01,29.2,29.39,123533
08-15-2016,30.15,30.74,29.86,30,176185
08-16-2016,29.71,30.12,29.46,29.99,228355
08-17-2016,30.01,30.26,29.48,29.71,186666
08-18-2016,30,30.26,29.77,30.05,212788
08-19-2016,29.85,31.97,29.56,30,242509
08-22-2016,30.77,30.8,30,30,214788
08-23-2016,30.91,31.25,30.78,30.91,196059
08-24-2016,29.86,32.15,29.72,30.8,365258
08-25-2016,29.65,30.54,29.06,29.98,274950
08-26-2016,30.21,30.55,29.4,29.78,148323
08-29-2016,30.28,30.51,29.62,30.33,124531
08-30-2016,30.32,30.84,30.11,30.26,85048
08-31-2016,30.01,30.77,29.26,30.15,281767
09-01-2016,30.25,30.8,29.88,30.03,135679
09-02-2016,30.84,31.62,30.25,30.38,131666
09-06-2016,32.02,32.65,30.82,31.06,280162
09-07-2016,31.68,32.2,31.18,32,275225
09-08-2016,32.32,32.48,30.29,31.65,132374
09-09-2016,31.4,32.46,30.97,32.09,471243
09-12-2016,32.57,32.66,31.24,31.24,269506
09-13-2016,33.155,33.46,31.5196,32.64,327466
09-14-2016,34.41,34.58,33.23,33.23,330025
09-15-2016,33.51,34.42,32.72,34.22,290958
09-16-2016,34.51,34.6,32.45,33.4,419817
09-19-2016,36.5,37.2,34.45,34.84,396019
09-20-2016,37.48,37.67,36.325,36.85,381412
09-21-2016,38.12,38.4,36.98,37.77,385598
09-22-2016,40,40.3784,38.1201,38.42,441282
09-23-2016,39.5,40.33,38.99,40,274918
09-26-2016,39.15,39.53,38.64,39.21,242932
09-27-2016,40.47,40.7,38.91,39.11,261672
09-28-2016,39.58,40.52,38.765,40.52,309688
09-29-2016,36.41,39.35,36.29,39.35,534038
09-30-2016,36.19,37.34,36.005,36.76,387119
10-03-2016,35.56,36.02,34.75,36,244939
10-04-2016,35.31,36.22,34.291,35.64,124251
10-05-2016,36.22,36.48,35.16,35.38,316267
10-06-2016,33.95,35.68,33.84,35.68,211288
10-07-2016,33.47,34,32.96,34,289775
10-10-2016,35.06,35.3567,33.78,33.89,243072
10-11-2016,33.73,35.17,33.485,34.59,331250
10-12-2016,30.76,33.69,30.75,33.69,226206
10-13-2016,30.34,31.07,30.01,30.35,259381
10-14-2016,29.74,30.64,29.74,30.64,301790
10-17-2016,29.86,30.16,29.09,29.73,178232
10-18-2016,30.02,30.52,29.81,30.28,124351
10-19-2016,29.94,30.19,29.52,30.06,224937
10-20-2016,30.19,30.41,29.55,29.86,249670
10-21-2016,29.2,30.23,29.11,30.04,152968
10-24-2016,28.25,29.4,28.23,29.39,211098
10-25-2016,27.64,28.44,27.57,28.35,182045
10-26-2016,26.92,27.98,26.43,27.69,198280
10-27-2016,28,29.19,27.46,27.48,644307
10-28-2016,27.48,28.12,26.78,27.77,269095
10-31-2016,28.03,28.59,27.42,27.54,275078
11-01-2016,28.3,28.98,27.62,28.09,274169
11-02-2016,27.36,28.91,27.34,28.23,243908
11-03-2016,24.86,27.39,24.765,27.33,355104
11-04-2016,27.49,28.78,24.87,25.61,535912
11-07-2016,27.51,28.0668,26.48,27.3,513459
11-08-2016,28.15,28.33,27.1,27.19,191014
11-09-2016,33.76,34.06,30.455,30.53,1289874
11-10-2016,36.38,36.95,33.985,34.6,543058
11-11-2016,38.82,38.95,35.51,36.09,567623
11-14-2016,40.18,40.49,38.5688,39.28,455064
11-15-2016,40.86,41.08,39.28,40.1,332068
11-16-2016,39.12,41.69,38.515,40.62,448169
11-17-2016,38.15,39.93,37.87,39.32,414860
11-18-2016,37.96,38.16,36.44,37.74,455457
11-21-2016,37.85,38,36.42,37.83,327307
11-22-2016,37.09,38.02,36.22,37.87,349709
11-23-2016,38.39,38.44,35.67,36.54,267639
11-25-2016,37.98,38.34,37.21,38.34,131018
11-28-2016,36.43,37.76,36.35,37.76,239129
11-29-2016,36.52,37.16,35.83,36.66,444396
11-30-2016,33.69,36.915,33.61,36.72,415015
12-01-2016,35.04,37.29,33.24,34.12,838956
12-02-2016,36.29,36.39,34.4,34.8,473860
12-05-2016,34.9,37.22,33.28,37.22,671347
12-06-2016,33.98,35,32.45,34.99,397972
12-07-2016,30.96,33.95,30.61,33.48,717906
12-08-2016,31.48,31.74,30.33,31,404844
12-09-2016,29.7,32.05,29.39,31.74,703065
12-12-2016,28.5,29.6359,28.26,29.27,442334
12-13-2016,29.57,30.28,28.48,29.1,754904
12-14-2016,28.85,29.5428,28.4201,29.24,368583
12-15-2016,29.08,29.52,28.52,28.97,324415
12-16-2016,29.66,30.11,28.77,29.18,581842
12-19-2016,28.8,30.35,28.58,29.88,293882
12-20-2016,28.15,29.559,28,28.83,284983
12-21-2016,27.49,28.7724,27.35,28.13,209869
12-22-2016,26.26,27.15,25.141,27.15,580303
12-23-2016,27.32,27.42,26.24,26.24,506860
12-27-2016,26.64,28.39,26.61,27.57,262277
12-28-2016,25.77,26.9799,25.73,26.78,456803
12-29-2016,25.63,26.1,25.475,25.66,174315
12-30-2016,25.52,25.82,25.24,25.59,213404
01-03-2017,25.475,26.105,24.66,25.92,559690
01-04-2017,27.5,27.87,25.975,25.99,612167
01-05-2017,27.04,27.89,26.76,27.7,412661
01-06-2017,26.25,27.492,26.05,27,499385
01-09-2017,26.56,26.9403,26,26.93,418228
01-10-2017,26.71,26.78,25.61,26.71,252699
01-11-2017,25.7,27.32,25.59,26.71,483358
01-12-2017,26.22,26.56,25,25.41,222517
01-13-2017,25.53,26.2155,25.31,26.16,448672
01-17-2017,24.72,25.515,24.61,25.32,387480
01-18-2017,24.71,25.05,24.5,24.83,441212
01-19-2017,24.44,24.93,24.24,24.72,227947
01-20-2017,24.4,24.565,23.9158,24.47,454377
01-23-2017,24.47,24.72,23.84,24.46,326854
01-24-2017,24.53,24.9199,24.05,24.55,405430
01-25-2017,24.79,25,24.43,24.75,601608
01-26-2017,24.22,25.19,24.04,24.82,308161
01-27-2017,23.98,24.38,23.37,24.12,375021
01-30-2017,23.44,23.91,23.23,23.87,327702
01-31-2017,24.28,24.67,23.09,23.5,355762
02-01-2017,24.23,24.63,24.07,24.38,298681
02-02-2017,23.83,24.3,23.55,24.16,398359
02-03-2017,23.93,24.1,23.32,24.07,326498
02-06-2017,23.98,24.5,23.66,23.77,329795
02-07-2017,23.74,24.51,23.44,24.05,595097
02-08-2017,23.3,23.77,23.07,23.56,296589
02-09-2017,24.65,24.66,23.231,23.29,685313
02-10-2017,25.25,25.32,24.08,24.86,653448
02-13-2017,25.81,26,25.12,25.43,401850
02-14-2017,26.61,26.72,25.5,25.81,377904
02-15-2017,27.37,27.46,26.385,26.5,336117
02-16-2017,26.54,27.5,25.975,27.5,346224
02-17-2017,26.8,26.99,26.16,26.51,217871
02-21-2017,26.47,26.86,26,26.86,311723
02-22-2017,25.47,26.56,25.45,26.41,257515
02-23-2017,25.2,25.44,24.81,25.44,229007
02-24-2017,25.17,25.23,24.71,24.94,137059
02-27-2017,26.65,26.78,24.91,24.91,263306
02-28-2017,26.72,27.33,25.86,26.53,498939
03-01-2017,28.69,29.75,26.7,26.7,778029
03-02-2017,30.17,32.57,29.35,30.11,1209327
03-03-2017,29.72,30.84,29.5,29.98,484054
03-06-2017,29.45,30.11,28.81,29.67,436616
03-07-2017,27.11,29.57,27.04,28.99,426823
03-08-2017,28.38,28.81,27.13,27.13,479076
03-09-2017,30.07,31.05,28.88,29.38,949201
03-10-2017,30.02,30.6837,29.47,30.39,397769
03-13-2017,30,30.37,29.4,30.17,300720
03-14-2017,28.44,30.052,28.32,29.43,374947
03-15-2017,28.84,29.17,28.02,28.51,273193
03-16-2017,28.91,29.185,28.59,28.68,253460
03-17-2017,28.16,28.48,27.5901,28.31,660643
03-20-2017,28.04,28.41,27.49,28.09,294103
03-21-2017,26.55,28.26,26.02,28.25,489166
03-22-2017,26.85,27.92,26.21,26.63,350986
03-23-2017,26.64,27.26,26.36,26.96,204842
03-24-2017,26.78,27,26.08,26.49,203479
