03-28-2016,0.7262,0.7784,0.722,0.751,1147912
03-29-2016,0.7243,0.74,0.691,0.721,1790506
03-30-2016,0.75,0.7698,0.73,0.73,827060
03-31-2016,0.773,0.78,0.757,0.757,724473
04-01-2016,0.785,0.79,0.75,0.7782,559797
04-04-2016,0.8267,0.849,0.7935,0.7935,1378826
04-05-2016,0.792,0.8598,0.79,0.8236,1582739
04-06-2016,0.8182,0.83,0.7751,0.79,799912
04-07-2016,0.8079,0.8285,0.792,0.8022,641411
04-08-2016,0.8011,0.8325,0.8,0.8266,719398
04-11-2016,0.792,0.825,0.791,0.82,553304
04-12-2016,0.8034,0.8298,0.7803,0.79,660207
04-13-2016,0.824,0.83,0.8002,0.81,712379
04-14-2016,0.83,0.8636,0.8101,0.8112,1026426
04-15-2016,0.8405,0.8599,0.81,0.8227,716431
04-18-2016,0.8849,0.9,0.82,0.84,1099362
04-19-2016,0.8599,0.905,0.83,0.9,667228
04-20-2016,0.8501,0.88,0.846,0.846,338700
04-21-2016,0.8843,0.8969,0.8531,0.87,783484
04-22-2016,0.9257,0.95,0.88,0.89,1511794
04-25-2016,0.9099,0.945,0.885,0.93,1077303
04-26-2016,0.904,0.94,0.9016,0.9116,880491
04-27-2016,0.9068,0.9358,0.89,0.9017,684269
04-28-2016,0.88,0.9274,0.8766,0.92,1002166
04-29-2016,0.8186,0.89,0.81,0.89,1240598
05-02-2016,0.811,0.85,0.781,0.841,1158202
05-03-2016,0.7828,0.8265,0.78,0.79,667759
05-04-2016,0.7701,0.7955,0.7422,0.77,1984920
05-05-2016,0.74,0.8,0.74,0.79,858136
05-06-2016,0.7227,0.775,0.71,0.775,917060
05-09-2016,0.7234,0.7783,0.7101,0.7783,638082
05-10-2016,0.7128,0.74,0.7,0.74,934747
05-11-2016,0.7,0.73,0.7,0.711,791083
05-12-2016,0.6556,0.7175,0.65,0.7,1612112
05-13-2016,0.6701,0.6893,0.6555,0.6627,592758
05-16-2016,0.682,0.6898,0.656,0.68,590898
05-17-2016,0.6859,0.72,0.68,0.69,1096513
05-18-2016,0.6897,0.7048,0.6697,0.69,698418
05-19-2016,0.663,0.6902,0.65,0.68,1074919
05-20-2016,0.6799,0.683,0.66,0.6679,543902
05-23-2016,0.685,0.69,0.675,0.686,563361
05-24-2016,0.6869,0.6941,0.675,0.69,478759
05-25-2016,0.7124,0.72,0.6859,0.6859,540170
05-26-2016,0.6893,0.7165,0.686,0.7124,343649
05-27-2016,0.6978,0.7,0.685,0.7,399518
05-31-2016,0.6851,0.705,0.679,0.69,811891
06-01-2016,0.674,0.698,0.6645,0.698,709471
06-02-2016,0.6882,0.69,0.6711,0.6711,581059
06-03-2016,0.6665,0.693,0.6651,0.693,614467
06-06-2016,0.6864,0.69,0.657,0.67,700570
06-07-2016,0.6735,0.687,0.67,0.6854,553417
06-08-2016,0.689,0.6949,0.67,0.685,548206
06-09-2016,0.6685,0.68,0.667,0.6759,523130
06-10-2016,0.6553,0.68,0.65,0.6688,1237982
06-13-2016,0.6309,0.65,0.625,0.65,895599
06-14-2016,0.6149,0.6309,0.5901,0.63,1295938
06-15-2016,0.61,0.62,0.59,0.61,529448
06-16-2016,0.5901,0.601,0.53,0.601,929190
06-17-2016,0.5802,0.6,0.5801,0.5902,621541
06-20-2016,0.5766,0.62,0.57,0.6,1014332
06-21-2016,0.565,0.58,0.541,0.58,871780
06-22-2016,0.55,0.5891,0.545,0.55,808547
06-23-2016,0.5669,0.5788,0.537,0.537,948792
06-24-2016,0.5221,0.5498,0.503,0.53,9253391
06-27-2016,0.4505,0.528,0.4505,0.52,2657280
06-28-2016,0.4543,0.5,0.44,0.5,2760691
06-29-2016,0.6201,0.64,0.443,0.47,6038662
06-30-2016,0.5513,0.62,0.5477,0.62,1961764
07-01-2016,0.5745,0.6,0.4968,0.548,1173524
07-05-2016,0.5592,0.59,0.5277,0.58,730957
07-06-2016,0.5441,0.576,0.5398,0.56,393504
07-07-2016,0.54,0.57,0.53,0.53,695595
07-08-2016,0.5488,0.5697,0.5412,0.5434,703771
07-11-2016,0.533,0.5682,0.53,0.55,928170
07-12-2016,0.5412,0.555,0.53,0.5312,741318
07-13-2016,0.512,0.555,0.51,0.54,916083
07-14-2016,0.5192,0.54,0.515,0.515,304383
07-15-2016,0.5273,0.539,0.5151,0.52,441922
07-18-2016,0.5198,0.54,0.51,0.51,404575
07-19-2016,0.5031,0.53,0.49,0.52,674050
07-20-2016,0.5782,0.596,0.5229,0.54,3249156
07-21-2016,0.5599,0.577,0.552,0.569,655701
07-22-2016,0.5531,0.58,0.54,0.5698,692002
07-25-2016,0.5508,0.576,0.55,0.56,557367
07-26-2016,0.56,0.5805,0.5516,0.5593,565691
07-27-2016,0.5901,0.63,0.56,0.57,1832643
07-28-2016,0.5802,0.6073,0.575,0.575,321224
07-29-2016,0.671,0.69,0.58,0.58,2278777
08-01-2016,0.64,0.69,0.6315,0.69,1037756
08-02-2016,0.63,0.6701,0.62,0.63,696744
08-03-2016,0.645,0.66,0.62,0.65,867237
08-04-2016,0.6279,0.64,0.61,0.64,806513
08-05-2016,0.63,0.64,0.6,0.6012,407206
08-08-2016,0.6232,0.636,0.615,0.615,251081
08-09-2016,0.6142,0.63,0.602,0.61,319673
08-10-2016,0.6002,0.63,0.5924,0.63,427875
08-11-2016,0.6069,0.6188,0.595,0.61,284200
08-12-2016,0.6128,0.62,0.5952,0.5952,263811
08-15-2016,0.6122,0.62,0.594,0.594,334711
08-16-2016,0.605,0.6199,0.6,0.6122,180402
08-17-2016,0.5956,0.62,0.5908,0.62,487997
08-18-2016,0.6057,0.61,0.5775,0.5968,545171
08-19-2016,0.59,0.62,0.586,0.61,454170
08-22-2016,0.5974,0.6076,0.5809,0.5809,450304
08-23-2016,0.5993,0.6083,0.58,0.58,251238
08-24-2016,0.58,0.62,0.579,0.6,673708
08-25-2016,0.578,0.6024,0.574,0.58,351813
08-26-2016,0.5753,0.59,0.57,0.57,408513
08-29-2016,0.5826,0.59,0.57,0.57,185872
08-30-2016,0.585,0.59,0.5766,0.59,274497
08-31-2016,0.5675,0.59,0.5601,0.57,288705
09-01-2016,0.563,0.5899,0.5607,0.57,246846
09-02-2016,0.56,0.585,0.55,0.585,306029
09-06-2016,0.6003,0.645,0.55,0.55,2966827
09-07-2016,0.608,0.6297,0.595,0.6052,810031
09-08-2016,0.6613,0.668,0.6012,0.604,2081429
09-09-2016,0.645,0.668,0.635,0.668,896043
09-12-2016,0.688,0.6988,0.64,0.66,1685279
09-13-2016,0.66,0.687,0.645,0.6791,1051049
09-14-2016,0.6455,0.6757,0.64,0.64,714169
09-15-2016,0.6674,0.676,0.6138,0.6405,1245297
09-16-2016,0.5664,0.6,0.53,0.6,4445255
09-19-2016,0.5364,0.5708,0.5215,0.57,1443016
09-20-2016,0.51,0.55,0.51,0.523,1669556
09-21-2016,0.5111,0.54,0.502,0.51,794549
09-22-2016,0.52,0.53,0.51,0.51,842105
09-23-2016,0.5199,0.5384,0.5,0.53,922500
09-26-2016,0.496,0.52,0.48,0.5,1257512
09-27-2016,0.4817,0.5,0.48,0.49,649058
09-28-2016,0.4675,0.4998,0.46,0.48,658660
09-29-2016,0.4503,0.48,0.45,0.47,821418
09-30-2016,0.459,0.47,0.44,0.46,1198590
10-03-2016,0.46,0.4783,0.44,0.45,515943
10-04-2016,0.4451,0.46,0.444,0.456,439405
10-05-2016,0.4656,0.4838,0.457,0.46,863822
10-06-2016,0.4502,0.478,0.4501,0.478,432796
10-07-2016,0.4242,0.4699,0.4151,0.45,1170019
10-10-2016,0.44,0.458,0.4318,0.4318,513150
10-11-2016,0.4249,0.44,0.42,0.44,630396
10-12-2016,0.4149,0.44,0.401,0.425,599491
10-13-2016,0.4181,0.43,0.407,0.411,402284
10-14-2016,0.39,0.4178,0.35,0.415,1886416
10-17-2016,0.3518,0.37,0.34,0.37,2008963
10-18-2016,6.24,7.329,6.03,7.06,157533
10-19-2016,5.31,6.37,5.04,6.15,446492
10-20-2016,5.49,5.49,4.7,5.26,200695
10-21-2016,5.46,5.6693,5.26,5.6,127045
10-24-2016,5.25,5.51,5.01,5.43,133112
10-25-2016,5.34,5.37,5.11,5.15,98946
10-26-2016,5.46,5.5899,5.18,5.18,116179
10-27-2016,5.48,5.7399,5.3,5.49,238645
10-28-2016,5.51,5.72,5.325,5.38,160067
10-31-2016,5.37,5.51,5.15,5.51,176867
11-01-2016,5.44,5.54,5.2,5.36,79258
11-02-2016,5.35,5.45,5.33,5.39,59239
11-03-2016,5.22,5.35,5.185,5.35,75283
11-04-2016,5.37,5.44,5.15,5.15,32205
11-07-2016,5.39,5.47,5.25,5.4,63782
11-08-2016,5.46,5.51,5.38,5.4,45038
11-09-2016,5.64,5.77,5.3902,5.43,94480
11-10-2016,5.65,5.85,5.5,5.67,49736
11-11-2016,6.58,6.7,5.51,5.62,154254
11-14-2016,6.75,7.05,6.57,6.7,98583
11-15-2016,7.33,7.46,6.51,6.78,140629
11-16-2016,7.24,7.623,7,7.35,91940
11-17-2016,6.97,7.24,6.96,7.19,32059
11-18-2016,6.65,7.08,6.5509,7.08,59345
11-21-2016,6.53,6.79,6.37,6.66,89026
11-22-2016,6.48,6.5535,6.36,6.48,24510
11-23-2016,6.46,6.4926,6.11,6.44,42971
11-25-2016,6.5,6.63,6.38,6.51,11626
11-28-2016,6.1,6.49,6.075,6.45,44646
11-29-2016,5.81,6.17,5.77,6.08,37006
11-30-2016,5.58,5.81,5.51,5.81,42196
12-01-2016,5.29,5.5592,5.23,5.54,62721
12-02-2016,5.35,5.49,5.211,5.22,26523
12-05-2016,5.55,5.55,5.34,5.34,23274
12-06-2016,5.75,5.92,5.35,5.49,57767
12-07-2016,5.53,5.88,5.4,5.67,44641
12-08-2016,5.69,5.72,5.48,5.52,39707
12-09-2016,5.68,5.8995,5.61,5.64,34115
12-12-2016,5.51,5.69,5.49,5.59,25625
12-13-2016,5.59,5.6899,5.48,5.63,21262
12-14-2016,5.78,5.8,5.51,5.55,55881
12-15-2016,5.68,5.8,5.6195,5.8,25487
12-16-2016,5.8,5.8,5.6163,5.69,28324
12-19-2016,5.73,5.9799,5.71,5.82,32795
12-20-2016,5.67,5.87,5.62,5.68,29261
12-21-2016,5.5,5.7163,5.5,5.65,41388
12-22-2016,5.5,5.88,5.5,5.75,174478
12-23-2016,5.36,5.6,5.28,5.47,70543
12-27-2016,5.17,5.459,5.0825,5.3,71983
12-28-2016,4.9,5.33,4.9,5.08,129125
12-29-2016,4.59,4.95,4.58,4.84,112407
12-30-2016,4.22,4.63,4.16,4.53,236431
01-03-2017,4.97,4.98,4.2,4.2,322841
01-04-2017,4.82,5.07,4.76,4.9,154263
01-05-2017,4.94,5.05,4.72,4.88,82856
01-06-2017,4.95,5.0399,4.76,4.95,92688
01-09-2017,5.15,5.26,4.86,5.05,363379
01-10-2017,4.99,5.33,4.89,5.28,184646
01-11-2017,4.77,5.02,4.7,5.02,102674
01-12-2017,4.72,4.7799,4.5928,4.77,50778
01-13-2017,4.9,5.11,4.682,4.75,123513
01-17-2017,4.67,4.9589,4.62,4.79,73431
01-18-2017,4.72,4.9089,4.6101,4.9089,48401
01-19-2017,4.75,4.78,4.69,4.7,35120
01-20-2017,4.59,4.72,4.56,4.67,51855
01-23-2017,4.44,4.639,4.371,4.6,42354
01-24-2017,4.53,4.54,4.305,4.5,60128
01-25-2017,4.53,4.6099,4.46,4.52,31090
01-26-2017,4.46,4.57,4.38,4.57,38898
01-27-2017,4.4,4.43,4.32,4.36,41135
01-30-2017,4.21,4.45,4.19,4.33,98212
01-31-2017,4.29,4.31,4.17,4.26,62365
02-01-2017,4.7,4.7,4.3884,4.5,185019
02-02-2017,4.62,4.77,4.57,4.77,51424
02-03-2017,4.45,4.6889,4.43,4.61,80140
02-06-2017,4.3,4.53,4.28,4.4,47581
02-07-2017,4.21,4.38,4.2,4.27,40358
02-08-2017,4.15,4.2567,4.1,4.23,55363
02-09-2017,4.1,4.2092,4.1,4.1,25988
02-10-2017,4.03,4.13,3.96,4.1,48633
02-13-2017,4.82,4.87,4.3,4.3,707608
02-14-2017,5.82,5.88,4.75,4.88,859599
02-15-2017,5.56,5.89,5.34,5.89,442138
02-16-2017,5.15,5.6528,5.11,5.4,212279
02-17-2017,5.26,5.29,5.12,5.12,49201
02-21-2017,5.14,5.3899,5.031,5.28,122895
02-22-2017,5.02,5.2899,5,5.25,75282
02-23-2017,4.85,5.11,4.85,5,99095
02-24-2017,4.63,4.879,4.6,4.81,140794
02-27-2017,4.68,4.7319,4.55,4.65,54462
02-28-2017,4.7,4.85,4.5,4.54,101285
03-01-2017,4.74,4.8199,4.651,4.69,70978
03-02-2017,4.67,4.89,4.62,4.7,67773
03-03-2017,4.72,4.75,4.63,4.66,45168
03-06-2017,4.8,4.83,4.7,4.7,61151
03-07-2017,5.0299,5.06,4.75,4.75,117803
03-08-2017,5.35,5.43,5,5.05,178860
03-09-2017,5.81,5.82,5.3,5.34,242973
03-10-2017,6.05,6.17,5.82,5.84,233500
03-13-2017,5.61,6.28,5.59,6.1,194804
03-14-2017,5.78,5.94,5.4,5.5,135164
03-15-2017,5.78,5.8313,5.62,5.82,56659
03-16-2017,5.52,5.65,5.4,5.55,130577
03-17-2017,5.35,5.46,5.27,5.35,137871
03-20-2017,5.49,5.495,5.27,5.35,42780
03-21-2017,5.35,5.4344,5.346,5.4,80879
03-22-2017,6.045,6.05,5.36,5.36,239410
03-23-2017,6.54,7.15,5.95,5.95,881418
03-24-2017,6.76,6.95,6.4108,6.7,228762
