03-28-2016,9.09,9.44,8.63,9.37,187693
03-29-2016,9.51,9.57,8.76,9.06,151224
03-30-2016,9.31,9.785,8.95,9.62,160981
03-31-2016,9.24,9.495,9.1,9.24,221000
04-01-2016,9.68,9.7614,9.1,9.18,182234
04-04-2016,10,10.17,9.5437,9.72,188636
04-05-2016,9.67,10.01,9.41,9.93,183306
04-06-2016,10.77,10.8,9.72,9.73,315842
04-07-2016,10.8,11.12,10.48,10.75,202019
04-08-2016,10.73,11.14,10.61,10.99,231863
04-11-2016,10.41,11.07,10.31,10.76,142507
04-12-2016,10.18,10.46,9.96,10.4,124900
04-13-2016,10.71,10.835,9.98,10.24,222904
04-14-2016,10.67,10.8443,10.52,10.74,76334
04-15-2016,10.65,10.77,10.42,10.61,72023
04-18-2016,11.11,11.13,10.55,10.57,83137
04-19-2016,10.85,11.19,10.53,11.11,88783
04-20-2016,10.91,11.09,10.73,10.88,80852
04-21-2016,11.59,11.59,10.89,10.95,135180
04-22-2016,11.63,11.98,11.52,11.61,123012
04-25-2016,11.01,11.71,10.95,11.55,88090
04-26-2016,10.78,11.31,10.43,11.04,134679
04-27-2016,10.83,10.97,10.64,10.97,56633
04-28-2016,10.63,11.05,10.44,10.82,86674
04-29-2016,10.25,10.81,10.15,10.65,75190
05-02-2016,10.33,10.36,10,10.36,103700
05-03-2016,10.28,10.63,10.11,10.21,77939
05-04-2016,9.91,10.36,9.88,10.16,120490
05-05-2016,9.48,9.92,9.37,9.9,105724
05-06-2016,9.45,9.65,9.12,9.35,160677
05-09-2016,9.87,9.96,9.45,9.45,105231
05-10-2016,9.85,10.31,9.58,9.97,112840
05-11-2016,9.63,10.01,9.49,9.84,126602
05-12-2016,9.3,9.66,9.22,9.66,409302
05-13-2016,9.31,9.475,9.13,9.25,98858
05-16-2016,9.81,9.84,9.33,9.39,99777
05-17-2016,9.37,10.06,9.31,9.78,105864
05-18-2016,9.18,9.6,9.04,9.35,147557
05-19-2016,8.75,9.37,8.66,9.13,115534
05-20-2016,9.4,9.46,8.77,8.83,187823
05-23-2016,9.56,9.76,9.34,9.38,120434
05-24-2016,10.06,10.23,9.38,9.65,111619
05-25-2016,10.16,10.45,10.09,10.1,131093
05-26-2016,10,10.15,9.74,10.15,68017
05-27-2016,9.92,10.16,9.74,10,71584
05-31-2016,10.08,10.21,9.88,9.94,216136
06-01-2016,10.19,10.25,9.91,10.08,99065
06-02-2016,10.35,10.46,10.04,10.19,104712
06-03-2016,10.06,10.31,9.93,10.31,107959
06-06-2016,10.05,10.2,9.99,10.08,112076
06-07-2016,10.6,10.85,9.95,9.96,192638
06-08-2016,10.34,10.6,10.27,10.6,95306
06-09-2016,9.6,10.34,9.59,10.29,85178
06-10-2016,9.16,9.67,9.15,9.52,83835
06-13-2016,9.25,9.335,8.96,9.13,111419
06-14-2016,8.91,9.36,8.75,9.22,86642
06-15-2016,8.78,9.02,8.75,8.94,109972
06-16-2016,8.79,8.82,8.5,8.74,70721
06-17-2016,8.27,8.79,8.27,8.79,179311
06-20-2016,8.26,8.65,8.2,8.48,109040
06-21-2016,8.21,8.32,7.9,8.27,165021
06-22-2016,8.3,8.43,7.89,8.15,217886
06-23-2016,8.41,8.55,8.27,8.37,69557
06-24-2016,8.09,8.18,7.97,8,1093666
06-27-2016,7.35,8.16,7.33,8.02,350052
06-28-2016,7.89,7.96,7.37,7.47,121514
06-29-2016,8.09,8.16,7.81,8.03,119958
06-30-2016,8.05,8.17,7.96,8.15,98272
07-01-2016,8.15,8.35,7.74,8.11,67424
07-05-2016,8.04,8.26,7.93,8.1,92235
07-06-2016,8.13,8.25,7.85,7.97,110714
07-07-2016,8.32,8.39,7.94,8.12,165588
07-08-2016,8.71,8.79,8.21,8.37,109594
07-11-2016,9.01,9.18,8.72,8.81,152573
07-12-2016,8.99,9.1,8.89,9.06,128683
07-13-2016,8.99,9.14,8.795,9.06,179621
07-14-2016,8.62,9.06,8.465,9.06,133052
07-15-2016,8.65,8.71,8.54,8.69,147627
07-18-2016,8.55,8.66,8.25,8.65,109212
07-19-2016,8.41,8.65,8.35,8.53,99948
07-20-2016,8.6,8.69,8.375,8.43,197750
07-21-2016,8.66,8.72,8.58,8.61,109433
07-22-2016,8.62,8.77,8.49,8.66,65927
07-25-2016,8.68,8.81,8.535,8.59,266002
07-26-2016,8.95,8.99,8.58,8.67,190891
07-27-2016,9.1,9.15,8.838,8.99,175034
07-28-2016,9.08,9.14,8.97,9.09,173167
07-29-2016,9.13,9.23,9.02,9.03,273747
08-01-2016,9.21,9.41,9.06,9.13,204539
08-02-2016,9.17,9.3,9.01,9.22,217586
08-03-2016,9.26,9.32,9.06,9.1,150250
08-04-2016,9.3,9.48,9.17,9.23,110015
08-05-2016,9.43,9.51,9.28,9.39,153516
08-08-2016,9.34,9.56,9.33,9.43,90116
08-09-2016,9.51,9.61,9.2999,9.35,88547
08-10-2016,9.15,9.3,8.19,9.23,248033
08-11-2016,9.57,9.72,9.02,9.16,135484
08-12-2016,9.23,9.66,9.21,9.66,183822
08-15-2016,9.67,9.74,9.25,9.25,133352
08-16-2016,9.87,9.89,9.65,9.67,139672
08-17-2016,9.89,9.94,9.71,9.86,91325
08-18-2016,9.81,10.0499,9.66,9.87,90469
08-19-2016,9.81,10.01,9.7,9.79,94016
08-22-2016,9.6,9.9296,9.4201,9.8,126080
08-23-2016,9.56,9.74,9.5,9.62,127446
08-24-2016,8.88,9.7,8.7597,9.53,116278
08-25-2016,9.08,9.27,8.83,8.88,141632
08-26-2016,9.29,9.36,8.6901,9.09,111983
08-29-2016,9.33,9.47,9.04,9.3,63271
08-30-2016,9.33,9.44,9.22,9.33,78642
08-31-2016,8.72,9.31,8.69,9.3,167987
09-01-2016,8.18,8.78,8.01,8.78,111922
09-02-2016,8.02,8.26,7.9,8.26,112075
09-06-2016,8.35,8.41,8.08,8.08,72523
09-07-2016,8.69,8.71,8.34,8.34,133988
09-08-2016,9.25,9.32,8.56,8.65,185650
09-09-2016,9.03,9.265,8.961,9.25,135282
09-12-2016,9.33,9.33,8.85,8.93,212219
09-13-2016,9.73,9.89,9.13,9.33,184580
09-14-2016,9.45,9.95,9.33,9.79,101954
09-15-2016,9.52,9.71,9.44,9.45,81204
09-16-2016,9.56,9.8,9.26,9.53,417388
09-19-2016,9.26,9.74,9.24,9.7,203007
09-20-2016,9.19,9.45,9.18,9.32,129086
09-21-2016,9.34,9.64,9.16,9.2,141768
09-22-2016,9.52,9.54,9.21,9.4,124681
09-23-2016,10.45,10.55,9.45,9.52,574383
09-26-2016,10.35,10.65,10.33,10.35,251298
09-27-2016,10.54,10.6,10.225,10.3,342313
09-28-2016,11.21,11.3,10.34,10.6,331403
09-29-2016,10.69,11.2,10.37,11.16,274179
09-30-2016,11.43,11.59,10.56,10.75,393574
10-03-2016,11.19,11.54,10.91,11.35,275403
10-04-2016,10.79,11.4699,10.7121,11.44,188051
10-05-2016,10.71,10.9,10.65,10.87,136111
10-06-2016,10.46,10.67,10.34,10.64,160147
10-07-2016,10.18,10.52,10.18,10.45,135831
10-10-2016,10.64,10.68,10.22,10.28,85314
10-11-2016,10.05,10.55,9.79,10.5,175335
10-12-2016,9.34,10.3,9.32,10.08,189293
10-13-2016,9.12,9.48,9.09,9.2,116655
10-14-2016,8.98,9.35,8.92,9.22,180733
10-17-2016,9.05,9.15,8.6,8.9,112755
10-18-2016,9,9.35,8.9,9.25,114565
10-19-2016,8.8,9.084,8.8,9,72537
10-20-2016,9.1,9.15,8.75,8.75,124961
10-21-2016,9.35,9.95,8.85,9,148924
10-24-2016,8.8,9.4,8.7,9.4,150098
10-25-2016,9.35,9.4,8.65,8.85,207465
10-26-2016,8.55,9.4,8.5,9.35,192454
10-27-2016,8.45,8.95,8.2,8.65,212143
10-28-2016,8.1,8.65,7.95,8.45,187324
10-31-2016,8.15,8.2,7.9,8.2,145488
11-01-2016,8.15,8.3,7.75,8.15,224880
11-02-2016,7.8,8.2,7.75,8.2,153331
11-03-2016,7.7,7.9,7.5,7.9,220970
11-04-2016,8.3,8.35,7.6,7.75,212895
11-07-2016,8.55,8.7,8.3,8.35,195696
11-08-2016,9.25,9.45,8.45,8.45,290481
11-09-2016,10.05,10.1,9.25,9.25,308240
11-10-2016,11.15,11.2,9.9,10.4,451225
11-11-2016,11.4,11.5,10.7,11.15,473988
11-14-2016,11.95,12.05,11.3,11.45,359842
11-15-2016,11.95,12.3723,11.4,11.9,277248
11-16-2016,11.85,12.45,11.7,11.9,317462
11-17-2016,12.1,12.2,11.75,11.95,275225
11-18-2016,12.1,12.3,11.9,12.05,357752
11-21-2016,12.85,13.2,12.1,12.15,309031
11-22-2016,13.3,13.35,12.35,12.95,346545
11-23-2016,13.5,13.7,12.75,13.1,182665
11-25-2016,13.3,13.55,13.1,13.55,44514
11-28-2016,12.7,13.3,12.45,13.3,203388
11-29-2016,12.6,12.75,12.25,12.65,99135
11-30-2016,12.6,12.8862,12.5,12.6,123316
12-01-2016,12.7,13.1,12.35,12.65,166219
12-02-2016,13.05,13.45,12.5,12.7,139072
12-05-2016,12.7,13.35,12.45,13.15,240902
12-06-2016,13.25,13.25,12.44,12.65,132302
12-07-2016,13,13.25,12.7,13.05,255587
12-08-2016,12.35,13,12.25,12.9,245120
12-09-2016,12.15,12.801,12.05,12.5,221477
12-12-2016,11.7,12.15,11.6,12.15,118165
12-13-2016,11.2,11.75,11.15,11.65,233218
12-14-2016,11.7,11.75,11.2,11.3,423950
12-15-2016,12.15,12.4,11.45,11.6,413357
12-16-2016,12.25,12.4,11.95,11.95,275258
12-19-2016,12.5,12.9,12.2,12.2,152922
12-20-2016,12.6,12.75,12.3,12.6,185995
12-21-2016,12.3,12.6,12.3,12.55,88399
12-22-2016,12.1,12.3,11.8,12.15,134708
12-23-2016,12.8,12.9,12.15,12.15,172511
12-27-2016,12.8,12.95,12.6,12.8,110354
12-28-2016,12.45,13.05,12.25,12.9,230980
12-29-2016,12.6,12.65,12.45,12.45,127556
12-30-2016,12.15,12.75,12.1,12.65,182044
01-03-2017,12.75,12.8,12,12.35,261753
01-04-2017,12.9,13.4,12.625,12.75,532164
01-05-2017,13.05,13.15,12.65,12.95,129934
01-06-2017,12.8,13.175,12.7,13.05,150101
01-09-2017,12.75,12.9499,12.6,12.9,155016
01-10-2017,12.75,12.95,12.7,12.8,112203
01-11-2017,11.85,12.7,11.7,12.7,254539
01-12-2017,11.5,12,11.35,11.8,92161
01-13-2017,10.35,11.7,10.15,11.5,589449
01-17-2017,9.65,10.45,9.65,10.25,344572
01-18-2017,9.7,10.05,9.4,9.75,488979
01-19-2017,9.3,9.65,9.209,9.65,134911
01-20-2017,8.95,9.55,8.9,9.3,148419
01-23-2017,8.5,8.95,8.4,8.95,305624
01-24-2017,8.2,8.6,8.1,8.5,302894
01-25-2017,8.45,8.725,8.2,8.3,327327
01-26-2017,8.35,8.65,8.3,8.5,144199
01-27-2017,8.05,8.4,8,8.35,155500
01-30-2017,7.95,8.39,7.9,8.3,323737
01-31-2017,8.05,8.1,7.8,8,556819
02-01-2017,7.95,8.25,7.8,8.15,362322
02-02-2017,8.15,8.25,7.7,7.95,621515
02-03-2017,8.45,8.7,8.05,8.3,547905
02-06-2017,8.6,9.146,8.4,8.5,688062
02-07-2017,8.5,8.9,8.25,8.6,372762
02-08-2017,9.2,9.25,8.3,8.45,482665
02-09-2017,9.8,9.85,9.15,9.15,488760
02-10-2017,9.1,9.85,8.85,9.85,542366
02-13-2017,9.55,9.55,8.8543,9.2,330104
02-14-2017,9.65,9.75,9.425,9.45,280942
02-15-2017,10.8,10.85,9.475,9.65,605882
02-16-2017,10.45,11,10.4,10.75,363308
02-17-2017,10.2,10.55,10.15,10.45,216817
02-21-2017,10.5,10.6,10.1,10.2,573294
02-22-2017,10.85,11.125,10.3,10.45,423035
02-23-2017,10.6,10.9,10.3,10.75,229426
02-24-2017,10.5,10.8001,10.35,10.5,176470
02-27-2017,10.6,10.75,10.45,10.5,120667
02-28-2017,10.35,10.75,10.25,10.7,255749
03-01-2017,10.35,10.55,10.25,10.55,204575
03-02-2017,10.1,10.45,10.05,10.3,224923
03-03-2017,9.9,10.15,9.7,10,231787
03-06-2017,9.65,10.05,9.65,9.85,181691
03-07-2017,9.4,9.6771,9.15,9.65,154824
03-08-2017,9.4,9.725,9.35,9.45,139564
03-09-2017,9.55,9.75,9.35,9.4,248683
03-10-2017,10.8,10.8,8.5,8.8,829548
03-13-2017,10.25,10.8,9.8,10.8,440220
03-14-2017,10.2,10.35,9.85,10.15,269622
03-15-2017,10.7,10.9,10.3,10.3,361824
03-16-2017,11,11,10.65,10.8,245467
03-17-2017,10.7,11.2,10.6,10.9,266258
03-20-2017,10.55,10.85,10.5,10.75,196430
03-21-2017,10.35,11.1245,10.3,10.85,326807
03-22-2017,10.35,10.45,10,10.3,134256
03-23-2017,10.4,10.7,10.3,10.35,124881
03-24-2017,10.45,10.9,10.335,10.45,167575
