03-28-2016,2.44,2.5997,2.44,2.5997,942
03-29-2016,2.57,2.75,2.57,2.68,1106
03-30-2016,2.66,2.73,2.32,2.43,1269
03-31-2016,2.3,2.55,2.3,2.55,3851
04-01-2016,2.31,2.485,2.3,2.3,1560
04-04-2016,2.38,2.48,2.38,2.48,502
04-05-2016,2.25,2.33,2.13,2.2195,5026
04-06-2016,2.35,2.35,2.3201,2.3201,630
04-07-2016,2.35,2.35,2.33,2.33,308
04-08-2016,2.18,2.3258,2.15,2.31,3810
04-11-2016,2.29,2.29,2.1201,2.19,8376
04-12-2016,2.15,2.175,2.13,2.175,3160
04-13-2016,2.21,2.26,2.15,2.15,1768
04-14-2016,1.9549,2.16,1.95,2.16,10115
04-15-2016,2.005,2.35,2,2.35,4302
04-18-2016,2.01,2.0999,2.0003,2.0999,985
04-19-2016,2.09,2.185,2.08,2.1,2194
04-20-2016,2.04,2.1422,2,2.1,2578
04-21-2016,2.1012,2.2,2.1012,2.2,570
04-22-2016,2.01,2.15,2,2.15,6493
04-25-2016,2.05,2.071,2.05,2.05,1115
04-27-2016,2.01,2.01,2.01,2.01,135
04-28-2016,2.13,2.1926,2.03,2.1926,560
04-29-2016,2.175,2.175,2.172,2.172,492
05-02-2016,2.02,2.17,2.01,2.17,3144
05-03-2016,2.02,2.11,2.01,2.01,5074
05-04-2016,2.105,2.1389,1.8754,2.08,3106
05-09-2016,2.13,2.13,1.8701,2.08,482
05-10-2016,1.95,1.95,1.95,1.95,100
05-11-2016,2.064,2.064,2.064,2.064,297
05-12-2016,2.05,2.0799,2.05,2.0799,610
05-16-2016,1.89,2.02,1.89,1.8918,4129
05-17-2016,1.69,1.87,1.69,1.87,7418
05-18-2016,1.8399,2,1.68,1.71,23010
05-19-2016,1.8,1.8,1.7026,1.7026,430
05-25-2016,1.75,1.75,1.75,1.75,243
05-26-2016,1.8,1.8,1.8,1.8,536
05-27-2016,1.8,1.8,1.8,1.8,214
06-01-2016,1.7642,1.79,1.66,1.68,1285
06-02-2016,1.74,1.8499,1.74,1.8499,1330
06-03-2016,1.7284,1.7284,1.67,1.68,1003
06-06-2016,1.55,1.8,1.55,1.8,9700
06-07-2016,1.55,1.7,1.55,1.7,7164
06-08-2016,1.748,1.7699,1.56,1.62,1677
06-10-2016,1.66,1.66,1.66,1.66,1047
06-14-2016,1.51,1.77,1.51,1.77,2847
06-15-2016,1.51,1.52,1.51,1.51,1305
06-16-2016,1.4201,1.4201,1.2749,1.2749,2313
06-17-2016,1.43,1.43,1.4,1.42,3509
06-20-2016,1.41,1.6805,1.4,1.4,25820
06-21-2016,1.45,1.45,1.42,1.43,2596
06-22-2016,1.4001,1.4171,1.4001,1.4171,1181
06-23-2016,1.26,1.4,1.26,1.4,3212
06-24-2016,1.22,1.25,1.05,1.21,18104
06-27-2016,1.11,1.13,1.03,1.03,2707
06-28-2016,1.48,2.28,1.22,1.34,432595
06-29-2016,1.4648,1.88,1.38,1.42,154320
06-30-2016,1.27,1.53,1.11,1.53,47584
07-01-2016,1.2255,1.3297,1.2006,1.28,12356
07-05-2016,1.28,1.3255,1.15,1.2,8184
07-06-2016,1.27,1.3,1.27,1.3,249
07-07-2016,1.21,1.2501,1.18,1.2501,16878
07-08-2016,1.12,1.2698,1.12,1.18,14711
07-11-2016,1.1201,1.1801,1.1,1.11,10152
07-12-2016,1.14,1.19,1.13,1.1601,7088
07-13-2016,1.18,1.24,1.13,1.15,62233
07-14-2016,1.16,1.23,1.16,1.18,3437
07-15-2016,1.14,1.18,1.11,1.16,17370
07-18-2016,1.06,1.1401,1.05,1.14,14299
07-19-2016,1.11,1.24,1.06,1.084,127550
07-20-2016,1.3,1.47,1.1224,1.1224,140854
07-21-2016,1.3,1.38,1.24,1.31,31789
07-22-2016,1.4,1.4,1.2502,1.292,6710
07-25-2016,1.75,1.95,1.15,1.2604,134767
07-26-2016,1.9699,2,1.75,2,178937
07-27-2016,1.84,1.9652,1.71,1.78,56964
07-28-2016,1.82,1.98,1.6501,1.84,60715
07-29-2016,1.75,1.92,1.75,1.8,57819
08-01-2016,1.4,1.97,1.4,1.8228,105266
08-02-2016,1.41,1.58,1.225,1.41,71259
08-03-2016,1.51,1.51,1.41,1.41,5390
08-04-2016,1.58,1.71,1.4512,1.56,28992
08-05-2016,1.51,1.6297,1.43,1.55,28218
08-08-2016,1.48,1.54,1.45,1.54,4241
08-09-2016,1.4,1.43,1.4,1.43,4695
08-10-2016,1.39,1.4,1.33,1.4,4528
08-11-2016,1.48,1.51,1.26,1.26,5806
08-12-2016,1.36,1.5125,1.36,1.49,5461
08-15-2016,1.32,1.36,1.26,1.36,5239
08-16-2016,1.35,1.52,1.3,1.52,37781
08-17-2016,1.32,1.45,1.31,1.35,12084
08-18-2016,1.27,1.4,1.26,1.31,83393
08-19-2016,1.25,1.42,1.12,1.3,179689
08-22-2016,1.15,1.22,1.12,1.22,44548
08-23-2016,1.14,1.25,1.14,1.25,146635
08-24-2016,1.19,1.22,1.15,1.16,123904
08-25-2016,1.15,1.24,1.14,1.18,98582
08-26-2016,0.98,1.17,0.9631,1.17,373679
08-29-2016,1.01,1.07,0.98,1.07,434623
08-30-2016,0.924,1.03,0.832,1.03,351439
08-31-2016,0.8001,0.9098,0.7784,0.9098,117222
09-01-2016,0.7726,0.7999,0.7011,0.7011,103041
09-02-2016,0.8148,0.84,0.713,0.77,54346
09-06-2016,0.8,0.847,0.7739,0.7739,47689
09-07-2016,0.77,0.8379,0.733,0.8007,32128
09-08-2016,0.7599,0.8085,0.702,0.8085,28325
09-09-2016,0.77,0.78,0.721,0.78,15312
09-12-2016,0.78,0.78,0.661,0.7301,72533
09-13-2016,0.725,0.78,0.72,0.78,49199
09-14-2016,0.7237,0.7676,0.7201,0.747,15464
09-15-2016,0.7573,0.7599,0.7202,0.7598,17370
09-16-2016,0.75,0.765,0.7202,0.7227,37530
09-19-2016,0.75,0.78,0.75,0.765,23232
09-20-2016,0.7375,0.7535,0.7202,0.7401,17112
09-21-2016,0.7749,0.7749,0.725,0.738,36081
09-22-2016,0.775,0.808,0.74,0.745,20886
09-23-2016,0.8,0.8,0.78,0.798,24289
09-26-2016,0.819,0.8197,0.7502,0.76,16933
09-27-2016,0.84,0.92,0.79,0.82,62035
09-28-2016,0.8237,0.8931,0.82,0.8702,20226
09-29-2016,0.7899,0.83,0.7487,0.83,33722
09-30-2016,0.7899,0.7899,0.7501,0.7516,18012
10-03-2016,0.745,0.75,0.73,0.7499,21351
10-04-2016,0.7171,0.77,0.71,0.73,27161
10-05-2016,0.75,0.75,0.7,0.7,68276
10-06-2016,0.72,0.74,0.71,0.72,25248
10-07-2016,0.75,0.75,0.72,0.75,34748
10-10-2016,0.75,0.77,0.7199,0.72,32958
10-11-2016,0.7,0.76,0.7,0.75,45556
10-12-2016,0.69,0.79,0.685,0.71,58713
10-13-2016,0.7,0.74,0.6801,0.6853,44085
10-14-2016,0.6652,0.7,0.6011,0.7,58896
10-17-2016,0.62,0.7,0.6023,0.6023,28995
10-18-2016,0.65,0.698,0.6232,0.68,13094
10-19-2016,0.631,0.66,0.6006,0.64,81408
10-20-2016,0.66,0.696,0.6363,0.6363,30092
10-21-2016,0.6106,0.65,0.61,0.65,103510
10-24-2016,0.63,0.645,0.6006,0.635,15356
10-25-2016,0.6401,0.66,0.6401,0.65,47838
10-26-2016,0.6006,0.6444,0.6006,0.6444,43179
10-27-2016,0.6,0.6197,0.53,0.6126,46689
10-28-2016,0.5891,0.6999,0.552,0.5983,45871
10-31-2016,0.59,0.66,0.575,0.66,57504
11-01-2016,0.6,0.6,0.5562,0.563,46972
11-02-2016,0.575,0.6,0.54,0.595,39049
11-03-2016,0.48,0.56,0.452,0.55,60047
11-04-2016,0.4531,0.54,0.4531,0.48,46016
11-07-2016,0.505,0.52,0.46,0.52,45921
11-08-2016,0.515,0.5499,0.5,0.52,43148
11-09-2016,0.49,0.5878,0.4828,0.5878,14368
11-10-2016,0.56,0.5887,0.48,0.48,9855
11-11-2016,0.58,0.64,0.5601,0.5887,248687
11-14-2016,0.58,0.6,0.5435,0.5882,96391
11-15-2016,0.56,0.65,0.5402,0.55,17461
11-16-2016,0.59,0.61,0.58,0.58,40405
11-17-2016,0.585,0.6,0.54,0.5908,28629
11-18-2016,0.5904,0.65,0.54,0.5736,355417
11-21-2016,0.69,0.7399,0.59,0.59,549551
11-22-2016,0.6398,0.73,0.61,0.73,292166
11-23-2016,0.63,0.65,0.605,0.6499,45622
11-25-2016,0.6475,0.6499,0.6253,0.6394,27262
11-28-2016,0.8,0.8388,0.64,0.6798,347702
11-29-2016,0.945,1,0.801,0.801,624339
11-30-2016,0.81,0.99,0.721,0.97,397881
12-01-2016,0.75,0.8035,0.72,0.8,93273
12-02-2016,0.749,0.7782,0.72,0.75,36770
12-05-2016,0.84,0.84,0.77,0.77,53564
12-06-2016,0.82,0.84,0.79,0.84,28555
12-07-2016,0.75,0.84,0.73,0.8,129682
12-08-2016,0.73,0.81,0.72,0.81,63826
12-09-2016,0.77,0.7989,0.72,0.72,48531
12-12-2016,0.82,0.93,0.7507,0.7507,268192
12-13-2016,0.9,0.95,0.86,0.92,262744
12-14-2016,0.92,0.92,0.8502,0.8502,98048
12-15-2016,0.92,0.98,0.84,0.9075,239947
12-16-2016,0.9,0.97,0.885,0.9004,183230
12-19-2016,1.08,1.17,0.94,0.9699,716618
12-20-2016,0.8601,1.14,0.86,1.05,547234
12-21-2016,0.85,0.959,0.813,0.9,176711
12-22-2016,0.88,0.9121,0.85,0.86,80028
12-23-2016,0.87,0.8925,0.85,0.8512,30008
12-27-2016,0.8,0.86,0.76,0.8501,84888
12-28-2016,0.785,0.8241,0.7702,0.819,74883
12-29-2016,0.75,0.82,0.7,0.7947,157901
12-30-2016,0.78,0.81,0.77,0.77,50912
01-03-2017,0.782,0.8206,0.78,0.78,55325
01-04-2017,0.87,0.9,0.7994,0.7994,194869
01-05-2017,0.9698,0.98,0.8701,0.905,175260
01-06-2017,1.06,1.14,0.9601,0.99,576551
01-09-2017,1.1,1.15,1.06,1.06,163952
01-10-2017,1.03,1.0828,0.98,1.08,180911
01-11-2017,1.07,1.119,1,1,169940
01-12-2017,1.29,1.5,1.07,1.07,1629521
01-13-2017,1.2,1.3,1.17,1.21,263165
01-17-2017,1.17,1.2,1.07,1.17,164216
01-18-2017,1.15,1.18,1.11,1.17,80939
01-19-2017,1.14,1.22,1.07,1.15,166594
01-20-2017,1.12,1.17,1.09,1.17,85583
01-23-2017,1.13,1.21,1.13,1.13,104235
01-24-2017,1.13,1.22,1.12,1.1431,172275
01-25-2017,1.14,1.22,1.127,1.16,72876
01-26-2017,1.12,1.18,1.11,1.18,74617
01-27-2017,1.14,1.1673,1.07,1.14,250533
01-30-2017,1.17,1.2199,1.11,1.161,181809
01-31-2017,1.2,1.34,1.14,1.16,682457
02-01-2017,1.19,1.25,1.15,1.19,504975
02-02-2017,1.14,1.22,1.1,1.22,334670
02-03-2017,1.09,1.13,1.0088,1.13,261341
02-06-2017,1.15,1.15,1.1,1.1,247572
02-07-2017,1.18,1.2001,1.1,1.17,265474
02-08-2017,1.2,1.31,1.15,1.19,321564
02-09-2017,1.23,1.24,1.14,1.19,256560
02-10-2017,1.2,1.24,1.12,1.24,181157
02-13-2017,1.7,2.72,1.65,2.1,46782683
02-14-2017,2.02,2.15,1.8,1.85,13839894
02-15-2017,2.85,3.49,2.02,2.05,35339562
02-16-2017,3.07,3.539,2.8,2.95,30865111
02-17-2017,3.12,3.38,2.91,3.19,9148890
02-21-2017,2.87,3.18,2.63,3.07,4348548
02-22-2017,2.61,2.84,2.41,2.77,2832349
02-23-2017,2.2,2.66,2.2,2.65,2794325
02-24-2017,2.61,3,2.22,2.22,9606844
02-27-2017,2.5,2.71,2.46,2.5,1622187
02-28-2017,2.68,2.79,2.41,2.45,2205823
03-01-2017,2.56,2.77,2.5,2.51,1450919
03-02-2017,2.59,2.615,2.42,2.59,996619
03-03-2017,2.76,2.91,2.4,2.4,2167798
03-06-2017,2.53,2.74,2.44,2.65,1089572
03-07-2017,2.39,2.56,2.35,2.5,781156
03-08-2017,2.25,2.45,2.23,2.44,654732
03-09-2017,2.39,2.51,2.24,2.24,730722
03-10-2017,2.35,2.48,2.25,2.41,623649
03-13-2017,2.26,2.32,2.2,2.3,517428
03-14-2017,2.12,2.29,2.07,2.29,654002
03-15-2017,2.04,2.32,2,2.05,1313607
03-16-2017,1.72,2,1.67,2,5067729
03-17-2017,1.55,1.68,1.55,1.57,11585981
03-20-2017,1.66,1.74,1.56,1.6,4508147
03-21-2017,1.62,1.7,1.55,1.66,1838249
03-22-2017,1.7,1.75,1.6,1.64,1561981
03-23-2017,1.77,2.0699,1.71,1.79,3823411
03-24-2017,1.73,1.89,1.66,1.87,2264299
